9.624515e-02;6.012249e-02;1.533135e-01;5.917285e-02;5.500257e-02;5.222514e-02;9.515700e-02;1.062891e-01;7.729130e-02;5.813906e-02;1.230157e-01;6.402616e-02
7.844944e-02;6.893301e-02;9.739118e-02;7.431670e-02;6.062130e-02;6.339820e-02;7.253461e-02;1.111762e-01;7.880969e-02;1.050974e-01;1.458234e-01;4.344893e-02
4.787955e-02;6.600918e-02;8.845697e-02;1.039650e-01;8.069878e-02;5.516824e-02;7.451580e-02;7.846761e-02;5.909642e-02;1.728188e-01;1.278962e-01;4.502742e-02
5.033246e-02;7.313368e-02;7.050480e-02;1.295148e-01;1.043955e-01;5.415116e-02;3.742883e-02;4.551389e-02;8.805128e-02;2.118759e-01;9.156912e-02;4.352864e-02
5.065939e-02;7.108001e-02;7.262458e-02;1.326367e-01;1.197256e-01;8.750389e-02;3.600292e-02;4.463996e-02;9.112225e-02;1.659466e-01;8.530968e-02;4.274843e-02
4.495924e-02;5.341230e-02;8.250357e-02;1.289203e-01;1.452240e-01;1.630801e-01;6.132256e-02;3.361461e-02;5.548789e-02;1.282817e-01;7.221054e-02;3.098316e-02
5.955422e-02;6.194205e-02;8.343376e-02;8.219051e-02;1.117455e-01;2.105920e-01;7.637710e-02;3.306198e-02;6.915386e-02;1.099881e-01;5.127109e-02;5.068987e-02
4.227235e-02;8.259121e-02;6.873366e-02;8.860247e-02;1.929110e-01;1.160022e-01;8.894714e-02;3.355297e-02;6.739835e-02;1.216145e-01;4.044482e-02;5.692932e-02
5.023807e-02;7.104202e-02;7.447810e-02;7.253116e-02;1.443972e-01;1.393011e-01;1.001928e-01;3.870374e-02;7.394995e-02;1.565386e-01;2.545000e-02;5.317727e-02
6.918196e-02;4.776426e-02;6.725103e-02;9.951998e-02;1.220056e-01;1.655794e-01;8.895161e-02;4.959602e-02;7.473388e-02;1.422103e-01;3.857747e-02;3.462853e-02
7.238723e-02;7.128111e-02;7.854953e-02;1.786976e-01;1.086485e-01;2.017495e-01;5.072311e-02;3.285671e-02;4.356190e-02;8.408427e-02;5.016275e-02;2.729776e-02
7.052521e-02;1.022564e-01;7.740652e-02;1.750921e-01;1.023940e-01;1.943984e-01;2.014538e-02;3.264237e-02;6.584555e-02;7.631960e-02;4.602049e-02;3.695395e-02
9.724899e-02;1.514692e-01;8.108415e-02;1.031780e-01;1.137560e-01;1.362611e-01;3.250729e-02;4.354671e-02;8.934116e-02;5.974941e-02;4.745341e-02;4.440456e-02
9.932058e-02;1.782965e-01;8.465005e-02;5.898089e-02;1.566151e-01;6.445998e-02;6.769157e-02;3.975329e-02;7.498834e-02;7.905319e-02;4.523554e-02;5.095504e-02
9.321275e-02;1.647370e-01;1.571514e-01;8.601254e-02;1.016062e-01;5.814672e-02;9.299431e-02;3.461053e-02;5.673635e-02;7.543491e-02;2.948480e-02;4.987255e-02
1.051828e-01;1.281994e-01;2.136517e-01;1.020378e-01;8.657542e-02;5.770303e-02;8.229902e-02;2.731025e-02;6.694966e-02;7.614702e-02;2.187600e-02;3.206791e-02
9.424271e-02;8.061649e-02;1.853927e-01;1.143003e-01;1.371671e-01;1.063306e-01;7.726352e-02;3.160148e-02;6.309438e-02;5.907728e-02;1.759159e-02;3.332185e-02
6.464933e-02;8.824380e-02;2.235469e-01;1.543245e-01;1.175644e-01;1.041015e-01;5.877822e-02;2.673915e-02;4.246453e-02;6.077499e-02;2.826497e-02;3.054768e-02
7.715992e-02;6.101997e-02;2.557259e-01;1.635003e-01;6.122297e-02;6.106644e-02;7.503832e-02;3.764816e-02;5.004226e-02;7.773807e-02;3.739025e-02;4.244747e-02
1.019692e-01;6.498867e-02;2.268163e-01;1.049504e-01;4.032813e-02;5.970149e-02;9.622723e-02;5.298518e-02;6.942926e-02;7.302487e-02;5.981983e-02;4.975936e-02
1.264697e-01;6.885593e-02;2.250527e-01;6.725684e-02;5.402664e-02;5.578320e-02;8.339130e-02;4.160584e-02;8.763062e-02;5.309418e-02;7.265632e-02;6.417674e-02
7.987193e-02;6.117051e-02;1.832016e-01;5.193352e-02;7.815561e-02;6.288093e-02;1.361343e-01;3.894447e-02;9.907905e-02;7.234461e-02;6.210030e-02;7.418313e-02
1.918472e-02;4.095198e-02;1.277616e-01;8.168557e-02;8.018412e-02;8.336301e-02;1.719949e-01;3.130952e-02;9.497411e-02;8.723263e-02;9.887901e-02;8.247881e-02
3.624598e-02;4.072632e-02;9.015527e-02;8.191486e-02;5.843521e-02;1.152320e-01;1.523812e-01;3.554513e-02;6.991438e-02;8.095804e-02;1.540138e-01;8.447782e-02
2.946770e-02;3.442959e-02;1.032891e-01;5.121149e-02;5.498348e-02;1.463670e-01;1.151903e-01;3.083650e-02;4.315858e-02;9.014871e-02;2.258773e-01;7.504023e-02
4.441542e-02;2.296721e-02;1.425521e-01;3.311746e-02;5.690515e-02;1.279761e-01;1.021401e-01;3.158346e-02;4.076645e-02;1.133149e-01;2.267132e-01;5.754846e-02
3.369264e-02;2.920864e-02;1.637208e-01;4.988063e-02;6.307699e-02;9.129391e-02;9.263548e-02;3.288813e-02;5.537695e-02;1.488844e-01;1.758891e-01;6.345227e-02
5.648032e-02;3.037438e-02;1.233322e-01;3.946218e-02;4.180380e-02;8.811422e-02;1.819589e-01;2.148816e-02;5.218302e-02;1.059867e-01;1.754013e-01;8.341484e-02
6.983716e-02;3.171178e-02;7.607631e-02;3.425728e-02;3.871653e-02;9.067145e-02;2.087485e-01;2.790115e-02;4.617308e-02;7.425904e-02;1.784542e-01;1.231934e-01
7.241221e-02;4.437584e-02;6.855260e-02;3.030426e-02;3.319349e-02;7.200994e-02;2.380868e-01;3.608048e-02;3.920769e-02;6.376848e-02;1.466752e-01;1.553329e-01
7.505934e-02;5.084910e-02;9.131239e-02;3.605134e-02;2.345000e-02;6.169735e-02;2.559419e-01;2.471131e-02;4.585587e-02;5.784708e-02;1.170124e-01;1.602120e-01
6.681055e-02;4.877076e-02;9.165398e-02;2.715018e-02;3.356316e-02;7.420094e-02;1.918931e-01;5.466745e-02;5.123085e-02;6.847052e-02;1.652033e-01;1.263852e-01
3.643700e-02;3.722181e-02;1.176875e-01;2.307043e-02;5.454381e-02;7.105625e-02;9.863930e-02;5.859787e-02;4.972638e-02;1.243902e-01;2.446835e-01;8.394600e-02
5.197685e-02;3.939965e-02;9.076058e-02;4.425773e-02;5.577237e-02;6.395699e-02;6.897292e-02;4.863320e-02;5.568453e-02;1.430950e-01;2.574838e-01;8.000647e-02
5.966607e-02;6.511991e-02;1.087916e-01;6.036450e-02;4.857514e-02;4.074208e-02;6.062993e-02;7.446213e-02;6.530008e-02;1.359439e-01;1.981191e-01;8.228562e-02
7.511107e-02;6.659409e-02;9.290289e-02;6.860903e-02;4.970066e-02;4.351410e-02;7.189596e-02;8.066630e-02;7.443878e-02;1.276072e-01;1.647798e-01;8.418015e-02
4.903027e-02;6.276151e-02;9.565695e-02;7.552449e-02;7.110631e-02;7.900763e-02;1.173443e-01;7.592235e-02;5.568933e-02;1.242293e-01;1.175343e-01;7.619325e-02
2.957459e-02;8.681685e-02;1.005907e-01;6.608059e-02;8.648425e-02;1.152344e-01;9.972645e-02;6.915201e-02;5.866704e-02;1.310238e-01;9.757534e-02;5.907390e-02
3.490688e-02;7.641648e-02;1.117080e-01;4.776855e-02;8.392455e-02;1.461109e-01;9.314756e-02;5.626973e-02;8.310709e-02;1.162767e-01;9.216670e-02;5.819682e-02
6.222004e-02;4.742718e-02;1.114106e-01;4.070366e-02;7.596967e-02;1.471312e-01;7.259835e-02;5.567403e-02;9.075461e-02;1.374873e-01;8.486934e-02;7.375398e-02
7.312880e-02;5.779424e-02;1.080664e-01;6.434201e-02;8.214966e-02;9.249477e-02;9.808140e-02;6.103198e-02;6.876063e-02;1.400974e-01;7.516838e-02;7.888436e-02
9.023183e-02;7.416879e-02;9.254953e-02;7.891554e-02;1.157367e-01;9.717245e-02;8.654415e-02;6.318225e-02;7.183056e-02;8.350420e-02;8.861680e-02;5.754723e-02
4.647117e-02;6.821766e-02;7.659445e-02;6.044147e-02;1.373464e-01;1.097293e-01;5.759438e-02;7.079061e-02;9.727488e-02;6.160060e-02;1.292484e-01;8.469075e-02
6.837650e-02;6.896242e-02;9.077416e-02;5.661530e-02;1.152880e-01;8.512609e-02;7.749304e-02;6.168944e-02;1.113745e-01;8.036328e-02;8.871491e-02;9.522232e-02
1.031534e-01;8.351995e-02;1.800424e-01;3.292060e-02;6.646846e-02;4.678551e-02;4.632901e-02;5.106184e-02;1.571264e-01;8.797625e-02;8.568046e-02;5.893572e-02
1.226774e-01;7.879575e-02;1.685619e-01;4.108991e-02;3.925937e-02;2.537768e-02;9.882896e-02;9.791795e-02;1.226417e-01;8.614933e-02;6.202256e-02;5.667740e-02
1.421210e-01;6.292854e-02;1.192146e-01;3.565919e-02;2.348667e-02;2.993160e-02;1.480864e-01;1.574809e-01;9.531566e-02;7.290883e-02;4.413840e-02;6.872825e-02
1.334904e-01;3.972228e-02;8.108732e-02;2.756838e-02;1.648773e-02;3.528776e-02;2.327385e-01;2.148990e-01;3.987905e-02;5.682424e-02;2.740534e-02;9.461004e-02
8.848345e-02;2.194313e-02;4.990450e-02;4.152587e-02;1.437991e-02;4.321514e-02;3.231774e-01;1.792341e-01;1.804047e-02;5.254429e-02;2.418991e-02;1.433618e-01
6.348132e-02;1.223044e-02;4.839137e-02;6.690513e-02;1.567281e-02;4.112009e-02;3.679144e-01;1.061681e-01;1.972589e-02;5.553636e-02;2.782179e-02;1.750323e-01
4.948907e-02;2.173834e-02;3.994672e-02;9.124108e-02;1.573659e-02;4.957063e-02;3.658401e-01;6.706264e-02;1.775162e-02;5.000910e-02;2.903711e-02;2.025770e-01
4.117485e-02;2.524862e-02;2.175127e-02;1.059867e-01;2.243754e-02;5.798285e-02;3.358279e-01;5.510572e-02;1.895460e-02;3.861833e-02;4.305410e-02;2.338576e-01
4.232407e-02;3.568841e-02;3.141868e-02;1.038193e-01;1.883480e-02;5.086051e-02;3.057779e-01;3.874261e-02;1.886213e-02;3.764097e-02;4.532945e-02;2.707012e-01
8.060555e-02;4.265439e-02;4.461030e-02;1.004359e-01;1.185582e-02;4.180259e-02;2.773322e-01;3.835873e-02;1.803105e-02;3.798385e-02;5.062978e-02;2.556998e-01
8.715551e-02;2.955902e-02;6.837339e-02;9.362867e-02;1.963428e-02;6.652098e-02;2.506317e-01;2.708936e-02;1.565550e-02;4.549547e-02;6.838319e-02;2.278729e-01
9.979449e-02;3.626991e-02;7.623890e-02;6.388161e-02;2.771797e-02;8.746830e-02;1.886476e-01;3.418623e-02;2.739019e-02;6.424462e-02;8.998740e-02;2.041728e-01
6.654361e-02;1.551217e-02;8.918095e-02;5.770886e-02;3.136433e-02;1.047781e-01;1.195167e-01;4.343615e-02;3.052502e-02;9.045606e-02;1.627374e-01;1.882407e-01
6.052034e-02;3.475686e-02;8.592145e-02;4.076332e-02;2.571782e-02;8.907773e-02;9.759101e-02;4.557920e-02;3.350004e-02;1.173180e-01;2.180211e-01;1.512331e-01
6.316722e-02;4.514059e-02;6.799247e-02;2.344577e-02;3.321411e-02;6.749959e-02;1.316708e-01;5.128859e-02;3.592617e-02;1.473220e-01;1.987559e-01;1.345768e-01
3.459581e-02;3.487504e-02;3.923462e-02;2.644645e-02;5.532650e-02;4.585030e-02;1.860502e-01;7.028592e-02;4.685330e-02;1.691105e-01;1.627192e-01;1.286522e-01
5.959412e-02;3.225201e-02;8.705477e-02;5.374685e-02;6.351370e-02;4.909917e-02;1.853046e-01;3.776933e-02;6.471851e-02;1.431698e-01;1.170861e-01;1.066910e-01
8.204629e-02;3.087158e-02;1.353366e-01;5.978001e-02;6.758815e-02;6.302299e-02;1.199788e-01;4.896820e-02;5.600343e-02;1.098945e-01;1.117160e-01;1.147935e-01
6.775583e-02;4.659612e-02;1.085121e-01;9.022536e-02;9.493721e-02;5.220976e-02;8.347484e-02;5.473881e-02;7.913142e-02;1.017341e-01;8.918288e-02;1.315015e-01
1.171288e-01;5.591520e-02;1.314709e-01;1.094433e-01;9.291051e-02;5.616432e-02;6.245378e-02;7.182198e-02;1.102992e-01;6.954034e-02;6.629839e-02;5.655323e-02
1.112117e-01;7.403000e-02;9.995271e-02;6.996231e-02;6.192007e-02;7.140671e-02;1.103151e-01;6.510599e-02;9.401026e-02;8.013201e-02;8.649264e-02;7.546046e-02
1.045758e-01;1.021576e-01;8.909267e-02;6.126973e-02;6.729080e-02;7.784657e-02;1.012736e-01;4.354705e-02;8.569741e-02;1.013449e-01;7.972559e-02;8.617825e-02
1.064428e-01;1.050591e-01;1.764057e-01;6.573079e-02;6.712289e-02;6.384770e-02;9.127877e-02;3.731819e-02;5.677729e-02;1.000914e-01;5.263951e-02;7.728592e-02
1.480263e-01;8.880677e-02;1.799415e-01;5.116899e-02;4.788912e-02;3.839540e-02;1.069001e-01;4.114190e-02;3.478138e-02;9.360369e-02;8.037588e-02;8.896897e-02
1.256334e-01;5.897769e-02;1.537238e-01;3.619859e-02;3.626341e-02;5.292328e-02;9.588332e-02;3.152292e-02;3.548074e-02;1.007541e-01;1.739371e-01;9.870172e-02
7.084130e-02;5.903786e-02;9.744131e-02;2.786657e-02;2.419288e-02;7.410711e-02;6.389764e-02;2.268077e-02;4.214592e-02;1.050658e-01;2.983111e-01;1.144118e-01
8.897046e-02;4.447300e-02;1.112501e-01;2.435265e-02;1.838813e-02;6.904157e-02;6.955752e-02;1.471721e-02;3.897737e-02;9.247202e-02;2.977597e-01;1.300402e-01
3.647757e-02;3.796259e-02;1.234689e-01;2.121117e-02;1.977870e-02;7.159607e-02;7.429770e-02;1.402301e-02;3.492831e-02;9.285330e-02;3.198087e-01;1.535939e-01
6.977309e-02;2.414335e-02;1.252333e-01;1.391274e-02;1.500580e-02;6.056388e-02;7.156673e-02;1.613966e-02;3.615477e-02;9.911135e-02;3.176401e-01;1.507552e-01
6.085234e-02;2.016493e-02;1.014718e-01;7.398538e-03;2.652801e-02;6.347561e-02;5.702209e-02;1.685145e-02;4.345244e-02;1.198589e-01;3.600989e-01;1.228250e-01
2.805647e-02;1.782741e-02;8.399569e-02;1.833684e-02;2.282837e-02;6.627823e-02;6.727075e-02;1.696672e-02;4.684965e-02;1.471697e-01;3.976340e-01;8.678619e-02
3.799992e-02;1.335645e-02;1.036666e-01;1.005036e-02;1.733787e-02;5.666073e-02;4.559863e-02;1.923707e-02;4.737925e-02;1.598031e-01;4.085431e-01;8.036691e-02
2.464495e-02;2.591950e-02;8.966646e-02;1.221821e-02;1.732098e-02;5.198612e-02;2.922214e-02;1.307375e-02;4.900059e-02;1.766931e-01;4.206791e-01;8.957513e-02
6.627280e-02;1.358784e-02;8.815821e-02;9.828997e-03;1.712292e-02;6.106938e-02;1.720464e-02;1.376513e-02;6.358302e-02;1.601767e-01;3.909931e-01;9.823731e-02
2.632550e-02;1.902962e-02;9.128925e-02;1.680742e-02;1.596923e-02;7.232804e-02;2.889233e-02;1.883050e-02;7.112606e-02;1.645036e-01;3.806164e-01;9.428197e-02
4.402933e-02;1.644188e-02;7.871381e-02;1.916079e-02;1.404413e-02;9.132131e-02;1.540126e-02;1.122023e-02;6.641951e-02;1.699763e-01;3.874703e-01;8.580115e-02
3.884575e-02;2.219146e-02;8.575132e-02;1.582153e-02;1.384850e-02;1.028283e-01;3.058117e-02;2.023320e-02;4.363765e-02;1.735939e-01;3.754295e-01;7.723773e-02
4.681396e-02;3.005083e-02;1.175868e-01;1.974329e-02;1.633402e-02;9.210142e-02;3.137091e-02;1.987090e-02;5.342717e-02;1.649488e-01;3.336142e-01;7.413763e-02
5.143221e-02;2.863233e-02;8.565931e-02;1.372599e-02;2.458294e-02;9.168255e-02;2.168679e-02;1.869642e-02;6.441696e-02;1.685234e-01;3.489706e-01;8.199049e-02
3.105468e-02;2.514861e-02;9.799837e-02;1.550249e-02;2.268192e-02;9.660679e-02;1.490049e-02;1.489586e-02;6.664081e-02;1.717079e-01;3.695631e-01;7.329899e-02
4.382135e-02;1.337991e-02;8.846197e-02;1.078810e-02;1.524640e-02;9.305868e-02;2.279705e-02;1.297596e-02;7.601435e-02;1.636625e-01;3.833887e-01;7.640500e-02
3.891534e-02;1.204898e-02;7.423618e-02;1.435811e-02;1.250897e-02;7.871782e-02;2.850307e-02;1.392226e-02;8.259494e-02;1.562126e-01;3.968731e-01;9.110861e-02
3.575375e-02;2.383240e-02;1.055703e-01;1.208122e-02;1.380272e-02;5.138725e-02;3.156335e-02;1.162930e-02;7.908093e-02;1.413453e-01;3.972143e-01;9.673922e-02
2.983534e-02;2.109121e-02;9.098051e-02;1.290230e-02;2.673570e-02;6.519178e-02;3.073670e-02;1.202871e-02;8.067649e-02;1.415210e-01;3.839231e-01;1.043772e-01
3.328158e-02;1.661169e-02;1.275385e-01;1.679100e-02;3.164957e-02;8.657542e-02;2.831730e-02;1.272312e-02;7.438876e-02;1.308214e-01;3.348060e-01;1.064957e-01
2.112793e-02;1.552212e-02;1.205420e-01;1.566982e-02;2.882610e-02;1.092958e-01;5.210990e-02;1.655770e-02;7.563978e-02;1.257790e-01;3.172224e-01;1.017073e-01
3.622626e-02;1.987694e-02;1.265385e-01;1.695147e-02;2.417750e-02;9.536776e-02;6.459410e-02;1.782372e-02;7.703941e-02;1.242417e-01;2.903884e-01;1.067742e-01
2.642589e-02;1.715708e-02;1.076114e-01;1.486126e-02;3.005351e-02;8.765344e-02;8.893138e-02;1.124233e-02;9.164432e-02;1.244254e-01;2.813504e-01;1.186436e-01
4.306531e-02;2.472453e-02;9.275838e-02;1.581625e-02;3.906019e-02;7.351854e-02;1.205066e-01;1.587180e-02;7.757684e-02;1.136808e-01;2.365448e-01;1.468759e-01
4.195916e-02;2.831650e-02;9.090593e-02;2.504670e-02;3.416434e-02;5.857133e-02;1.428822e-01;2.351972e-02;4.183576e-02;1.184744e-01;2.233698e-01;1.709542e-01
7.021616e-02;3.554996e-02;9.292435e-02;2.097259e-02;3.107259e-02;5.304921e-02;1.392081e-01;1.806485e-02;3.643546e-02;1.099199e-01;2.168657e-01;1.757212e-01
6.364773e-02;3.491870e-02;8.197979e-02;2.771208e-02;2.844311e-02;4.807722e-02;1.442196e-01;1.290340e-02;3.758570e-02;1.076967e-01;2.156366e-01;1.971793e-01
8.754426e-02;3.742931e-02;5.513359e-02;3.700209e-02;3.322667e-02;3.078776e-02;1.434818e-01;2.015268e-02;4.150304e-02;1.013414e-01;2.108375e-01;2.015598e-01
7.777028e-02;2.467921e-02;9.428284e-02;3.311602e-02;3.727746e-02;3.001548e-02;1.522764e-01;1.258982e-02;3.875685e-02;9.648620e-02;1.915682e-01;2.111813e-01
9.280247e-02;3.601863e-02;8.095408e-02;2.603713e-02;2.776259e-02;1.878046e-02;1.580559e-01;2.746690e-02;3.283611e-02;9.524816e-02;1.927147e-01;2.113229e-01
1.002592e-01;2.035057e-02;7.217995e-02;5.230661e-02;2.542816e-02;2.861473e-02;1.676792e-01;2.173699e-02;3.710704e-02;9.051305e-02;1.800217e-01;2.038028e-01
5.815529e-02;5.309682e-02;5.723590e-02;6.673228e-02;3.780082e-02;2.908520e-02;1.825023e-01;4.767191e-02;6.471927e-02;1.034666e-01;1.383085e-01;1.612251e-01
1.828869e-01;7.192723e-02;9.760896e-02;6.221503e-02;3.348279e-02;3.713937e-02;1.402391e-01;4.083345e-02;5.900542e-02;7.275909e-02;8.659852e-02;1.153041e-01
3.168737e-01;6.525741e-02;7.474989e-02;4.714437e-02;2.254814e-02;3.313088e-02;1.207676e-01;3.313170e-02;3.905211e-02;5.803228e-02;6.670453e-02;1.226074e-01
3.937845e-01;3.408799e-02;9.752981e-02;2.836885e-02;1.281817e-02;2.289228e-02;1.003791e-01;8.367617e-02;1.866449e-02;4.529373e-02;4.404856e-02;1.184564e-01
4.513115e-01;6.283519e-02;1.038847e-01;1.330218e-02;1.291205e-02;1.382110e-02;6.566998e-02;1.109252e-01;1.135968e-02;3.138974e-02;2.977474e-02;9.281390e-02
4.762590e-01;1.090732e-01;1.183559e-01;7.812968e-03;1.723513e-02;9.214903e-03;3.323892e-02;1.056194e-01;1.347425e-02;1.902931e-02;2.614449e-02;6.454264e-02
4.657100e-01;1.549083e-01;1.483785e-01;6.656776e-03;2.099932e-02;7.773073e-03;1.704958e-02;8.082191e-02;1.408795e-02;1.305391e-02;2.329210e-02;4.726855e-02
4.306049e-01;1.910419e-01;1.737741e-01;9.176540e-03;2.049400e-02;1.025670e-02;1.380868e-02;5.453604e-02;3.364276e-02;1.064769e-02;1.945248e-02;3.256427e-02
3.697798e-01;2.420335e-01;2.100570e-01;1.356912e-02;8.700521e-03;1.337786e-02;6.613946e-03;3.165003e-02;6.163927e-02;7.264912e-03;1.586973e-02;1.944446e-02
2.934726e-01;2.762224e-01;2.586083e-01;1.577528e-02;7.458709e-03;1.371084e-02;4.214442e-03;1.561969e-02;8.325585e-02;5.961064e-03;9.081691e-03;1.661908e-02
2.149757e-01;2.794926e-01;3.276329e-01;1.757697e-02;7.275555e-03;2.194112e-02;7.444771e-03;6.770246e-03;8.783508e-02;8.249523e-03;5.919421e-03;1.488610e-02
1.283741e-01;2.424673e-01;4.400960e-01;1.857776e-02;1.221647e-02;2.732443e-02;1.086217e-02;7.285783e-03;8.177882e-02;1.479314e-02;3.700136e-03;1.252395e-02
3.860576e-02;1.816557e-01;5.831208e-01;2.150812e-02;8.288893e-03;2.288306e-02;1.550869e-02;1.039362e-02;6.914435e-02;2.589345e-02;5.798899e-03;1.719861e-02
4.080065e-02;1.376608e-01;6.314057e-01;2.367348e-02;1.099107e-02;1.456513e-02;1.053590e-02;9.419733e-03;4.854887e-02;5.186194e-02;5.317351e-03;1.521942e-02
3.584160e-02;9.628865e-02;6.663339e-01;2.814492e-02;1.943002e-02;6.590081e-03;1.343556e-02;7.667065e-03;2.490804e-02;8.769324e-02;5.917513e-03;7.749392e-03
2.193307e-02;6.511391e-02;6.964690e-01;3.424907e-02;2.373168e-02;6.312841e-03;2.168232e-02;7.105925e-03;1.350034e-02;9.597907e-02;7.735779e-03;6.186943e-03
2.489208e-02;6.607575e-02;7.201752e-01;3.615223e-02;2.338601e-02;4.063463e-03;2.426881e-02;8.383239e-03;5.834975e-03;7.482016e-02;6.019239e-03;5.928862e-03
1.515254e-02;4.496033e-02;7.601035e-01;4.477729e-02;2.926320e-02;8.009722e-03;2.190721e-02;6.768655e-03;5.211426e-03;5.223972e-02;5.499891e-03;6.106503e-03
1.424172e-02;3.557152e-02;7.679444e-01;4.904684e-02;3.774169e-02;9.636320e-03;2.470154e-02;6.910566e-03;4.714331e-03;3.536225e-02;8.556847e-03;5.571982e-03
1.764446e-02;3.901429e-02;7.602856e-01;4.660347e-02;4.273059e-02;9.839418e-03;2.571705e-02;4.970784e-03;8.549885e-03;2.735146e-02;9.568395e-03;7.724659e-03
1.437491e-02;4.608710e-02;7.817317e-01;4.230488e-02;3.238053e-02;6.126833e-03;1.793540e-02;5.701524e-03;1.264003e-02;2.406657e-02;8.494834e-03;8.155682e-03
1.681769e-02;5.748289e-02;7.934005e-01;3.749772e-02;1.820668e-02;5.216850e-03;1.476988e-02;6.447208e-03;1.370458e-02;2.304121e-02;7.055466e-03;6.359329e-03
2.192860e-02;6.108966e-02;7.772275e-01;3.528035e-02;1.646419e-02;6.543965e-03;1.373609e-02;8.195525e-03;1.202028e-02;2.759665e-02;1.163653e-02;8.280628e-03
1.499862e-02;5.973857e-02;7.418300e-01;4.035743e-02;3.424530e-02;1.605531e-02;2.195806e-02;7.011026e-03;9.902749e-03;3.217968e-02;1.215146e-02;9.571774e-03
1.393872e-02;4.255182e-02;7.142321e-01;4.452864e-02;4.290440e-02;2.136652e-02;3.436276e-02;1.012368e-02;1.410575e-02;3.609230e-02;1.412292e-02;1.167040e-02
1.660381e-02;4.239241e-02;7.280506e-01;4.653541e-02;3.557146e-02;1.277260e-02;2.996773e-02;1.474719e-02;1.415277e-02;3.175015e-02;1.678984e-02;1.066604e-02
2.013913e-02;4.428931e-02;7.070359e-01;4.628254e-02;3.305707e-02;1.557431e-02;3.413486e-02;1.726816e-02;1.903303e-02;2.815058e-02;2.176355e-02;1.327157e-02
2.582194e-02;2.935353e-02;6.758612e-01;4.811892e-02;4.509595e-02;2.297961e-02;5.621568e-02;1.398257e-02;2.105242e-02;2.523822e-02;1.771719e-02;1.856275e-02
4.899221e-02;4.501357e-02;5.608429e-01;4.700707e-02;4.906962e-02;4.426481e-02;6.689791e-02;2.418585e-02;2.942900e-02;3.074548e-02;3.265015e-02;2.090148e-02
7.836630e-02;7.715523e-02;3.677627e-01;7.174642e-02;5.825514e-02;6.805500e-02;7.292941e-02;5.475287e-02;3.251998e-02;4.588307e-02;3.690426e-02;3.566966e-02
7.327558e-02;8.448388e-02;2.722273e-01;7.267493e-02;7.761461e-02;5.612135e-02;6.441087e-02;8.091085e-02;6.708784e-02;8.004746e-02;2.904426e-02;4.210100e-02
4.123553e-02;7.694622e-02;2.109747e-01;6.159288e-02;8.443014e-02;4.763683e-02;8.886118e-02;9.265244e-02;1.091934e-01;1.037500e-01;4.617361e-02;3.655298e-02
3.770173e-02;7.585660e-02;1.991198e-01;5.782029e-02;6.821953e-02;5.317623e-02;1.141513e-01;9.152613e-02;1.067659e-01;1.049048e-01;5.341215e-02;3.734567e-02
6.159210e-02;8.316369e-02;1.895954e-01;1.244546e-01;8.831321e-02;6.108539e-02;6.769632e-02;7.611475e-02;7.048332e-02;8.848511e-02;4.211361e-02;4.690252e-02
6.020503e-02;1.098068e-01;1.646155e-01;1.619476e-01;1.160062e-01;5.192073e-02;7.393890e-02;4.659844e-02;6.598610e-02;6.985495e-02;3.909861e-02;4.002117e-02
4.941861e-02;1.373397e-01;1.926731e-01;1.725590e-01;1.368128e-01;4.246185e-02;7.774590e-02;2.704918e-02;5.026883e-02;4.474183e-02;3.009533e-02;3.883389e-02
3.587197e-02;1.532352e-01;2.809180e-01;1.284348e-01;1.333714e-01;5.060105e-02;4.916370e-02;3.180583e-02;2.575758e-02;3.802134e-02;3.160165e-02;4.121744e-02
4.156881e-02;1.152427e-01;2.896802e-01;9.168066e-02;9.204177e-02;5.589227e-02;5.991865e-02;4.524272e-02;4.897178e-02;8.182452e-02;4.030385e-02;3.763208e-02
5.293019e-02;7.456151e-02;2.174854e-01;8.263194e-02;9.052048e-02;5.203257e-02;7.309800e-02;2.901056e-02;1.063582e-01;1.120213e-01;7.357880e-02;3.577101e-02
4.739062e-02;6.611545e-02;2.545924e-01;6.121191e-02;6.292220e-02;4.194787e-02;9.939709e-02;4.066223e-02;6.958842e-02;1.010965e-01;1.114162e-01;4.365906e-02
3.798597e-02;7.781606e-02;2.247810e-01;4.385734e-02;4.502939e-02;3.445156e-02;8.566075e-02;4.977966e-02;4.617437e-02;1.370693e-01;1.634681e-01;5.392643e-02
4.111746e-02;6.985990e-02;1.190752e-01;3.323953e-02;3.962916e-02;2.737955e-02;5.336845e-02;5.170017e-02;6.413167e-02;2.229222e-01;2.215358e-01;5.604095e-02
5.510650e-02;4.305378e-02;8.769362e-02;3.559319e-02;5.032333e-02;3.038447e-02;4.812254e-02;3.815924e-02;6.546968e-02;2.742306e-01;2.240201e-01;4.784289e-02
5.300150e-02;5.914339e-02;8.873197e-02;4.140645e-02;4.123757e-02;2.334294e-02;4.552261e-02;3.809806e-02;6.313492e-02;2.971952e-01;2.087802e-01;4.040522e-02
4.905067e-02;5.568102e-02;9.523270e-02;5.316252e-02;4.473398e-02;4.746076e-02;3.817464e-02;5.282900e-02;7.281464e-02;2.779892e-01;1.760955e-01;3.677540e-02
5.525737e-02;4.629379e-02;1.765905e-01;5.405129e-02;5.259323e-02;5.917370e-02;7.526712e-02;4.731944e-02;8.312773e-02;1.818647e-01;1.270786e-01;4.138253e-02
6.438196e-02;5.286783e-02;1.851244e-01;5.517299e-02;6.588767e-02;5.090234e-02;1.216851e-01;5.137669e-02;7.028418e-02;1.162215e-01;1.239534e-01;4.214191e-02
6.287116e-02;7.632376e-02;1.283237e-01;3.394015e-02;6.517519e-02;6.274737e-02;1.207970e-01;5.475717e-02;5.891733e-02;1.392061e-01;1.614934e-01;3.544761e-02
4.336131e-02;1.090904e-01;4.661983e-02;2.520974e-02;7.242212e-02;6.731030e-02;1.049625e-01;4.257684e-02;5.743549e-02;2.154414e-01;1.817484e-01;3.382169e-02
3.075601e-02;1.546062e-01;3.309860e-02;2.478272e-02;9.043214e-02;3.856626e-02;7.054281e-02;3.104811e-02;5.818702e-02;2.908037e-01;1.275770e-01;4.959942e-02
4.374472e-02;1.896051e-01;3.800993e-02;2.028855e-02;9.595264e-02;2.352075e-02;3.542170e-02;2.267138e-02;6.332909e-02;3.346377e-01;8.752355e-02;4.529484e-02
7.557267e-02;1.872524e-01;4.174502e-02;2.805461e-02;9.615614e-02;2.081231e-02;3.068852e-02;2.615403e-02;7.546553e-02;3.203587e-01;6.198351e-02;3.575662e-02
1.103142e-01;1.439620e-01;5.837568e-02;4.330372e-02;8.518782e-02;1.879490e-02;3.349799e-02;3.173195e-02;1.210899e-01;2.673891e-01;6.594336e-02;2.040940e-02
1.378247e-01;1.218724e-01;5.444705e-02;4.228270e-02;8.148225e-02;2.335366e-02;4.139658e-02;1.819079e-02;1.820012e-01;2.114607e-01;6.550795e-02;2.017992e-02
1.346644e-01;7.941775e-02;4.823462e-02;4.636753e-02;9.089079e-02;2.393698e-02;4.039128e-02;2.344834e-02;1.765507e-01;2.469475e-01;6.503956e-02;2.411052e-02
1.072358e-01;7.201675e-02;5.222613e-02;4.433883e-02;8.977247e-02;1.342589e-02;4.000258e-02;2.498504e-02;1.921965e-01;2.795733e-01;5.691293e-02;2.731378e-02
8.848066e-02;8.828808e-02;4.923961e-02;4.295760e-02;1.070166e-01;9.686189e-03;3.079160e-02;2.868264e-02;1.618862e-01;3.066513e-01;5.190535e-02;3.441421e-02
4.785255e-02;1.062630e-01;5.482798e-02;5.465693e-02;1.382439e-01;1.290735e-02;1.220572e-02;2.308398e-02;1.329041e-01;3.301584e-01;5.359698e-02;3.329910e-02
1.060711e-02;1.067707e-01;6.720672e-02;8.389466e-02;1.510172e-01;2.145476e-02;2.011283e-02;2.228019e-02;1.085241e-01;3.207593e-01;5.815350e-02;2.921899e-02
2.428872e-02;9.129180e-02;1.262015e-01;1.010716e-01;1.339756e-01;2.410092e-02;5.694191e-02;2.125155e-02;9.021392e-02;2.497614e-01;5.436810e-02;2.653297e-02
2.334261e-02;8.468754e-02;1.794325e-01;8.556259e-02;1.218328e-01;4.336250e-02;1.064781e-01;1.725324e-02;8.482831e-02;1.729329e-01;5.378556e-02;2.650131e-02
2.732969e-02;1.006882e-01;1.373920e-01;7.369827e-02;1.325163e-01;7.269396e-02;1.408622e-01;2.817794e-02;9.814774e-02;1.012379e-01;5.121156e-02;3.604430e-02
7.860760e-02;1.386151e-01;8.521743e-02;1.001151e-01;1.238823e-01;9.607429e-02;8.910784e-02;5.739339e-02;8.196431e-02;6.797281e-02;4.954690e-02;3.150290e-02
1.064621e-01;1.561012e-01;8.348043e-02;8.907720e-02;9.497474e-02;9.175479e-02;1.013922e-01;5.024154e-02;6.127346e-02;7.656901e-02;5.304452e-02;3.562877e-02
1.232296e-01;1.317944e-01;1.362550e-01;1.119789e-01;6.157906e-02;6.654066e-02;8.226003e-02;4.661117e-02;5.214106e-02;8.844016e-02;4.420293e-02;5.496706e-02
1.018451e-01;6.074355e-02;1.474077e-01;1.004193e-01;5.302305e-02;4.407641e-02;1.011996e-01;4.756135e-02;6.420099e-02;1.204721e-01;9.934407e-02;5.970677e-02
1.041677e-01;4.587288e-02;1.791390e-01;6.295721e-02;4.641893e-02;4.053775e-02;1.015730e-01;3.692829e-02;6.811907e-02;1.247436e-01;1.285695e-01;6.097310e-02
1.061998e-01;5.596977e-02;1.605780e-01;5.242116e-02;6.071102e-02;4.000662e-02;1.344585e-01;3.521965e-02;5.659233e-02;1.350269e-01;1.059410e-01;5.687508e-02
9.900739e-02;6.230184e-02;1.217681e-01;5.619641e-02;6.731416e-02;5.996485e-02;1.703970e-01;2.926979e-02;6.133358e-02;1.506508e-01;8.271862e-02;3.907736e-02
9.567592e-02;6.668133e-02;9.607235e-02;5.466215e-02;8.717013e-02;8.705270e-02;1.228686e-01;4.209567e-02;8.958651e-02;1.627537e-01;7.445185e-02;2.092907e-02
1.119008e-01;6.978980e-02;1.951267e-01;5.226967e-02;1.034293e-01;6.481898e-02;6.079939e-02;4.649088e-02;5.708827e-02;1.251384e-01;7.766604e-02;3.548184e-02
1.285263e-01;5.975015e-02;2.469500e-01;5.400212e-02;7.629433e-02;4.744411e-02;7.836488e-02;4.806192e-02;3.478040e-02;1.124820e-01;8.344357e-02;2.990010e-02
1.398723e-01;7.843510e-02;2.126028e-01;7.157341e-02;5.048670e-02;5.118921e-02;6.128059e-02;4.673041e-02;3.804104e-02;1.283254e-01;9.328117e-02;2.818182e-02
1.436356e-01;9.415434e-02;1.916577e-01;8.522761e-02;8.204960e-02;3.887277e-02;7.046837e-02;2.929709e-02;3.595100e-02;1.165571e-01;7.665098e-02;3.547788e-02
1.520426e-01;8.910476e-02;1.858876e-01;7.350424e-02;8.707549e-02;3.763440e-02;7.788184e-02;2.957788e-02;3.962533e-02;1.245442e-01;6.846265e-02;3.465894e-02
1.561561e-01;1.145019e-01;1.365956e-01;3.690976e-02;1.041661e-01;4.563044e-02;6.112883e-02;3.020657e-02;4.210502e-02;1.428344e-01;8.877186e-02;4.099341e-02
1.325818e-01;1.308431e-01;1.290312e-01;3.942193e-02;1.301413e-01;5.648646e-02;4.437855e-02;2.429791e-02;3.294623e-02;1.405427e-01;8.883783e-02;5.049086e-02
9.505251e-02;1.361760e-01;7.951314e-02;4.167227e-02;1.222816e-01;8.109441e-02;6.367861e-02;2.555728e-02;4.492977e-02;1.578876e-01;9.602175e-02;5.613512e-02
6.897009e-02;1.307965e-01;9.278383e-02;2.782321e-02;1.173883e-01;8.000219e-02;9.010592e-02;4.032004e-02;3.717335e-02;1.581955e-01;9.735765e-02;5.908337e-02
4.419556e-02;1.571110e-01;8.186758e-02;2.976193e-02;1.266304e-01;6.856140e-02;8.642568e-02;5.628910e-02;2.818014e-02;1.633894e-01;1.088354e-01;4.875237e-02
7.996344e-02;1.589171e-01;1.379153e-01;2.836013e-02;1.196850e-01;5.612587e-02;5.361691e-02;5.138595e-02;3.457773e-02;1.331324e-01;1.022066e-01;4.411356e-02
8.541577e-02;1.446039e-01;1.766895e-01;4.060509e-02;8.931746e-02;5.305817e-02;1.053281e-01;3.345547e-02;2.273480e-02;1.038691e-01;1.028372e-01;4.208556e-02
1.347704e-01;1.133316e-01;2.224313e-01;3.811330e-02;4.774117e-02;3.785951e-02;1.254690e-01;2.006988e-02;2.709902e-02;8.232148e-02;1.038430e-01;4.695050e-02
1.778222e-01;9.241172e-02;2.054583e-01;3.873446e-02;3.799983e-02;2.678136e-02;1.120623e-01;2.250352e-02;4.439209e-02;8.018857e-02;1.013551e-01;6.029059e-02
1.890868e-01;1.000732e-01;1.309883e-01;4.721502e-02;7.545388e-02;4.772453e-02;7.792035e-02;2.590401e-02;7.613987e-02;8.879194e-02;9.097051e-02;4.973162e-02
1.426000e-01;7.701650e-02;1.337001e-01;6.556148e-02;9.219578e-02;6.903510e-02;9.078072e-02;4.370686e-02;8.931115e-02;9.395336e-02;5.953079e-02;4.260814e-02
1.310229e-01;7.606348e-02;9.797153e-02;7.960316e-02;1.004918e-01;5.285333e-02;1.217181e-01;4.896517e-02;1.130476e-01;8.987230e-02;4.748872e-02;4.090199e-02
1.009032e-01;7.865996e-02;1.259264e-01;5.818046e-02;9.854672e-02;7.161596e-02;1.151916e-01;4.521330e-02;1.124365e-01;9.362704e-02;6.695343e-02;3.274537e-02
8.100826e-02;5.457688e-02;1.668404e-01;6.570181e-02;9.262171e-02;1.096093e-01;1.084743e-01;3.192386e-02;5.995246e-02;9.023904e-02;9.119543e-02;4.785661e-02
7.470091e-02;8.430508e-02;1.795427e-01;4.908823e-02;6.741682e-02;1.160628e-01;1.176994e-01;4.865954e-02;4.897502e-02;8.806368e-02;8.566059e-02;3.982520e-02
9.520376e-02;7.717834e-02;1.320532e-01;4.735489e-02;6.915948e-02;1.152155e-01;1.109341e-01;5.381639e-02;8.068274e-02;1.248839e-01;5.237850e-02;4.113911e-02
1.065843e-01;5.562361e-02;1.031621e-01;5.333513e-02;6.350319e-02;1.097079e-01;1.154326e-01;4.523112e-02;1.148142e-01;1.639415e-01;2.291645e-02;4.574788e-02
8.137497e-02;4.457829e-02;1.017261e-01;4.704940e-02;1.187315e-01;1.158167e-01;9.508396e-02;6.091908e-02;1.172985e-01;1.426945e-01;3.894530e-02;3.578163e-02
8.976159e-02;5.845450e-02;8.857145e-02;5.589307e-02;1.122984e-01;1.219352e-01;9.764041e-02;7.748455e-02;9.798317e-02;1.191975e-01;5.632901e-02;2.445120e-02
9.844745e-02;6.278946e-02;9.794640e-02;5.294838e-02;8.951954e-02;8.522978e-02;9.061288e-02;9.468124e-02;1.101902e-01;1.099803e-01;6.110460e-02;4.654975e-02
