7.722452e-02;8.078919e-02;7.822233e-02;6.648076e-02;4.688044e-02;2.106385e-01;8.875263e-02;1.564302e-01;7.529561e-02;3.269704e-02;4.069558e-02;4.589320e-02
9.352054e-02;1.031558e-01;1.312682e-01;5.280175e-02;4.583330e-02;1.165001e-01;7.220557e-02;8.507464e-02;6.932992e-02;6.049145e-02;9.773915e-02;7.207962e-02
9.257874e-02;9.199564e-02;1.308817e-01;4.963564e-02;7.058743e-02;1.016349e-01;8.303657e-02;6.540644e-02;7.294247e-02;3.758064e-02;1.293304e-01;7.438930e-02
7.341520e-02;7.499046e-02;9.758192e-02;5.968494e-02;9.827660e-02;9.059564e-02;7.509270e-02;8.073313e-02;8.826604e-02;6.942316e-02;1.315666e-01;6.037359e-02
1.048217e-01;6.580457e-02;8.573728e-02;6.522608e-02;9.687085e-02;6.191947e-02;7.631081e-02;8.922900e-02;1.078405e-01;9.397204e-02;9.471623e-02;5.755147e-02
1.064055e-01;7.426729e-02;6.906672e-02;7.732286e-02;1.101977e-01;7.653362e-02;6.384345e-02;6.834565e-02;1.306812e-01;1.210918e-01;6.286792e-02;3.937636e-02
8.374979e-02;5.971305e-02;4.926416e-02;1.085894e-01;1.326337e-01;7.602837e-02;4.101002e-02;9.684394e-02;1.280110e-01;1.214611e-01;5.784477e-02;4.485064e-02
9.634546e-02;5.272448e-02;4.947799e-02;1.265840e-01;1.222875e-01;8.449158e-02;3.048889e-02;1.266522e-01;9.970850e-02;9.808916e-02;6.085568e-02;5.229456e-02
4.882886e-02;8.517101e-02;1.056939e-01;1.156041e-01;8.272433e-02;9.799498e-02;5.058369e-02;1.157106e-01;9.191177e-02;1.110785e-01;5.299549e-02;4.170277e-02
4.013960e-02;4.222782e-02;1.293997e-01;8.358727e-02;5.777868e-02;1.218894e-01;3.183364e-02;1.267800e-01;1.325424e-01;9.100755e-02;6.865561e-02;7.415839e-02
4.874155e-02;4.746875e-02;1.393507e-01;6.399639e-02;9.051518e-02;1.252142e-01;5.797785e-02;1.094533e-01;1.433307e-01;7.907123e-02;3.478675e-02;6.009329e-02
8.776917e-02;8.337511e-02;1.549314e-01;6.129450e-02;6.548212e-02;1.201549e-01;7.874105e-02;9.109848e-02;1.218115e-01;4.483824e-02;3.287479e-02;5.762872e-02
9.815466e-02;1.058673e-01;1.466897e-01;6.853010e-02;3.526121e-02;1.495674e-01;5.841334e-02;1.074873e-01;7.323861e-02;5.120331e-02;2.892333e-02;7.666375e-02
4.477598e-02;9.270055e-02;8.817917e-02;7.359005e-02;2.444104e-02;8.680654e-02;2.045407e-01;1.154443e-01;3.974265e-02;2.260596e-02;5.351093e-02;1.536622e-01
2.920631e-02;8.042125e-02;2.833469e-02;1.070095e-01;3.342912e-02;4.804919e-02;2.895103e-01;1.080616e-01;2.339549e-02;2.160140e-02;3.394349e-02;1.970378e-01
3.335206e-02;8.882839e-02;2.374004e-02;1.192405e-01;3.027970e-02;2.315981e-02;3.198513e-01;1.024867e-01;1.888116e-02;1.901310e-02;1.297193e-02;2.081954e-01
2.459624e-02;9.841020e-02;2.178490e-02;1.149949e-01;2.375895e-02;2.453883e-02;3.461781e-01;8.556680e-02;1.903392e-02;1.212043e-02;1.606133e-02;2.129554e-01
3.173109e-02;9.712408e-02;2.095883e-02;9.009241e-02;2.516846e-02;8.999093e-02;3.416202e-01;4.430879e-02;2.404147e-02;9.786825e-03;2.680041e-02;1.983764e-01
2.924184e-02;7.815056e-02;3.542797e-02;4.116284e-02;3.898162e-02;1.902223e-01;2.709465e-01;4.228678e-02;3.896611e-02;1.709269e-02;4.701721e-02;1.705036e-01
3.127740e-02;7.006559e-02;4.449843e-02;2.506367e-02;4.349993e-02;2.403945e-01;2.245662e-01;5.368301e-02;3.623877e-02;2.274944e-02;6.237740e-02;1.455856e-01
6.197485e-02;7.146006e-02;3.740501e-02;4.617664e-02;2.794897e-02;2.164833e-01;2.149015e-01;7.525373e-02;4.656170e-02;3.208491e-02;5.859379e-02;1.111556e-01
6.995440e-02;6.338332e-02;3.399388e-02;6.792658e-02;4.420080e-02;1.337085e-01;1.904540e-01;1.258792e-01;8.127052e-02;5.191057e-02;5.889016e-02;7.842803e-02
4.759018e-02;6.194532e-02;5.268606e-02;7.398738e-02;5.839230e-02;5.704436e-02;2.372290e-01;1.122916e-01;9.052552e-02;6.580439e-02;7.006849e-02;7.243540e-02
2.957066e-02;6.231890e-02;4.376548e-02;4.547153e-02;4.415972e-02;1.085916e-01;2.769071e-01;8.347712e-02;9.492493e-02;4.321878e-02;6.162391e-02;1.059703e-01
2.444074e-02;7.472792e-02;2.963587e-02;4.040158e-02;3.479587e-02;1.120328e-01;2.554145e-01;8.936517e-02;8.663362e-02;3.042372e-02;7.185832e-02;1.502699e-01
3.596721e-02;9.987544e-02;5.126141e-02;6.338393e-02;3.830776e-02;8.422260e-02;2.135785e-01;1.077010e-01;8.086468e-02;5.111694e-02;4.502048e-02;1.287001e-01
5.072401e-02;9.111229e-02;4.757779e-02;6.516013e-02;5.930116e-02;1.083194e-01;2.547763e-01;9.071609e-02;8.204503e-02;5.655814e-02;5.365683e-02;4.005276e-02
2.905123e-02;7.663413e-02;4.117536e-02;5.736750e-02;5.000992e-02;1.137586e-01;3.131837e-01;4.490864e-02;6.995761e-02;4.963815e-02;3.788592e-02;1.164293e-01
3.368153e-02;8.962184e-02;4.635808e-02;5.928091e-02;4.413742e-02;9.255741e-02;2.903515e-01;7.981402e-02;5.720181e-02;4.338107e-02;2.611721e-02;1.374971e-01
3.501632e-02;9.989907e-02;6.320526e-02;6.719142e-02;5.097574e-02;6.356659e-02;2.576660e-01;9.141380e-02;5.796153e-02;5.228356e-02;2.403332e-02;1.367874e-01
5.898464e-02;1.249367e-01;8.250830e-02;5.816239e-02;6.073259e-02;8.097503e-02;2.261475e-01;5.877594e-02;4.913827e-02;6.586068e-02;3.875518e-02;9.502284e-02
7.271773e-02;1.160657e-01;8.652247e-02;3.434905e-02;7.444595e-02;1.063186e-01;1.968390e-01;8.579341e-02;5.467639e-02;6.140254e-02;5.904883e-02;5.182036e-02
8.036195e-02;1.257901e-01;8.094633e-02;6.464847e-02;6.734047e-02;8.269884e-02;1.583701e-01;1.073155e-01;6.952277e-02;3.897308e-02;4.966660e-02;7.436588e-02
4.836746e-02;1.563541e-01;1.260217e-01;8.269592e-02;3.203869e-02;1.598704e-01;1.188408e-01;8.769007e-02;5.124012e-02;3.035489e-02;1.459641e-02;9.192937e-02
3.326063e-02;1.689840e-01;1.322884e-01;6.097091e-02;2.735153e-02;1.858040e-01;1.454132e-01;7.053341e-02;5.949713e-02;2.498824e-02;4.133894e-02;4.956964e-02
3.327018e-02;1.110684e-01;8.545378e-02;5.183044e-02;2.653664e-02;2.089557e-01;1.472111e-01;7.521743e-02;8.737793e-02;1.749518e-02;9.213159e-02;6.345163e-02
2.213842e-02;6.158292e-02;7.202432e-02;3.163780e-02;2.099384e-02;2.453791e-01;9.353819e-02;7.741580e-02;1.061151e-01;3.263183e-02;1.516922e-01;8.485055e-02
1.788501e-02;4.425348e-02;6.966124e-02;1.372055e-02;1.509650e-02;2.883288e-01;8.494093e-02;7.838681e-02;1.072193e-01;3.120080e-02;1.799309e-01;6.937573e-02
2.224289e-02;3.575236e-02;6.532514e-02;1.979895e-02;1.884838e-02;3.039576e-01;1.075099e-01;7.068282e-02;1.095479e-01;2.323403e-02;1.735159e-01;4.958419e-02
2.529095e-02;3.210921e-02;6.605015e-02;2.125801e-02;2.107030e-02;3.161078e-01;1.222203e-01;6.366328e-02;7.961224e-02;2.285747e-02;1.808923e-01;4.886795e-02
2.940887e-02;4.270737e-02;6.148926e-02;1.714343e-02;1.865543e-02;3.407315e-01;5.341356e-02;6.216920e-02;7.215585e-02;3.833829e-02;1.927170e-01;7.107021e-02
4.069573e-02;5.321377e-02;7.608117e-02;2.552712e-02;2.356607e-02;3.484916e-01;6.317632e-02;5.178523e-02;5.727160e-02;3.482087e-02;1.504402e-01;7.493027e-02
4.837960e-02;4.191738e-02;8.682939e-02;3.247931e-02;2.940378e-02;3.864371e-01;5.036229e-02;4.374401e-02;4.371618e-02;2.972703e-02;1.374559e-01;6.954808e-02
4.434124e-02;3.114805e-02;9.705504e-02;3.013328e-02;2.621426e-02;3.992676e-01;5.735029e-02;4.092431e-02;6.455431e-02;3.239911e-02;1.287857e-01;4.782676e-02
2.827850e-02;3.906763e-02;9.672028e-02;1.900894e-02;4.171098e-02;3.637148e-01;6.019062e-02;4.382775e-02;9.888446e-02;5.149561e-02;1.105047e-01;4.659577e-02
2.696555e-02;2.583328e-02;8.747084e-02;1.251601e-02;5.368071e-02;3.024242e-01;9.190639e-02;4.470265e-02;1.433528e-01;5.820676e-02;9.329606e-02;5.964474e-02
2.432246e-02;2.605237e-02;7.083701e-02;1.115815e-02;8.420774e-02;2.478918e-01;1.474423e-01;4.899982e-02;1.522615e-01;3.491275e-02;7.773600e-02;7.417811e-02
1.534255e-02;2.084341e-02;5.101350e-02;1.102268e-02;1.431049e-01;2.226823e-01;1.761144e-01;7.199735e-02;1.312833e-01;2.106698e-02;6.116314e-02;7.436549e-02
1.458235e-02;1.236789e-02;3.970934e-02;1.255602e-02;1.659983e-01;2.134726e-01;2.304787e-01;1.020623e-01;7.866764e-02;2.418076e-02;5.338322e-02;5.254089e-02
1.275710e-02;1.410019e-02;3.636269e-02;2.471951e-02;1.304004e-01;2.328720e-01;2.478421e-01;9.724153e-02;6.638459e-02;2.267891e-02;6.133259e-02;5.330836e-02
1.937869e-02;1.929978e-02;6.171671e-02;2.913470e-02;8.742230e-02;2.359365e-01;2.057568e-01;8.525308e-02;9.192063e-02;2.658300e-02;7.026899e-02;6.732886e-02
3.419293e-02;4.202666e-02;8.139604e-02;2.758854e-02;4.579297e-02;2.704797e-01;1.170571e-01;6.947289e-02;8.756296e-02;3.455668e-02;9.128758e-02;9.858594e-02
2.865124e-02;4.234668e-02;8.403543e-02;2.480301e-02;2.555516e-02;1.874744e-01;2.493146e-01;8.387046e-02;7.095535e-02;2.123931e-02;7.793733e-02;1.038170e-01
1.996912e-02;3.791685e-02;4.390894e-02;2.766494e-02;2.727229e-02;1.226359e-01;4.099704e-01;1.071346e-01;4.832696e-02;1.543514e-02;3.583061e-02;1.039343e-01
1.922827e-02;3.475184e-02;2.027929e-02;3.405293e-02;2.017383e-02;9.079617e-02;4.935130e-01;1.105594e-01;2.210322e-02;1.429212e-02;2.782870e-02;1.124213e-01
1.429898e-02;2.688479e-02;2.394296e-02;3.028131e-02;1.199904e-02;1.397935e-01;4.559548e-01;8.698039e-02;2.715251e-02;1.500373e-02;5.275987e-02;1.149481e-01
1.824761e-02;2.692092e-02;3.587141e-02;2.815088e-02;1.905594e-02;2.101610e-01;3.676649e-01;6.087073e-02;4.309671e-02;1.683771e-02;7.021975e-02;1.029024e-01
2.311197e-02;3.102069e-02;4.088331e-02;3.012241e-02;3.203195e-02;2.354698e-01;2.918861e-01;7.248183e-02;6.214156e-02;1.637665e-02;7.736921e-02;8.710449e-02
3.516773e-02;4.980363e-02;5.582552e-02;3.139628e-02;4.988397e-02;2.337412e-01;2.512113e-01;7.309505e-02;6.782191e-02;2.081866e-02;7.068896e-02;6.054575e-02
2.611920e-02;5.756631e-02;4.173341e-02;3.197192e-02;6.328295e-02;2.366356e-01;2.256791e-01;9.446598e-02;4.932628e-02;3.652255e-02;5.493167e-02;8.176500e-02
2.204484e-02;4.637399e-02;3.505167e-02;2.735448e-02;5.568765e-02;2.063606e-01;2.642120e-01;9.800482e-02;6.620197e-02;3.414250e-02;6.513112e-02;7.943447e-02
2.835967e-02;6.533565e-02;5.114329e-02;2.250432e-02;5.147187e-02;1.755496e-01;3.336948e-01;9.333216e-02;4.384711e-02;2.862252e-02;4.216864e-02;6.397042e-02
3.489346e-02;6.000496e-02;6.083355e-02;1.235756e-02;5.303726e-02;1.578444e-01;3.585759e-01;7.885634e-02;5.742387e-02;2.750822e-02;3.724537e-02;6.141907e-02
3.575677e-02;8.128921e-02;7.622478e-02;1.354171e-02;5.222902e-02;2.115708e-01;2.637927e-01;7.413636e-02;5.143185e-02;2.916064e-02;5.807862e-02;5.278752e-02
3.474758e-02;7.332607e-02;6.913153e-02;2.970245e-02;5.387554e-02;2.305980e-01;2.107789e-01;6.371137e-02;6.045089e-02;4.108108e-02;7.046873e-02;6.212791e-02
3.749258e-02;3.781537e-02;4.482936e-02;3.705397e-02;6.484823e-02;2.152305e-01;2.111203e-01;7.082345e-02;9.076621e-02;6.213854e-02;7.065749e-02;5.722399e-02
4.151744e-02;5.865118e-02;4.909027e-02;3.840965e-02;5.304632e-02;1.800211e-01;2.224231e-01;6.409672e-02;1.205250e-01;5.977868e-02;5.610880e-02;5.633184e-02
5.282341e-02;9.996907e-02;8.555734e-02;5.183410e-02;3.956404e-02;1.393171e-01;1.685246e-01;1.153619e-01;9.904416e-02;5.338101e-02;4.728945e-02;4.733390e-02
6.204443e-02;9.755011e-02;7.935417e-02;6.439256e-02;3.324994e-02;1.094197e-01;1.565399e-01;1.446521e-01;6.646835e-02;4.423872e-02;3.335684e-02;1.087332e-01
4.397746e-02;6.278436e-02;4.290509e-02;6.205492e-02;1.950342e-02;9.297203e-02;2.703399e-01;1.099532e-01;3.932798e-02;2.736457e-02;5.622448e-02;1.725926e-01
1.502876e-02;4.540399e-02;4.652878e-02;4.524204e-02;2.545396e-02;1.430940e-01;3.100923e-01;5.364997e-02;3.286124e-02;1.869775e-02;9.838702e-02;1.655602e-01
1.235798e-02;3.792688e-02;6.626977e-02;1.814057e-02;4.492987e-02;2.852432e-01;2.500507e-01;2.249330e-02;3.843745e-02;1.346158e-02;1.116338e-01;9.905494e-02
1.249571e-02;2.672550e-02;7.702136e-02;1.803819e-02;7.656426e-02;4.045892e-01;1.569501e-01;2.197826e-02;5.125547e-02;1.601135e-02;8.286545e-02;5.550513e-02
1.613402e-02;2.144818e-02;8.317945e-02;2.408963e-02;1.007042e-01;4.569395e-01;8.761860e-02;3.128755e-02;5.964828e-02;2.125049e-02;6.317598e-02;3.452410e-02
1.668799e-02;2.720601e-02;9.575874e-02;2.440194e-02;7.680006e-02;4.519670e-01;5.073708e-02;4.681535e-02;6.439503e-02;2.927008e-02;7.036275e-02;4.559796e-02
1.538254e-02;2.663520e-02;1.109941e-01;2.895908e-02;4.281956e-02;3.940551e-01;8.827225e-02;4.554664e-02;7.438841e-02;3.729712e-02;8.766353e-02;4.798645e-02
1.736217e-02;3.419103e-02;1.040767e-01;2.420904e-02;5.454032e-02;2.708406e-01;1.742650e-01;4.723461e-02;6.606454e-02;3.722267e-02;1.117686e-01;5.822471e-02
2.426036e-02;4.861728e-02;1.084703e-01;3.639058e-02;5.259879e-02;1.946270e-01;1.978664e-01;5.522102e-02;6.807206e-02;4.562555e-02;9.593385e-02;7.231671e-02
2.465615e-02;5.077635e-02;9.780552e-02;3.060267e-02;3.395831e-02;2.281204e-01;1.604344e-01;7.233004e-02;9.167264e-02;5.192203e-02;8.695176e-02;7.076982e-02
2.846597e-02;5.118291e-02;7.567724e-02;3.953267e-02;7.022410e-02;1.841945e-01;7.771663e-02;1.430879e-01;1.339920e-01;7.278647e-02;8.967961e-02;3.346005e-02
4.219127e-02;7.560830e-02;7.606732e-02;3.267170e-02;9.437943e-02;1.360546e-01;5.668717e-02;1.353363e-01;1.634957e-01;7.945702e-02;5.101769e-02;5.703350e-02
3.191683e-02;5.719046e-02;6.446959e-02;2.892422e-02;6.470171e-02;1.368397e-01;7.451005e-02;1.320169e-01;1.700494e-01;5.977832e-02;9.491888e-02;8.468395e-02
4.202004e-02;4.991714e-02;5.547447e-02;3.359997e-02;7.529492e-02;1.801154e-01;1.250720e-01;1.160159e-01;1.284713e-01;6.085791e-02;7.136019e-02;6.180079e-02
2.828046e-02;5.468447e-02;5.057106e-02;3.921257e-02;7.070972e-02;2.339341e-01;1.222014e-01;8.771755e-02;1.237906e-01;5.069632e-02;9.508051e-02;4.312132e-02
2.270205e-02;6.157941e-02;8.990987e-02;2.373005e-02;4.673161e-02;2.409133e-01;8.240850e-02;9.129004e-02;1.143585e-01;3.350883e-02;1.407501e-01;5.211768e-02
2.117421e-02;6.640810e-02;1.418728e-01;1.456769e-02;2.796960e-02;2.378969e-01;5.683298e-02;8.278355e-02;1.066495e-01;4.161538e-02;1.432196e-01;5.900959e-02
2.120954e-02;6.008121e-02;1.947196e-01;2.038898e-02;4.042553e-02;2.408977e-01;1.968987e-02;4.941852e-02;1.002514e-01;4.605683e-02;1.582040e-01;4.865675e-02
1.964418e-02;3.618720e-02;2.087395e-01;2.488217e-02;3.904602e-02;2.133345e-01;5.253498e-02;2.929057e-02;8.240717e-02;5.391737e-02;2.051295e-01;3.488679e-02
1.988190e-02;3.783491e-02;2.324125e-01;2.086747e-02;3.148297e-02;1.719220e-01;7.020140e-02;2.704330e-02;6.423759e-02;4.700176e-02;2.474627e-01;2.965147e-02
1.975758e-02;3.356764e-02;2.435216e-01;2.198151e-02;4.096334e-02;1.501743e-01;6.185024e-02;3.833942e-02;7.732330e-02;3.056030e-02;2.531092e-01;2.885153e-02
1.350879e-02;2.123889e-02;2.325787e-01;2.361684e-02;5.237279e-02;2.203983e-01;4.189230e-02;5.101152e-02;6.852860e-02;2.537950e-02;2.018930e-01;4.758082e-02
1.340467e-02;2.499146e-02;1.882797e-01;5.283583e-02;6.513272e-02;2.816007e-01;4.990686e-02;5.994089e-02;6.051001e-02;1.578972e-02;1.129553e-01;7.465212e-02
1.775859e-02;2.259804e-02;1.162064e-01;1.119006e-01;3.970711e-02;2.497947e-01;1.857432e-01;4.286669e-02;3.986520e-02;1.278108e-02;5.558985e-02;1.051885e-01
2.194075e-02;2.992477e-02;6.635910e-02;1.305887e-01;3.567169e-02;1.820230e-01;2.764727e-01;4.707981e-02;1.288066e-02;1.569493e-02;5.731940e-02;1.240445e-01
3.351818e-02;4.054131e-02;3.227508e-02;1.127801e-01;2.892140e-02;1.423099e-01;2.954263e-01;6.331714e-02;1.453049e-02;3.161573e-02;4.190122e-02;1.628632e-01
7.152385e-02;6.659194e-02;4.534296e-02;6.790981e-02;2.925593e-02;1.247314e-01;2.484806e-01;9.077150e-02;3.061425e-02;4.721641e-02;2.374984e-02;1.538115e-01
1.219689e-01;1.110914e-01;7.539118e-02;3.145514e-02;3.659464e-02;1.301590e-01;1.433315e-01;1.651663e-01;4.563773e-02;4.163591e-02;3.084491e-02;6.672350e-02
1.504711e-01;1.455701e-01;8.714183e-02;3.412135e-02;3.880379e-02;9.033196e-02;7.517745e-02;1.915220e-01;5.308552e-02;2.860044e-02;4.093202e-02;6.424247e-02
1.513527e-01;1.711746e-01;9.589119e-02;2.553994e-02;3.896773e-02;7.333075e-02;1.197708e-01;1.568009e-01;5.756547e-02;2.424423e-02;3.719524e-02;4.816642e-02
1.135765e-01;2.217665e-01;1.204364e-01;2.121650e-02;3.636821e-02;1.032210e-01;1.107408e-01;1.227061e-01;6.802487e-02;2.340609e-02;1.846670e-02;4.007026e-02
9.228954e-02;2.730945e-01;1.785964e-01;1.919169e-02;3.115747e-02;1.054365e-01;6.677244e-02;7.356866e-02;7.337280e-02;2.181026e-02;2.972196e-02;3.498783e-02
7.735880e-02;3.027205e-01;2.297053e-01;1.417188e-02;2.989379e-02;9.022924e-02;5.806815e-02;3.142985e-02;8.698357e-02;2.948274e-02;2.849994e-02;2.145623e-02
8.538175e-02;2.472849e-01;2.451783e-01;2.120937e-02;3.231063e-02;7.097213e-02;6.597598e-02;4.139785e-02;9.509210e-02;3.456969e-02;1.225732e-02;4.836995e-02
6.944026e-02;1.523956e-01;1.965942e-01;3.586072e-02;3.133406e-02;1.089668e-01;1.107817e-01;8.673331e-02;8.667298e-02;3.307479e-02;3.138075e-02;5.676476e-02
5.903377e-02;1.162811e-01;1.549771e-01;3.536336e-02;2.598657e-02;1.680319e-01;1.394416e-01;1.007501e-01;7.627477e-02;2.726275e-02;5.895436e-02;3.764257e-02
3.335257e-02;9.950381e-02;1.287965e-01;2.825825e-02;5.385338e-02;1.855873e-01;1.243645e-01;8.923008e-02;9.338406e-02;5.082484e-02;6.917264e-02;4.367200e-02
2.656878e-02;6.728159e-02;1.526913e-01;5.544200e-02;5.792593e-02;1.907712e-01;1.084360e-01;9.435646e-02;9.333465e-02;5.176524e-02;4.847335e-02;5.295354e-02
2.907053e-02;1.462648e-01;2.030696e-01;5.348397e-02;3.924917e-02;1.943379e-01;5.853382e-02;8.273623e-02;8.332800e-02;4.077936e-02;3.213107e-02;3.701566e-02
3.988553e-02;2.361924e-01;2.162588e-01;3.718717e-02;2.235388e-02;1.665759e-01;2.590227e-02;8.063167e-02;8.363283e-02;3.927399e-02;2.924614e-02;2.285945e-02
5.614416e-02;2.877172e-01;1.847044e-01;2.174379e-02;3.230977e-02;1.399578e-01;1.314573e-02;1.029308e-01;8.602770e-02;2.749842e-02;3.028780e-02;1.753240e-02
6.935370e-02;2.305010e-01;1.027064e-01;2.475631e-02;6.597964e-02;1.567110e-01;4.960179e-02;1.527587e-01;6.792492e-02;2.117116e-02;3.199558e-02;2.653978e-02
7.325227e-02;1.453920e-01;1.029705e-01;4.204878e-02;4.865441e-02;1.692016e-01;8.662876e-02;1.709257e-01;5.630181e-02;2.426293e-02;3.858088e-02;4.178037e-02
6.132590e-02;1.478715e-01;1.312514e-01;4.051941e-02;2.295297e-02;1.280290e-01;1.126442e-01;1.291499e-01;6.434995e-02;3.208747e-02;6.058692e-02;6.923147e-02
8.136894e-02;1.572339e-01;1.097434e-01;3.594467e-02;2.822915e-02;9.289216e-02;1.186567e-01;9.505687e-02;7.162945e-02;6.233388e-02;9.121224e-02;5.569874e-02
6.003061e-02;1.869274e-01;1.850844e-01;3.481668e-02;3.126887e-02;9.502564e-02;7.821781e-02;1.149871e-01;9.715894e-02;5.128188e-02;5.102500e-02;1.417566e-02
5.404546e-02;1.400038e-01;1.645480e-01;2.964075e-02;6.814864e-02;1.387713e-01;9.063424e-02;1.283850e-01;1.008375e-01;4.544052e-02;1.041374e-02;2.913115e-02
4.530093e-02;8.933903e-02;1.075705e-01;5.409171e-02;1.041568e-01;1.383909e-01;1.544013e-01;1.005855e-01;8.802585e-02;4.871320e-02;4.044739e-02;2.897692e-02
3.612342e-02;4.922809e-02;5.554354e-02;5.558050e-02;1.171362e-01;1.687487e-01;1.479365e-01;1.200684e-01;7.647953e-02;1.089704e-01;4.646597e-02;1.771869e-02
2.252466e-02;4.279120e-02;3.603650e-02;4.560852e-02;1.269986e-01;1.633447e-01;1.199582e-01;1.086882e-01;5.994190e-02;1.981836e-01;5.437646e-02;2.154741e-02
3.765472e-02;4.718938e-02;2.638781e-02;4.765603e-02;1.264359e-01;1.043755e-01;9.442679e-02;6.772393e-02;5.787241e-02;2.974193e-01;6.471454e-02;2.814371e-02
1.118408e-01;5.601432e-02;2.078575e-02;7.671776e-02;1.002076e-01;4.550377e-02;8.589053e-02;5.110058e-02;9.733523e-02;2.766123e-01;4.737824e-02;3.061310e-02
2.098461e-01;4.474780e-02;1.880834e-02;1.119278e-01;7.403857e-02;4.197199e-02;9.019908e-02;6.485580e-02;1.593682e-01;1.338630e-01;3.309934e-02;1.727392e-02
2.677200e-01;2.872410e-02;1.848613e-02;1.466184e-01;4.683372e-02;3.905144e-02;6.596915e-02;7.191561e-02;2.117479e-01;2.036967e-02;5.848650e-02;2.407742e-02
2.385644e-01;3.175694e-02;2.158789e-02;1.517321e-01;1.200900e-02;2.569951e-02;4.549863e-02;1.069208e-01;2.197621e-01;3.113039e-02;5.802745e-02;5.731079e-02
1.740767e-01;4.685336e-02;4.850468e-02;1.347979e-01;4.250867e-02;4.077736e-02;2.937303e-02;1.303132e-01;1.919870e-01;2.622106e-02;4.643317e-02;8.815368e-02
1.041178e-01;4.784015e-02;6.057673e-02;9.336920e-02;5.361294e-02;4.731532e-02;2.860576e-02;1.947864e-01;2.069218e-01;4.606051e-02;3.752673e-02;7.926662e-02
4.824210e-02;5.491802e-02;6.952368e-02;9.019140e-02;5.139254e-02;4.329413e-02;4.117958e-02;2.472805e-01;2.117289e-01;5.438099e-02;3.838828e-02;4.947979e-02
4.913602e-02;9.370298e-02;1.254256e-01;9.088910e-02;3.625550e-02;4.273133e-02;4.289114e-02;2.515420e-01;1.829765e-01;2.948999e-02;2.314472e-02;3.181521e-02
5.014665e-02;1.041830e-01;1.285506e-01;9.250804e-02;2.850906e-02;8.347941e-02;3.594532e-02;2.286657e-01;1.023275e-01;4.047385e-02;3.463697e-02;7.057399e-02
9.673966e-02;5.560496e-02;9.116121e-02;8.605821e-02;3.422308e-02;1.028504e-01;4.348043e-02;2.232078e-01;5.943065e-02;9.641220e-02;3.400690e-02;7.682455e-02
9.435316e-02;6.835945e-02;1.217099e-01;6.556307e-02;2.836716e-02;6.409004e-02;3.643736e-02;2.046734e-01;1.103316e-01;1.188052e-01;2.500632e-02;6.230335e-02
8.819099e-02;6.915716e-02;1.644301e-01;5.870939e-02;3.096528e-02;4.479292e-02;1.874479e-02;2.038667e-01;1.132719e-01;1.186279e-01;2.891896e-02;6.032385e-02
7.670090e-02;4.645254e-02;1.684848e-01;6.998644e-02;3.489565e-02;5.477774e-02;3.564491e-02;2.490660e-01;1.046405e-01;1.053586e-01;1.788278e-02;3.610919e-02
3.565263e-02;4.462878e-02;1.643794e-01;5.106728e-02;3.507686e-02;9.103069e-02;3.902331e-02;3.074380e-01;8.309058e-02;7.987427e-02;2.555670e-02;4.318153e-02
3.829357e-02;6.476703e-02;1.393269e-01;3.200870e-02;5.805401e-02;1.212025e-01;4.833248e-02;3.430490e-01;4.323444e-02;4.303814e-02;1.409591e-02;5.459723e-02
5.272343e-02;7.245554e-02;8.826973e-02;3.210979e-02;7.815436e-02;1.136630e-01;5.051000e-02;3.302930e-01;7.721097e-02;4.416916e-02;2.157982e-02;3.886115e-02
5.349576e-02;1.164555e-01;6.051585e-02;4.557380e-02;9.026718e-02;9.756948e-02;1.979299e-02;3.112288e-01;1.047043e-01;5.026473e-02;2.737651e-02;2.275498e-02
3.732197e-02;1.438530e-01;8.411320e-02;4.515522e-02;8.757772e-02;1.014569e-01;3.460963e-02;2.869661e-01;6.860646e-02;4.570061e-02;4.773246e-02;1.690676e-02
4.112935e-02;1.294730e-01;8.779493e-02;4.934894e-02;7.846519e-02;1.143877e-01;4.085497e-02;2.738028e-01;5.994493e-02;5.100603e-02;5.835073e-02;1.544139e-02
4.337310e-02;1.288252e-01;5.300958e-02;4.430031e-02;6.599554e-02;1.394389e-01;5.712554e-02;2.990483e-01;4.646877e-02;3.354731e-02;5.906694e-02;2.980052e-02
4.631424e-02;1.158471e-01;7.468026e-02;3.898400e-02;5.631220e-02;1.467782e-01;6.271136e-02;3.091066e-01;5.024710e-02;2.866315e-02;4.030987e-02;3.004592e-02
2.961979e-02;1.097500e-01;5.514759e-02;2.981577e-02;4.067596e-02;1.626549e-01;5.864080e-02;3.221050e-01;9.793281e-02;3.676764e-02;2.758733e-02;2.930244e-02
5.167766e-02;1.107143e-01;2.975057e-02;3.401779e-02;3.346519e-02;1.933358e-01;5.671107e-02;2.965162e-01;1.122412e-01;2.446496e-02;3.140098e-02;2.570429e-02
6.651416e-02;1.127385e-01;4.165101e-02;2.614385e-02;4.442112e-02;2.577073e-01;3.789395e-02;2.206772e-01;1.095952e-01;2.073062e-02;3.234301e-02;2.958425e-02
4.378709e-02;8.554097e-02;4.547837e-02;2.588867e-02;5.075130e-02;2.602944e-01;3.108542e-02;2.034811e-01;1.358615e-01;6.013773e-02;2.986343e-02;2.782999e-02
3.973899e-02;5.279469e-02;4.355979e-02;3.474033e-02;5.886135e-02;2.404602e-01;3.949149e-02;2.110323e-01;1.364858e-01;8.769751e-02;2.589200e-02;2.924554e-02
3.782537e-02;4.493656e-02;5.570789e-02;4.028372e-02;5.888012e-02;2.324166e-01;5.991400e-02;2.290188e-01;1.165351e-01;7.121786e-02;2.401228e-02;2.925165e-02
3.567066e-02;5.138562e-02;5.332963e-02;5.996208e-02;5.686047e-02;2.325861e-01;6.832109e-02;2.109202e-01;1.490872e-01;3.627115e-02;1.403760e-02;3.156820e-02
3.079861e-02;9.972891e-02;5.242641e-02;6.997354e-02;5.300394e-02;2.704777e-01;7.664075e-02;1.290085e-01;1.431502e-01;3.518808e-02;8.702340e-03;3.090092e-02
5.051644e-02;1.160197e-01;6.848441e-02;5.835242e-02;3.596004e-02;2.240771e-01;4.182173e-02;2.269751e-01;1.129827e-01;3.612969e-02;1.133589e-02;1.734476e-02
4.112790e-02;1.162683e-01;8.949886e-02;5.676904e-02;5.972071e-02;2.181547e-01;4.111137e-02;1.932289e-01;1.138078e-01;4.306050e-02;1.360483e-02;1.364710e-02
3.424791e-02;1.108904e-01;8.712436e-02;4.091166e-02;5.823964e-02;2.067710e-01;7.678480e-02;1.929086e-01;1.149860e-01;3.056643e-02;1.943487e-02;2.713437e-02
3.367405e-02;8.919955e-02;6.111030e-02;4.280223e-02;3.979293e-02;1.744959e-01;7.715156e-02;2.455039e-01;1.112337e-01;4.759530e-02;4.298158e-02;3.445899e-02
5.128422e-02;5.675083e-02;4.563806e-02;3.359663e-02;4.610765e-02;1.696805e-01;7.422564e-02;2.210932e-01;1.179884e-01;8.749729e-02;6.234298e-02;3.379457e-02
6.426240e-02;5.932254e-02;7.922141e-02;2.833398e-02;4.390730e-02;1.675113e-01;6.895947e-02;2.552018e-01;1.093541e-01;6.604415e-02;4.268420e-02;1.519732e-02
4.132999e-02;8.826333e-02;1.233164e-01;3.669184e-02;3.834580e-02;1.537441e-01;5.278141e-02;2.540095e-01;9.472462e-02;4.269697e-02;2.270221e-02;5.139388e-02
2.234671e-02;8.100226e-02;1.306015e-01;2.136369e-02;3.328355e-02;1.316621e-01;6.663322e-02;2.646253e-01;1.210533e-01;4.638681e-02;1.883104e-02;6.221049e-02
6.044676e-02;7.344113e-02;7.548259e-02;2.693219e-02;3.811232e-02;1.733920e-01;5.548397e-02;2.726901e-01;1.070557e-01;4.443393e-02;2.468961e-02;4.783970e-02
1.207067e-01;8.564175e-02;5.294649e-02;2.447352e-02;3.341244e-02;2.087376e-01;4.356495e-02;2.498968e-01;6.657088e-02;4.956239e-02;2.663993e-02;3.784649e-02
1.115629e-01;8.062448e-02;6.841461e-02;2.361511e-02;2.770576e-02;1.856031e-01;3.369997e-02;2.641731e-01;9.575384e-02;5.216153e-02;3.223995e-02;2.444573e-02
6.501122e-02;8.116242e-02;5.465659e-02;3.439514e-02;3.169670e-02;1.729150e-01;3.994662e-02;2.959152e-01;1.382569e-01;3.357920e-02;4.062758e-02;1.183741e-02
1.182754e-01;7.510842e-02;6.038820e-02;4.767806e-02;4.447938e-02;1.125354e-01;5.324793e-02;2.467892e-01;1.202326e-01;6.199437e-02;2.671245e-02;3.255859e-02
1.012718e-01;9.230393e-02;9.117669e-02;3.946023e-02;4.772219e-02;1.318696e-01;5.925325e-02;2.140198e-01;1.055049e-01;7.241309e-02;1.114718e-02;3.385737e-02
3.068276e-02;1.073499e-01;9.629160e-02;2.247661e-02;2.677745e-02;1.871377e-01;6.568261e-02;2.606795e-01;1.039616e-01;6.196142e-02;1.396570e-02;2.303315e-02
4.725711e-02;1.102213e-01;9.705424e-02;3.007528e-02;2.542481e-02;1.822306e-01;6.854001e-02;2.384449e-01;1.007997e-01;5.965755e-02;1.913234e-02;2.116213e-02
6.217610e-02;9.947126e-02;9.848855e-02;4.000102e-02;3.170470e-02;1.813333e-01;6.354194e-02;2.478118e-01;6.067218e-02;7.150147e-02;2.278448e-02;2.051313e-02
5.762554e-02;6.816765e-02;7.729404e-02;4.504390e-02;2.104454e-02;1.798433e-01;3.190814e-02;3.112873e-01;1.349847e-01;4.813444e-02;1.224918e-02;1.241729e-02
7.529958e-02;5.615619e-02;6.846093e-02;4.505285e-02;3.315006e-02;1.849053e-01;4.004070e-02;3.250260e-01;1.194582e-01;2.238767e-02;1.963746e-02;1.042498e-02
8.374383e-02;7.454450e-02;7.817044e-02;4.254248e-02;3.754486e-02;1.777232e-01;5.343897e-02;2.332362e-01;1.117066e-01;4.372439e-02;3.612156e-02;2.750294e-02
7.524823e-02;1.132970e-01;9.927422e-02;4.719058e-02;3.924379e-02;1.432853e-01;6.870267e-02;1.423706e-01;1.245597e-01;6.016067e-02;4.817377e-02;3.849350e-02
5.802191e-02;1.101704e-01;8.275854e-02;4.250475e-02;4.914632e-02;1.449305e-01;9.743682e-02;1.731452e-01;1.178136e-01;4.994337e-02;3.387024e-02;4.025833e-02
3.052800e-02;9.083177e-02;7.297416e-02;2.492681e-02;3.569204e-02;2.368071e-01;8.701682e-02;2.185182e-01;9.985177e-02;4.025174e-02;4.092156e-02;2.167998e-02
