5.382773e-02;1.800295e-01;1.428487e-01;5.882541e-02;4.178896e-02;1.384752e-01;6.574282e-02;1.520637e-01;6.580203e-02;2.456042e-02;2.930784e-02;4.672765e-02
1.083869e-01;2.532934e-01;1.321885e-01;4.227100e-02;1.757818e-02;9.442293e-02;8.038658e-02;1.178172e-01;4.108349e-02;1.862285e-02;2.171192e-02;7.223710e-02
1.674743e-01;2.700128e-01;1.573447e-01;2.291228e-02;2.226536e-02;5.274047e-02;6.019377e-02;7.123048e-02;4.598177e-02;2.857727e-02;1.944752e-02;8.181927e-02
1.876409e-01;2.565652e-01;1.313347e-01;1.647316e-02;9.633211e-03;6.070648e-02;6.119988e-02;8.790578e-02;5.002109e-02;4.025190e-02;1.607725e-02;8.219046e-02
1.789541e-01;2.577186e-01;1.175109e-01;2.419359e-02;2.005823e-02;4.969096e-02;4.265377e-02;1.122364e-01;5.247572e-02;4.286565e-02;1.654693e-02;8.509523e-02
1.644711e-01;3.354785e-01;1.414772e-01;3.075701e-02;2.256418e-02;3.302564e-02;1.925352e-02;1.070768e-01;4.315024e-02;2.786984e-02;1.997724e-02;5.489886e-02
1.422404e-01;4.187593e-01;1.892046e-01;1.923744e-02;2.053235e-02;1.945318e-02;1.508384e-02;6.803744e-02;3.787013e-02;1.581626e-02;3.321583e-02;2.054912e-02
8.682252e-02;4.777928e-01;2.520942e-01;1.431442e-02;1.909012e-02;1.594132e-02;1.668184e-02;1.922849e-02;4.591287e-02;1.437529e-02;2.671490e-02;1.103128e-02
5.259012e-02;5.053766e-01;2.656416e-01;1.672778e-02;1.526024e-02;2.233285e-02;1.100884e-02;1.952748e-02;6.347401e-02;1.065151e-02;1.173033e-02;5.678598e-03
5.284400e-02;5.163912e-01;2.254440e-01;1.115626e-02;1.372508e-02;2.141471e-02;1.134081e-02;3.021259e-02;8.868834e-02;1.118611e-02;1.204759e-02;5.549321e-03
5.901589e-02;5.131395e-01;1.876499e-01;1.478751e-02;1.269332e-02;1.916113e-02;1.212472e-02;4.777890e-02;1.060578e-01;7.454406e-03;1.324166e-02;6.895285e-03
7.903002e-02;4.813887e-01;1.558282e-01;1.970658e-02;1.343169e-02;3.119674e-02;1.153402e-02;5.920154e-02;1.137961e-01;2.021159e-02;7.084551e-03;7.590219e-03
8.553363e-02;4.092266e-01;2.039852e-01;2.005586e-02;1.095608e-02;4.013662e-02;1.494984e-02;6.451120e-02;1.018060e-01;2.351106e-02;8.616924e-03;1.671087e-02
9.542977e-02;2.898343e-01;2.069602e-01;2.852839e-02;1.316224e-02;7.565246e-02;3.168925e-02;8.342206e-02;1.000040e-01;3.384319e-02;9.964487e-03;3.150966e-02
7.559028e-02;2.742603e-01;2.470307e-01;2.829958e-02;1.334928e-02;6.939873e-02;2.280003e-02;6.305493e-02;1.029434e-01;4.062683e-02;2.852262e-02;3.412335e-02
6.602837e-02;4.240252e-01;2.407673e-01;1.584734e-02;1.416470e-02;4.642069e-02;8.188485e-03;3.196080e-02;8.813489e-02;1.686742e-02;1.603749e-02;3.155718e-02
8.141313e-02;4.576564e-01;1.901328e-01;1.711200e-02;1.380824e-02;4.902976e-02;4.978877e-03;3.558723e-02;8.119883e-02;2.030695e-02;1.607237e-02;3.270341e-02
9.235013e-02;4.699031e-01;1.847237e-01;1.734490e-02;2.126076e-02;5.127002e-02;4.643806e-03;2.932454e-02;9.108392e-02;8.190465e-03;1.420333e-02;1.570139e-02
7.244186e-02;4.875763e-01;1.687663e-01;1.230242e-02;2.473969e-02;5.057803e-02;4.914470e-03;2.592427e-02;8.796407e-02;1.923214e-02;2.656270e-02;1.899778e-02
7.010609e-02;4.280329e-01;1.050080e-01;2.669623e-02;3.312224e-02;5.410951e-02;3.087597e-02;6.752430e-02;9.807999e-02;2.471706e-02;3.284872e-02;2.887896e-02
8.276588e-02;2.787902e-01;1.468064e-01;5.012158e-02;2.951988e-02;8.722733e-02;4.297520e-02;9.712056e-02;6.885540e-02;3.886463e-02;3.826929e-02;3.868365e-02
7.537822e-02;2.409290e-01;1.795604e-01;5.982186e-02;4.227497e-02;9.663844e-02;2.629978e-02;7.888836e-02;6.178619e-02;5.330235e-02;4.646372e-02;3.865677e-02
4.140111e-02;2.016552e-01;2.174896e-01;6.097367e-02;5.092110e-02;1.048523e-01;5.051617e-02;7.565805e-02;6.393689e-02;5.715768e-02;3.354101e-02;4.189713e-02
4.140475e-02;2.774652e-01;2.291286e-01;5.036476e-02;3.689752e-02;8.521695e-02;3.261342e-02;6.263066e-02;8.119825e-02;4.830452e-02;1.741091e-02;3.736449e-02
5.701794e-02;3.921603e-01;2.136615e-01;3.506725e-02;1.939241e-02;4.031516e-02;2.909844e-02;3.304206e-02;1.025790e-01;3.868795e-02;8.833840e-03;3.014408e-02
8.099754e-02;4.182360e-01;1.654472e-01;2.016245e-02;1.628270e-02;2.034277e-02;3.120841e-02;8.051652e-02;1.011623e-01;2.334839e-02;2.310719e-02;1.918864e-02
1.179926e-01;3.317648e-01;1.191580e-01;1.628935e-02;3.184805e-02;2.468915e-02;3.640284e-02;1.695239e-01;8.679541e-02;1.233343e-02;3.912037e-02;1.408204e-02
1.535245e-01;2.434392e-01;9.888234e-02;1.798736e-02;4.987339e-02;2.063354e-02;2.883570e-02;2.733411e-01;5.433552e-02;8.423269e-03;3.616080e-02;1.456330e-02
1.644403e-01;1.700889e-01;1.192940e-01;1.534514e-02;4.979731e-02;1.769596e-02;2.346705e-02;3.465941e-01;3.727128e-02;1.249523e-02;2.749507e-02;1.601554e-02
1.540824e-01;1.100694e-01;1.279381e-01;1.541837e-02;4.281199e-02;2.110457e-02;8.568598e-02;3.477199e-01;3.643422e-02;1.515673e-02;2.420006e-02;1.937834e-02
1.286415e-01;1.156890e-01;1.390861e-01;1.694392e-02;3.088083e-02;3.399708e-02;1.252153e-01;3.053215e-01;3.650239e-02;2.197767e-02;2.101343e-02;2.473127e-02
1.276292e-01;1.515185e-01;1.177531e-01;1.803928e-02;2.293096e-02;4.576715e-02;8.256116e-02;2.909546e-01;7.727232e-02;1.999032e-02;1.880785e-02;2.677557e-02
2.023906e-01;1.413755e-01;9.448457e-02;1.555438e-02;3.621411e-02;1.642305e-02;4.188155e-02;2.948304e-01;9.163325e-02;1.683706e-02;2.659648e-02;2.177901e-02
2.475202e-01;1.127362e-01;8.702203e-02;1.343063e-02;5.641820e-02;1.251801e-02;4.402785e-02;2.994382e-01;7.694992e-02;1.132140e-02;2.353938e-02;1.507792e-02
2.991222e-01;8.763463e-02;8.436425e-02;1.528505e-02;6.635685e-02;1.207616e-02;3.687990e-02;2.947515e-01;5.046364e-02;1.346660e-02;2.551191e-02;1.408734e-02
3.628376e-01;4.850547e-02;7.999694e-02;1.216851e-02;5.343943e-02;8.862592e-03;5.685022e-02;2.841484e-01;2.432950e-02;1.652672e-02;3.824259e-02;1.409204e-02
3.880249e-01;6.338281e-02;6.501228e-02;1.740096e-02;2.571543e-02;1.880800e-02;5.179046e-02;2.631573e-01;1.107136e-02;2.196856e-02;3.839614e-02;3.527172e-02
3.988369e-01;7.352461e-02;5.880807e-02;2.014924e-02;1.365642e-02;1.941707e-02;4.673120e-02;2.492869e-01;2.084367e-02;3.117346e-02;2.795376e-02;3.961862e-02
4.048631e-01;6.687046e-02;5.086977e-02;2.175040e-02;1.986603e-02;2.234406e-02;5.592951e-02;2.397472e-01;1.849971e-02;3.207060e-02;2.058251e-02;4.660660e-02
3.933668e-01;7.364123e-02;4.768193e-02;2.442915e-02;2.806296e-02;2.731327e-02;4.581844e-02;2.419275e-01;2.583603e-02;2.090282e-02;3.105355e-02;3.996630e-02
3.663605e-01;7.614846e-02;3.863030e-02;2.511431e-02;3.101588e-02;2.412673e-02;6.565806e-02;2.268008e-01;2.267532e-02;2.551639e-02;4.804469e-02;4.990845e-02
3.762453e-01;6.429422e-02;4.959122e-02;2.663843e-02;2.327873e-02;2.451315e-02;6.680070e-02;2.096834e-01;2.313761e-02;2.842259e-02;3.244939e-02;7.494516e-02
3.921408e-01;7.318259e-02;5.755900e-02;1.591446e-02;2.250542e-02;3.022125e-02;6.402755e-02;2.099908e-01;2.544915e-02;1.827719e-02;1.509924e-02;7.563251e-02
3.696160e-01;7.849590e-02;4.761723e-02;1.729686e-02;1.800003e-02;2.789634e-02;6.040447e-02;2.130111e-01;2.097540e-02;2.834307e-02;2.656426e-02;9.177928e-02
3.052765e-01;7.588593e-02;5.805361e-02;1.345454e-02;2.297261e-02;3.571460e-02;8.050793e-02;2.119718e-01;2.976725e-02;3.346293e-02;3.420684e-02;9.872539e-02
2.214328e-01;8.081815e-02;6.026447e-02;1.626960e-02;2.019732e-02;4.523123e-02;1.314783e-01;2.168396e-01;3.509425e-02;3.528707e-02;2.430582e-02;1.127814e-01
1.316953e-01;8.787455e-02;5.034760e-02;2.322387e-02;1.149048e-02;5.365653e-02;2.195173e-01;2.189881e-01;4.614150e-02;2.506975e-02;1.863319e-02;1.133619e-01
7.518223e-02;7.362609e-02;3.839518e-02;1.998260e-02;9.749569e-03;9.139967e-02;3.208796e-01;1.832288e-01;3.926968e-02;2.634862e-02;1.996144e-02;1.019765e-01
6.096845e-02;7.504641e-02;3.713863e-02;2.022720e-02;1.930712e-02;1.555131e-01;3.171174e-01;1.262071e-01;2.955524e-02;3.363276e-02;2.573554e-02;9.955097e-02
5.413022e-02;9.341692e-02;4.936685e-02;3.237971e-02;3.053100e-02;1.918288e-01;2.292400e-01;1.119026e-01;3.645356e-02;3.561115e-02;2.187596e-02;1.132633e-01
9.018414e-02;1.542047e-01;8.593268e-02;2.777723e-02;4.294641e-02;1.529369e-01;7.874181e-02;1.042900e-01;6.070822e-02;3.491754e-02;2.136595e-02;1.459945e-01
1.631097e-01;1.351415e-01;6.249015e-02;3.400474e-02;4.453667e-02;8.582449e-02;6.827530e-02;1.758945e-01;6.142324e-02;4.125987e-02;2.210476e-02;1.059351e-01
1.974846e-01;1.280004e-01;3.047523e-02;6.930906e-02;4.109440e-02;7.658876e-02;9.761044e-02;1.307474e-01;4.455954e-02;3.162960e-02;2.426300e-02;1.282375e-01
2.198491e-01;1.120421e-01;5.997072e-02;5.952959e-02;2.553475e-02;5.585188e-02;1.379014e-01;6.238265e-02;3.777221e-02;3.631683e-02;1.573147e-02;1.771174e-01
2.705958e-01;1.500474e-01;4.516157e-02;3.029765e-02;2.085247e-02;4.970446e-02;1.185030e-01;7.562443e-02;5.034227e-02;4.398293e-02;1.965937e-02;1.252287e-01
2.970835e-01;1.738085e-01;6.746969e-02;1.972083e-02;2.290235e-02;5.787807e-02;9.672499e-02;5.738937e-02;5.547973e-02;3.275732e-02;2.328955e-02;9.549607e-02
2.460385e-01;2.599341e-01;1.231467e-01;1.892823e-02;1.678577e-02;3.424687e-02;7.289951e-02;4.046988e-02;3.952587e-02;1.910714e-02;2.060783e-02;1.083096e-01
1.639039e-01;2.888911e-01;1.156445e-01;1.348915e-02;1.125259e-02;5.378185e-02;1.046943e-01;6.089007e-02;2.561851e-02;1.751904e-02;2.177360e-02;1.225415e-01
1.255478e-01;2.308583e-01;9.278230e-02;9.674506e-03;1.735448e-02;5.734524e-02;1.730318e-01;9.761403e-02;3.609220e-02;1.981336e-02;2.145324e-02;1.184326e-01
1.178162e-01;1.840854e-01;4.907236e-02;8.158129e-03;1.284888e-02;2.433832e-02;2.159890e-01;1.645619e-01;6.005453e-02;2.374570e-02;2.556039e-02;1.137693e-01
1.091357e-01;1.771907e-01;7.634354e-02;1.579002e-02;1.290120e-02;4.262004e-02;1.755251e-01;1.903372e-01;7.768633e-02;2.991101e-02;3.427329e-02;5.828587e-02
1.224014e-01;1.814587e-01;6.004671e-02;2.479834e-02;2.554597e-02;1.101413e-01;1.384817e-01;1.666935e-01;7.922217e-02;3.129563e-02;3.151513e-02;2.839944e-02
1.497534e-01;2.029758e-01;5.511930e-02;1.682076e-02;2.576059e-02;1.267130e-01;1.207149e-01;1.418415e-01;7.033288e-02;2.505747e-02;1.898153e-02;4.592882e-02
1.604557e-01;2.327489e-01;9.978843e-02;1.242248e-02;8.147836e-03;7.965945e-02;1.009614e-01;1.426965e-01;6.099793e-02;2.263199e-02;3.391114e-02;4.557826e-02
1.300417e-01;2.444914e-01;7.979201e-02;2.535384e-02;2.187638e-02;5.306982e-02;1.442113e-01;1.498428e-01;4.817912e-02;3.255653e-02;3.149443e-02;3.909064e-02
1.407112e-01;2.697776e-01;1.086763e-01;3.076070e-02;2.603827e-02;5.048327e-02;9.694499e-02;1.274725e-01;3.547798e-02;3.973392e-02;2.647877e-02;4.744451e-02
2.015728e-01;2.769805e-01;1.055694e-01;3.230996e-02;2.176869e-02;3.587708e-02;5.597221e-02;1.063927e-01;1.936766e-02;5.101443e-02;1.174589e-02;8.142860e-02
2.119584e-01;2.213972e-01;6.854212e-02;3.200256e-02;1.401421e-02;3.855921e-02;7.319001e-02;1.123053e-01;2.402234e-02;6.374877e-02;1.069382e-02;1.295661e-01
1.595090e-01;1.511152e-01;5.605513e-02;4.106603e-02;1.133650e-02;4.098739e-02;1.544866e-01;1.024739e-01;1.988561e-02;6.862370e-02;1.473908e-02;1.797218e-01
1.155655e-01;1.150711e-01;5.070441e-02;4.258086e-02;8.979969e-03;5.790890e-02;2.135287e-01;9.179273e-02;2.631733e-02;7.296507e-02;2.118693e-02;1.833984e-01
8.383857e-02;1.414943e-01;5.954390e-02;3.273185e-02;8.712841e-03;7.107772e-02;2.047331e-01;1.237400e-01;3.935877e-02;6.847996e-02;2.106047e-02;1.452285e-01
8.348271e-02;1.567878e-01;7.091828e-02;2.598764e-02;1.424078e-02;7.063027e-02;1.749736e-01;1.343624e-01;5.624060e-02;6.685770e-02;3.199201e-02;1.135262e-01
1.009764e-01;1.907381e-01;8.678687e-02;3.170539e-02;2.402409e-02;8.743083e-02;1.502731e-01;9.048530e-02;6.111863e-02;6.892574e-02;2.928622e-02;7.824937e-02
1.162326e-01;2.162899e-01;1.144155e-01;2.214916e-02;2.114724e-02;8.791137e-02;1.011812e-01;1.042579e-01;7.954373e-02;5.916389e-02;2.764596e-02;5.006163e-02
1.198050e-01;2.213002e-01;8.537626e-02;2.592989e-02;2.358160e-02;9.878220e-02;1.182608e-01;1.081532e-01;6.575789e-02;4.768892e-02;3.198272e-02;5.338130e-02
1.224458e-01;2.558207e-01;9.938078e-02;3.240871e-02;4.229802e-02;8.965597e-02;7.007679e-02;1.056876e-01;5.196873e-02;3.204729e-02;2.968754e-02;6.852201e-02
1.564177e-01;2.785370e-01;1.410770e-01;1.601496e-02;4.470492e-02;4.620051e-02;7.549078e-02;1.409371e-01;2.856674e-02;1.599731e-02;2.085335e-02;3.520261e-02
1.776514e-01;2.912077e-01;1.498331e-01;1.254222e-02;5.135470e-02;2.762589e-02;5.818342e-02;1.466496e-01;2.462549e-02;1.246175e-02;1.631769e-02;3.154712e-02
1.793682e-01;2.899404e-01;1.538891e-01;1.509615e-02;5.448579e-02;2.560027e-02;5.798211e-02;1.556518e-01;1.871637e-02;1.450385e-02;1.173849e-02;2.302743e-02
1.647696e-01;2.384494e-01;1.155905e-01;1.598558e-02;5.303888e-02;3.330983e-02;6.957902e-02;2.263046e-01;3.056893e-02;1.967534e-02;9.196224e-03;2.353205e-02
1.761364e-01;2.013169e-01;8.509240e-02;1.223166e-02;4.792838e-02;3.299944e-02;6.552073e-02;2.879922e-01;2.860999e-02;2.015547e-02;8.869140e-03;3.314729e-02
2.155816e-01;1.887930e-01;8.459286e-02;9.735237e-03;4.286033e-02;1.907271e-02;1.141111e-02;3.445948e-01;1.745468e-02;1.767674e-02;1.095722e-02;3.726966e-02
1.933824e-01;1.550151e-01;1.095731e-01;8.577060e-03;3.766103e-02;2.468546e-02;8.047720e-02;3.189085e-01;1.563962e-02;1.327730e-02;1.553856e-02;2.726468e-02
1.404247e-01;1.633108e-01;1.074650e-01;1.596570e-02;3.910327e-02;6.807468e-02;1.085362e-01;2.525370e-01;3.875911e-02;1.211594e-02;2.140591e-02;3.230157e-02
1.012336e-01;1.746555e-01;1.518445e-01;2.749178e-02;4.113891e-02;1.125121e-01;8.614845e-02;1.660803e-01;4.150239e-02;2.757349e-02;3.028344e-02;3.953557e-02
1.082983e-01;2.323706e-01;1.927987e-01;2.359447e-02;3.329495e-02;1.085655e-01;4.344079e-02;1.392615e-01;2.969808e-02;2.585154e-02;2.402402e-02;3.880151e-02
9.503198e-02;2.288879e-01;1.580067e-01;9.307035e-03;2.529248e-02;7.030959e-02;1.091568e-01;1.742359e-01;4.168513e-02;2.103409e-02;2.179299e-02;4.525933e-02
9.661406e-02;2.427171e-01;1.449331e-01;1.127684e-02;2.545948e-02;7.259720e-02;8.276828e-02;1.725263e-01;5.797588e-02;1.593148e-02;2.776812e-02;4.943221e-02
1.370558e-01;2.487724e-01;1.161526e-01;1.717300e-02;2.727890e-02;4.971220e-02;7.592183e-02;1.795666e-01;4.981897e-02;1.827992e-02;3.107044e-02;4.919727e-02
1.733329e-01;2.104020e-01;7.852296e-02;3.218610e-02;4.509962e-02;4.789201e-02;7.857637e-02;1.272390e-01;5.878448e-02;3.983684e-02;4.470519e-02;6.342255e-02
1.016155e-01;1.795705e-01;1.200148e-01;4.165491e-02;6.197872e-02;9.169217e-02;1.038937e-01;8.453252e-02;6.304266e-02;6.419216e-02;3.530288e-02;5.250940e-02
4.907263e-02;1.610796e-01;1.315651e-01;4.378228e-02;5.399291e-02;1.000619e-01;8.783235e-02;1.564306e-01;5.846148e-02;5.934877e-02;3.097738e-02;6.739499e-02
9.063010e-02;1.404424e-01;1.677449e-01;3.723269e-02;5.456554e-02;7.800785e-02;7.744696e-02;1.686900e-01;5.397898e-02;4.430727e-02;2.260519e-02;6.434809e-02
1.139674e-01;2.311550e-01;1.989927e-01;3.982965e-02;5.147123e-02;5.249763e-02;5.105699e-02;1.177191e-01;5.384037e-02;3.131423e-02;1.992400e-02;3.823167e-02
1.373342e-01;2.639267e-01;1.773875e-01;3.036974e-02;4.798597e-02;3.296558e-02;4.114929e-02;1.612274e-01;3.629530e-02;2.095043e-02;2.086665e-02;2.954131e-02
1.692509e-01;2.606924e-01;1.152654e-01;1.719624e-02;5.017916e-02;3.424349e-02;2.802842e-02;2.282691e-01;3.985579e-02;1.470569e-02;2.416550e-02;1.814777e-02
1.768689e-01;3.074880e-01;5.820174e-02;1.689741e-02;4.723353e-02;4.433032e-02;2.889478e-02;1.999353e-01;7.120758e-02;1.369120e-02;2.142517e-02;1.382602e-02
1.699770e-01;3.854251e-01;1.101593e-01;1.446258e-02;2.629557e-02;3.568463e-02;4.273079e-02;7.726774e-02;9.043886e-02;1.636204e-02;1.813778e-02;1.305869e-02
1.149840e-01;4.155407e-01;1.604009e-01;1.764380e-02;1.040787e-02;2.616725e-02;3.893945e-02;5.831368e-02;1.170480e-01;1.319867e-02;1.253598e-02;1.481976e-02
5.787851e-02;4.113608e-01;2.341186e-01;1.715244e-02;6.321244e-03;2.166720e-02;2.032140e-02;3.257314e-02;1.211912e-01;4.559487e-02;9.362815e-03;2.245778e-02
4.411662e-02;3.781040e-01;3.375877e-01;9.672820e-03;3.522311e-03;1.345596e-02;1.059379e-02;3.283164e-02;7.549143e-02;7.036786e-02;5.288533e-03;1.896730e-02
4.361420e-02;3.114107e-01;4.375461e-01;1.779858e-02;5.434015e-03;1.602428e-02;1.040750e-02;2.855883e-02;3.690652e-02;7.942049e-02;6.766956e-03;6.111799e-03
3.629654e-02;2.528501e-01;5.181001e-01;2.976499e-02;1.121362e-02;1.824083e-02;1.214268e-02;1.869219e-02;1.554435e-02;7.085803e-02;5.780254e-03;1.051627e-02
1.952964e-02;2.751591e-01;5.256609e-01;2.725019e-02;9.925297e-03;2.134684e-02;6.512129e-03;2.522759e-02;3.311525e-02;3.717165e-02;8.962533e-03;1.013895e-02
3.843709e-02;3.185598e-01;4.706544e-01;1.773759e-02;1.035619e-02;1.018792e-02;5.627246e-03;3.436457e-02;3.960068e-02;1.834517e-02;1.830819e-02;1.782117e-02
5.987211e-02;2.919447e-01;4.449272e-01;1.606973e-02;1.432699e-02;1.550144e-02;1.149096e-02;3.776162e-02;3.230214e-02;3.161345e-02;1.852823e-02;2.566134e-02
5.014834e-02;3.373982e-01;4.101815e-01;1.527363e-02;1.629331e-02;2.087443e-02;7.045524e-03;5.523182e-02;2.832440e-02;2.838236e-02;9.755450e-03;2.109103e-02
4.084435e-02;3.368924e-01;4.125127e-01;1.330318e-02;2.050173e-02;1.797538e-02;1.446347e-02;5.828682e-02;2.961877e-02;2.916539e-02;6.755273e-03;1.968055e-02
6.944393e-02;3.291318e-01;3.849759e-01;1.298533e-02;1.766912e-02;1.910790e-02;2.434733e-02;7.083359e-02;2.392761e-02;2.187399e-02;7.770421e-03;1.793306e-02
7.246552e-02;2.936301e-01;3.453842e-01;1.937972e-02;2.003573e-02;1.956061e-02;3.717845e-02;8.782165e-02;3.970239e-02;2.250907e-02;1.765108e-02;2.468145e-02
4.879267e-02;2.318471e-01;3.877739e-01;2.941785e-02;1.859660e-02;4.006219e-02;2.930583e-02;7.679290e-02;5.929315e-02;2.531934e-02;1.951187e-02;3.328655e-02
8.101963e-02;2.849930e-01;4.027156e-01;2.966968e-02;1.930186e-02;2.238273e-02;2.067198e-02;3.238850e-02;3.986504e-02;1.731388e-02;1.418646e-02;3.549166e-02
8.222575e-02;2.830424e-01;3.778843e-01;2.827494e-02;1.572627e-02;2.761284e-02;3.476140e-02;7.402310e-02;2.226032e-02;1.119277e-02;1.141234e-02;3.158353e-02
5.961192e-02;2.568979e-01;3.927453e-01;3.176493e-02;1.677614e-02;3.484005e-02;3.429423e-02;9.356772e-02;2.516485e-02;1.658363e-02;1.251581e-02;2.523750e-02
9.427556e-02;3.454258e-01;3.362097e-01;2.195204e-02;1.668638e-02;2.457014e-02;1.871162e-02;5.862286e-02;3.393150e-02;1.632407e-02;1.043135e-02;2.285902e-02
1.258174e-01;2.928477e-01;2.912202e-01;2.598664e-02;2.019402e-02;5.481626e-02;3.685466e-02;6.240549e-02;4.362436e-02;1.665995e-02;1.098022e-02;1.859307e-02
1.503695e-01;1.782238e-01;2.578108e-01;2.674682e-02;3.027011e-02;9.678014e-02;6.824960e-02;5.665623e-02;6.582700e-02;2.613422e-02;2.187453e-02;2.105721e-02
8.578742e-02;3.093519e-01;2.355635e-01;2.064897e-02;2.989588e-02;9.234720e-02;4.156053e-02;7.511312e-02;5.712219e-02;1.318321e-02;2.500626e-02;1.441980e-02
4.179973e-02;2.725371e-01;2.016554e-01;3.004118e-02;4.371870e-02;1.309407e-01;3.940103e-02;1.376750e-01;4.464289e-02;3.089537e-02;1.065721e-02;1.603564e-02
3.096148e-02;2.022754e-01;1.953581e-01;2.285700e-02;4.344193e-02;1.278608e-01;4.451888e-02;1.508508e-01;7.483360e-02;4.006327e-02;3.396796e-02;3.301082e-02
3.383869e-02;1.610196e-01;1.713654e-01;3.667231e-02;3.766780e-02;1.310417e-01;7.208952e-02;1.372662e-01;9.993976e-02;3.743368e-02;3.999140e-02;4.167395e-02
3.861626e-02;1.558526e-01;1.701656e-01;4.010355e-02;3.800094e-02;1.143423e-01;7.509819e-02;1.731519e-01;9.552123e-02;3.343250e-02;3.319536e-02;3.251949e-02
4.438619e-02;1.741693e-01;1.030282e-01;2.874457e-02;4.135283e-02;1.180888e-01;7.402968e-02;2.428576e-01;9.146143e-02;2.030948e-02;2.333570e-02;3.823622e-02
3.479279e-02;1.373304e-01;8.197939e-02;4.830216e-02;4.050335e-02;1.631141e-01;6.664945e-02;2.204500e-01;1.137460e-01;2.445458e-02;3.208314e-02;3.659472e-02
2.277932e-02;1.174573e-01;7.892679e-02;6.864858e-02;6.753577e-02;1.659561e-01;6.184936e-02;1.709700e-01;1.263595e-01;5.089241e-02;3.796997e-02;3.065489e-02
1.030552e-02;1.042192e-01;4.544966e-02;1.014842e-01;1.481946e-01;1.160010e-01;3.385302e-02;1.187489e-01;1.772956e-01;8.528650e-02;3.241901e-02;2.674281e-02
1.624272e-02;9.869072e-02;6.375422e-02;7.798661e-02;1.983681e-01;9.561615e-02;2.622364e-02;7.424156e-02;2.156456e-01;9.157471e-02;2.136377e-02;2.029231e-02
1.845107e-02;7.212998e-02;7.320715e-02;8.037690e-02;2.055402e-01;1.048771e-01;2.308034e-02;9.836319e-02;2.214219e-01;7.281925e-02;1.545675e-02;1.427626e-02
2.281912e-02;5.573746e-02;9.943490e-02;1.123244e-01;1.917218e-01;6.970444e-02;4.168182e-02;9.431762e-02;2.428110e-01;4.570051e-02;1.195602e-02;1.179083e-02
3.313597e-02;6.538079e-02;1.191724e-01;1.282194e-01;1.569797e-01;4.435634e-02;4.700758e-02;1.143528e-01;2.376893e-01;3.546822e-02;9.602007e-03;8.635576e-03
4.063727e-02;6.363837e-02;7.971206e-02;1.560015e-01;1.252044e-01;4.359938e-02;4.245470e-02;1.351403e-01;2.487977e-01;4.427018e-02;1.264743e-02;7.896679e-03
5.046321e-02;4.601333e-02;5.277544e-02;1.983509e-01;8.585606e-02;3.094247e-02;3.863462e-02;1.755477e-01;2.625725e-01;3.697261e-02;1.605553e-02;5.815614e-03
5.758131e-02;3.525563e-02;5.320267e-02;2.235387e-01;8.825111e-02;1.989203e-02;3.004185e-02;2.001091e-01;2.462587e-01;2.162834e-02;1.786099e-02;6.379515e-03
5.119084e-02;4.685343e-02;1.010461e-01;2.094056e-01;7.424337e-02;4.098229e-02;1.985570e-02;2.052386e-01;2.035983e-01;2.069602e-02;2.060680e-02;6.282896e-03
4.585804e-02;6.503619e-02;1.060832e-01;1.930565e-01;4.266034e-02;3.894350e-02;1.180768e-02;2.320118e-01;2.087758e-01;1.987124e-02;2.562280e-02;1.027290e-02
3.812273e-02;6.477015e-02;9.396122e-02;1.331564e-01;7.609117e-02;5.469325e-02;9.383916e-03;2.685219e-01;2.060530e-01;1.917030e-02;2.301326e-02;1.306257e-02
3.846231e-02;1.000604e-01;1.575069e-01;4.418109e-02;8.343426e-02;9.135829e-02;9.080681e-03;2.539759e-01;1.601821e-01;2.019903e-02;2.196099e-02;1.959813e-02
3.658175e-02;1.026125e-01;1.195391e-01;1.105568e-01;1.167851e-01;9.749428e-02;1.822042e-02;2.214920e-01;1.166435e-01;2.179329e-02;2.156308e-02;1.671816e-02
2.652515e-02;9.717157e-02;1.038171e-01;1.666462e-01;1.392617e-01;5.791450e-02;1.760799e-02;1.807048e-01;1.430283e-01;2.974262e-02;2.108896e-02;1.649116e-02
2.490906e-02;6.585205e-02;1.474989e-01;1.442688e-01;1.119758e-01;7.227392e-02;1.610518e-02;2.043644e-01;1.417418e-01;3.075263e-02;2.321240e-02;1.704512e-02
2.985712e-02;1.018041e-01;1.293278e-01;1.050564e-01;7.278303e-02;6.838499e-02;1.159713e-02;2.262535e-01;1.845037e-01;2.747816e-02;2.445089e-02;1.850327e-02
3.394746e-02;1.188067e-01;1.347521e-01;1.119903e-01;8.594395e-02;6.578933e-02;1.196163e-02;2.226386e-01;1.448056e-01;2.812756e-02;2.244965e-02;1.878710e-02
4.540103e-02;1.067498e-01;1.290191e-01;1.223735e-01;7.286455e-02;6.089172e-02;2.566767e-02;2.406235e-01;1.213391e-01;3.267417e-02;2.023063e-02;2.216530e-02
3.836322e-02;5.510671e-02;1.372303e-01;1.354854e-01;7.412742e-02;9.822366e-02;5.197845e-02;1.782314e-01;1.601954e-01;3.341838e-02;1.696691e-02;2.067281e-02
2.520632e-02;6.815723e-02;1.566366e-01;1.692019e-01;7.466456e-02;8.994216e-02;4.286951e-02;1.060051e-01;1.900052e-01;3.969881e-02;2.101113e-02;1.660145e-02
1.927631e-02;7.161754e-02;1.373544e-01;1.628295e-01;9.765439e-02;4.317938e-02;2.832764e-02;1.147135e-01;2.066910e-01;5.956285e-02;3.455597e-02;2.423735e-02
1.857374e-02;8.395497e-02;9.922063e-02;1.201876e-01;1.188091e-01;4.607668e-02;1.925766e-02;1.243216e-01;2.384439e-01;7.353139e-02;3.271665e-02;2.490609e-02
1.471389e-02;7.226396e-02;6.768490e-02;7.406828e-02;8.994325e-02;6.409281e-02;1.318953e-02;1.913278e-01;2.924137e-01;7.558582e-02;2.614432e-02;1.857179e-02
2.087409e-02;7.743686e-02;8.581541e-02;5.122244e-02;5.247817e-02;4.871907e-02;2.164823e-02;2.071444e-01;3.181197e-01;6.825338e-02;2.569285e-02;2.259547e-02
2.355654e-02;9.374069e-02;8.605153e-02;7.849436e-02;8.053480e-02;5.206116e-02;3.014284e-02;1.567880e-01;2.895401e-01;5.725633e-02;3.090978e-02;2.092395e-02
1.965054e-02;9.850947e-02;1.040388e-01;7.979609e-02;1.030530e-01;4.453982e-02;3.210211e-02;1.258931e-01;2.611717e-01;7.674211e-02;4.242385e-02;1.207940e-02
2.382992e-02;8.908262e-02;1.003578e-01;3.910210e-02;1.067105e-01;3.592860e-02;2.483597e-02;1.612366e-01;2.788980e-01;8.270460e-02;3.545082e-02;2.186251e-02
2.325598e-02;7.126695e-02;1.413525e-01;6.132917e-02;9.778456e-02;6.518728e-02;2.686976e-02;1.722158e-01;2.127780e-01;6.458182e-02;3.008093e-02;3.329732e-02
2.802879e-02;1.574528e-01;1.927594e-01;8.860718e-02;5.822276e-02;2.107118e-02;2.210283e-02;1.564870e-01;1.805257e-01;4.595041e-02;2.296259e-02;2.582934e-02
2.025387e-02;1.599292e-01;1.416771e-01;9.055058e-02;1.865257e-02;5.296795e-02;1.428902e-02;1.700305e-01;2.389592e-01;5.413234e-02;1.794595e-02;2.061177e-02
2.019156e-02;1.220130e-01;1.288940e-01;9.186880e-02;5.890481e-02;8.111016e-02;1.642779e-02;1.710918e-01;2.259911e-01;5.249377e-02;1.757630e-02;1.343689e-02
3.767540e-02;2.078797e-01;1.678810e-01;9.156574e-02;3.573330e-02;8.029357e-02;1.457283e-02;1.295037e-01;1.483625e-01;5.110936e-02;2.062248e-02;1.480039e-02
4.736982e-02;2.115623e-01;2.002638e-01;8.341077e-02;6.006283e-02;7.392272e-02;1.129171e-02;1.056786e-01;1.187918e-01;4.252575e-02;2.874863e-02;1.637134e-02
4.659873e-02;1.448347e-01;1.343310e-01;9.220417e-02;1.100268e-01;4.745738e-02;2.437218e-02;1.557145e-01;1.667972e-01;3.580926e-02;2.562069e-02;1.623344e-02
4.096102e-02;8.401790e-02;9.243357e-02;9.669406e-02;1.117427e-01;1.114415e-01;3.061258e-02;1.547792e-01;1.513715e-01;5.480006e-02;3.420865e-02;3.693729e-02
2.825231e-02;8.992779e-02;1.482546e-01;6.798933e-02;7.228474e-02;1.473647e-01;3.534958e-02;1.466483e-01;1.229274e-01;5.383473e-02;4.351565e-02;4.365083e-02
