3.013732e-02;1.530182e-01;1.731998e-01;3.360362e-02;5.575715e-02;1.051896e-01;5.912179e-02;1.830352e-01;1.319455e-01;2.814282e-02;2.202058e-02;2.482836e-02
2.627853e-02;1.522523e-01;1.868862e-01;3.224615e-02;4.974761e-02;1.849396e-01;4.673663e-02;1.484859e-01;1.057300e-01;2.686058e-02;2.073374e-02;1.910266e-02
2.188216e-02;1.553974e-01;1.943990e-01;4.026551e-02;5.371642e-02;1.852572e-01;4.669323e-02;1.156740e-01;1.307518e-01;2.082983e-02;1.764255e-02;1.749090e-02
2.361796e-02;1.291135e-01;1.336470e-01;5.576510e-02;7.758676e-02;1.583273e-01;6.556574e-02;1.326754e-01;1.665671e-01;2.810690e-02;1.475885e-02;1.426843e-02
3.055771e-02;7.772580e-02;7.460678e-02;6.688931e-02;7.771855e-02;1.617593e-01;1.136871e-01;1.336348e-01;1.620566e-01;5.062537e-02;2.857687e-02;2.216187e-02
4.621074e-02;6.119639e-02;8.247577e-02;7.908673e-02;1.650379e-01;1.608934e-01;1.082475e-01;9.477453e-02;1.149789e-01;4.850417e-02;2.030582e-02;1.828817e-02
5.624661e-02;6.960814e-02;6.746170e-02;1.097805e-01;2.081654e-01;1.420847e-01;7.669326e-02;8.464872e-02;1.097192e-01;4.563809e-02;1.391002e-02;1.604367e-02
6.211462e-02;4.774281e-02;4.013311e-02;1.921672e-01;1.999093e-01;9.600388e-02;5.837589e-02;9.444278e-02;1.413912e-01;4.860488e-02;7.818329e-03;1.129600e-02
5.802653e-02;3.688083e-02;7.704650e-02;2.518417e-01;1.291790e-01;5.955498e-02;3.899461e-02;1.294525e-01;1.530461e-01;4.614903e-02;5.603363e-03;1.422490e-02
4.951893e-02;5.489146e-02;1.339890e-01;2.290277e-01;7.881714e-02;6.786496e-02;1.821366e-02;1.644839e-01;1.288931e-01;4.106837e-02;9.151539e-03;2.408027e-02
4.209455e-02;7.644933e-02;1.419984e-01;1.686744e-01;6.363666e-02;7.235479e-02;2.248561e-02;1.895164e-01;1.109868e-01;4.309714e-02;2.732844e-02;4.137756e-02
3.064382e-02;6.281147e-02;6.772766e-02;1.211070e-01;6.399580e-02;1.031023e-01;3.268116e-02;2.458744e-01;1.540527e-01;4.092907e-02;4.011538e-02;3.695924e-02
1.402042e-02;6.556556e-02;5.775764e-02;1.387489e-01;1.294474e-01;1.087391e-01;2.884959e-02;2.019004e-01;1.807138e-01;3.527792e-02;2.362126e-02;1.535793e-02
1.747649e-02;4.316472e-02;8.714305e-02;1.458259e-01;1.600676e-01;1.039842e-01;5.009723e-02;1.134268e-01;2.027915e-01;5.285560e-02;1.638970e-02;6.777248e-03
1.165225e-02;2.900432e-02;7.316682e-02;1.237078e-01;1.430710e-01;8.266195e-02;5.205794e-02;2.010322e-01;1.908661e-01;6.572220e-02;1.357198e-02;1.348551e-02
6.527369e-02;7.104440e-02;1.147652e-01;1.038191e-01;1.005140e-01;7.475839e-02;5.018812e-02;1.764567e-01;9.879796e-02;3.709495e-02;6.125458e-02;4.603293e-02
7.376869e-02;1.088182e-01;1.380117e-01;5.588591e-02;6.085373e-02;1.181315e-01;6.435065e-02;1.539117e-01;8.397606e-02;6.313349e-02;4.293370e-02;3.622467e-02
6.213278e-02;1.283526e-01;1.532471e-01;5.649292e-02;5.202354e-02;1.036561e-01;7.438145e-02;1.604425e-01;8.857612e-02;6.106913e-02;2.011454e-02;3.951117e-02
4.468960e-02;1.384947e-01;1.604832e-01;4.950842e-02;4.204815e-02;1.009078e-01;9.550529e-02;1.650511e-01;9.197345e-02;4.734865e-02;2.116060e-02;4.282894e-02
3.196736e-02;1.151516e-01;1.468681e-01;4.843719e-02;3.481921e-02;1.344662e-01;1.112202e-01;1.585487e-01;8.313452e-02;3.820539e-02;4.568416e-02;5.149743e-02
4.513603e-02;6.728727e-02;1.302568e-01;5.816867e-02;5.420740e-02;2.089343e-01;1.230898e-01;1.049352e-01;6.569427e-02;2.760445e-02;6.475922e-02;4.992653e-02
2.991353e-02;4.892033e-02;1.416978e-01;3.791301e-02;3.913657e-02;3.042431e-01;1.390851e-01;6.695291e-02;6.436007e-02;1.360467e-02;7.870910e-02;3.546387e-02
1.994347e-02;2.085502e-02;1.470183e-01;1.828664e-02;2.154517e-02;3.546044e-01;1.786317e-01;4.208954e-02;7.039639e-02;8.694566e-03;8.835814e-02;2.957652e-02
1.462723e-02;1.230305e-02;1.370158e-01;1.470263e-02;3.161916e-02;3.324991e-01;2.684028e-01;2.570244e-02;6.107835e-02;6.459153e-03;7.218813e-02;2.340217e-02
1.610075e-02;7.877085e-03;9.508027e-02;4.883797e-02;2.951296e-02;2.381383e-01;4.123844e-01;2.784568e-02;3.407650e-02;1.192486e-02;3.830380e-02;3.991738e-02
1.376175e-02;1.503226e-02;4.754462e-02;1.051462e-01;1.583471e-02;1.143200e-01;5.347008e-01;3.951290e-02;1.292362e-02;1.095786e-02;8.553788e-03;8.171155e-02
9.216168e-03;1.992209e-02;2.068652e-02;1.430104e-01;9.166596e-03;5.883157e-02;5.279784e-01;5.848177e-02;1.159970e-02;1.562057e-02;1.209850e-02;1.133876e-01
1.185603e-02;1.897826e-02;1.740214e-02;1.470411e-01;2.307174e-02;6.404959e-02;4.629143e-01;7.196766e-02;1.315736e-02;2.469500e-02;1.215306e-02;1.327137e-01
4.093714e-02;2.815156e-02;1.817326e-02;1.301040e-01;2.295207e-02;4.972855e-02;3.887061e-01;9.509738e-02;1.614815e-02;3.456136e-02;2.557441e-02;1.498660e-01
8.398056e-02;5.593358e-02;2.556220e-02;9.942653e-02;2.193937e-02;6.099576e-02;2.845502e-01;1.328787e-01;1.359202e-02;3.126118e-02;2.870443e-02;1.611754e-01
1.041613e-01;8.135361e-02;5.705383e-02;7.994860e-02;2.360595e-02;4.400656e-02;1.478710e-01;1.855683e-01;2.859603e-02;2.641957e-02;2.995689e-02;1.914584e-01
4.149234e-02;7.388129e-02;6.595889e-02;7.889781e-02;2.731243e-02;1.043035e-01;2.498931e-01;1.269831e-01;3.715629e-02;2.846640e-02;1.966127e-02;1.459936e-01
2.450093e-02;5.032022e-02;4.764709e-02;5.863841e-02;3.025230e-02;1.222280e-01;4.415747e-01;5.835166e-02;3.065300e-02;2.552698e-02;2.012909e-02;9.017754e-02
2.255051e-02;3.547299e-02;2.783509e-02;3.703170e-02;2.130828e-02;1.781817e-01;4.624392e-01;5.984615e-02;2.475633e-02;1.626934e-02;3.864836e-02;7.566039e-02
2.243813e-02;4.479473e-02;5.385677e-02;1.990192e-02;3.027910e-02;2.624438e-01;3.508508e-01;7.600722e-02;3.778052e-02;1.603669e-02;3.141050e-02;5.419977e-02
2.190639e-02;6.085037e-02;5.713313e-02;2.228971e-02;2.297339e-02;2.187998e-01;3.525039e-01;1.147499e-01;5.515138e-02;1.752775e-02;1.887155e-02;3.724271e-02
2.325268e-02;3.936287e-02;2.992409e-02;2.428435e-02;2.943929e-02;2.520757e-01;3.567163e-01;1.175859e-01;6.097841e-02;1.906918e-02;1.092652e-02;3.638465e-02
2.525175e-02;2.009160e-02;5.438932e-02;3.870044e-02;3.347741e-02;2.738903e-01;3.327225e-01;1.020122e-01;5.153064e-02;1.508030e-02;1.465537e-02;3.819810e-02
2.365591e-02;3.752800e-02;6.069260e-02;4.098692e-02;2.085064e-02;3.256374e-01;3.118397e-01;6.089228e-02;4.894718e-02;1.522667e-02;2.508803e-02;2.865467e-02
2.446494e-02;6.492811e-02;6.867765e-02;3.432768e-02;1.956023e-02;3.221729e-01;2.509523e-01;8.676375e-02;5.648722e-02;1.641502e-02;2.223769e-02;3.301251e-02
3.580978e-02;1.353297e-01;1.349067e-01;2.315014e-02;2.110903e-02;2.542453e-01;2.380423e-01;6.107669e-02;3.153008e-02;1.159194e-02;1.343704e-02;3.977137e-02
3.813063e-02;1.351268e-01;7.171462e-02;2.604093e-02;1.392262e-02;1.963519e-01;3.295208e-01;8.477999e-02;3.604829e-02;1.365183e-02;1.101073e-02;4.370072e-02
4.278257e-02;1.310177e-01;8.777780e-02;4.540892e-02;1.633422e-02;1.147664e-01;3.793156e-01;1.043747e-01;2.411592e-02;8.733289e-03;1.141035e-02;3.396256e-02
4.454888e-02;1.458382e-01;8.797791e-02;7.303933e-02;1.809411e-02;1.130718e-01;3.235681e-01;1.180779e-01;2.428935e-02;1.070015e-02;1.042600e-02;3.036815e-02
5.618019e-02;1.704004e-01;1.075502e-01;1.152795e-01;1.673284e-02;1.572478e-01;1.626774e-01;1.275948e-01;2.791789e-02;1.622360e-02;1.020729e-02;3.198802e-02
5.532052e-02;1.557293e-01;1.126892e-01;1.315137e-01;1.868383e-02;1.602310e-01;1.992571e-01;8.895893e-02;1.940042e-02;1.659633e-02;1.039959e-02;3.122012e-02
4.051461e-02;1.105828e-01;8.466778e-02;1.284381e-01;2.442250e-02;1.980608e-01;2.107222e-01;5.460117e-02;2.580445e-02;2.313593e-02;2.334452e-02;7.570510e-02
4.562509e-02;1.165407e-01;9.863152e-02;9.219848e-02;5.149831e-02;1.984416e-01;2.004469e-01;2.513327e-02;1.958553e-02;1.149005e-02;3.067981e-02;1.097288e-01
4.404357e-02;1.125525e-01;1.369623e-01;5.636710e-02;6.448077e-02;1.994683e-01;1.851160e-01;2.928921e-02;1.235326e-02;9.706683e-03;5.078498e-02;9.887529e-02
3.487718e-02;7.867568e-02;1.387717e-01;4.288965e-02;5.374445e-02;2.141113e-01;2.023771e-01;4.297806e-02;1.293447e-02;8.552285e-03;7.426170e-02;9.582640e-02
2.648625e-02;4.055262e-02;1.293037e-01;2.361373e-02;4.260710e-02;2.603519e-01;2.015663e-01;4.413968e-02;1.294041e-02;9.605651e-03;1.317490e-01;7.708373e-02
9.062174e-03;1.934203e-02;1.375260e-01;1.064370e-02;4.368854e-02;3.661397e-01;1.111281e-01;2.183602e-02;1.879100e-02;1.997898e-02;2.097913e-01;3.207245e-02
1.914660e-02;2.647167e-02;1.186322e-01;1.514042e-02;5.248400e-02;4.357233e-01;1.905357e-02;1.125832e-02;2.187454e-02;3.327037e-02;2.209951e-01;2.594986e-02
1.520218e-02;3.426113e-02;7.599564e-02;1.368523e-02;6.070350e-02;4.668840e-01;6.001432e-02;1.744770e-02;1.846039e-02;4.144437e-02;1.814962e-01;1.440530e-02
1.378177e-02;5.866383e-02;3.884710e-02;2.398857e-02;9.494119e-02;4.198660e-01;7.071539e-02;2.444958e-02;2.464331e-02;9.035116e-02;1.299660e-01;9.786089e-03
9.141738e-03;1.077448e-01;1.921590e-02;3.619921e-02;1.427449e-01;3.005913e-01;4.089763e-02;3.811193e-02;4.385684e-02;1.526130e-01;1.014737e-01;7.409062e-03
7.011535e-03;1.409016e-01;2.056718e-02;4.344403e-02;1.779182e-01;1.528162e-01;6.701072e-02;4.693805e-02;7.699230e-02;2.041558e-01;5.419018e-02;8.054186e-03
6.046294e-03;1.594861e-01;2.751184e-02;4.953189e-02;1.691826e-01;9.631772e-02;7.955760e-02;5.306383e-02;1.197019e-01;2.102890e-01;2.141208e-02;7.899133e-03
1.062464e-02;1.701914e-01;5.780673e-02;5.190558e-02;1.275271e-01;8.972646e-02;4.995306e-02;7.849077e-02;1.536098e-01;1.737966e-01;2.780680e-02;8.561042e-03
1.825899e-02;1.404028e-01;1.041036e-01;5.119759e-02;6.376088e-02;1.310509e-01;4.775685e-02;1.264335e-01;1.690644e-01;1.214961e-01;1.287615e-02;1.359813e-02
2.398346e-02;7.489084e-02;1.058152e-01;5.017338e-02;5.796651e-02;1.951652e-01;7.325394e-02;1.391855e-01;1.363613e-01;8.027194e-02;2.646310e-02;3.646954e-02
2.267230e-02;6.209540e-02;7.143637e-02;4.181499e-02;8.929641e-02;2.045159e-01;1.224227e-01;9.431943e-02;9.049403e-02;1.116971e-01;2.296480e-02;6.627055e-02
2.895637e-02;6.905288e-02;9.845718e-02;3.293583e-02;7.620725e-02;1.509207e-01;2.152998e-01;6.535222e-02;5.721041e-02;1.288723e-01;3.489699e-02;4.183808e-02
1.659276e-02;3.737971e-02;6.802303e-02;3.296250e-02;2.508997e-02;3.027003e-01;2.817646e-01;6.082114e-02;4.671165e-02;7.606858e-02;2.431810e-02;2.756771e-02
1.719404e-02;4.562573e-02;3.928735e-02;2.528752e-02;4.519327e-02;3.126963e-01;2.833475e-01;5.321269e-02;6.706031e-02;5.302790e-02;2.126064e-02;3.680670e-02
2.544129e-02;7.737626e-02;7.095458e-02;3.478723e-02;6.939832e-02;1.825341e-01;2.432581e-01;3.889638e-02;7.381351e-02;5.693711e-02;6.169406e-02;6.490903e-02
2.565080e-02;8.007281e-02;5.380531e-02;4.897191e-02;6.210415e-02;2.464265e-01;1.530156e-01;5.394486e-02;8.387614e-02;5.632168e-02;6.453952e-02;7.127076e-02
2.809170e-02;6.475787e-02;7.454246e-02;6.593846e-02;4.425707e-02;2.900344e-01;1.338425e-01;7.585167e-02;8.423281e-02;5.839137e-02;4.333663e-02;3.672305e-02
3.463144e-02;8.306008e-02;9.645380e-02;8.583454e-02;4.048629e-02;2.242477e-01;1.120073e-01;1.170216e-01;6.756384e-02;7.513506e-02;4.120987e-02;2.234843e-02
2.340934e-02;1.023276e-01;9.948147e-02;7.622194e-02;1.269452e-01;2.277422e-01;8.049334e-02;1.019619e-01;4.784403e-02;7.612368e-02;2.070586e-02;1.674343e-02
1.776718e-02;9.662926e-02;8.670551e-02;5.769221e-02;2.046090e-01;2.238771e-01;3.784733e-02;8.096217e-02;5.229947e-02;8.317916e-02;3.815485e-02;2.027680e-02
1.485073e-02;7.040190e-02;4.294154e-02;5.871468e-02;2.900460e-01;2.003631e-01;3.645571e-02;6.516533e-02;6.883181e-02;1.028893e-01;3.396776e-02;1.537214e-02
1.494123e-02;4.719174e-02;1.104767e-02;9.380525e-02;3.806967e-01;1.354058e-01;4.476221e-02;5.032479e-02;7.596175e-02;1.211366e-01;1.670090e-02;8.025370e-03
7.897661e-03;4.988491e-02;1.651163e-02;9.480321e-02;4.477275e-01;8.365446e-02;3.177212e-02;4.617720e-02;7.203819e-02;1.342070e-01;9.147356e-03;6.178823e-03
6.493791e-03;6.083246e-02;8.401615e-03;7.183772e-02;4.552298e-01;1.105570e-01;1.394873e-02;5.766900e-02;5.719740e-02;1.386964e-01;1.252863e-02;6.607382e-03
2.831724e-03;8.008695e-02;1.117057e-02;5.972091e-02;4.400963e-01;8.678807e-02;2.526034e-02;7.337020e-02;5.261593e-02;1.389129e-01;2.270183e-02;6.444206e-03
3.473777e-03;9.168202e-02;2.525244e-02;5.625887e-02;3.411708e-01;1.801242e-01;3.392733e-02;8.136134e-02;4.481587e-02;1.075772e-01;2.692509e-02;7.430966e-03
3.765493e-03;8.182982e-02;4.233453e-02;5.761997e-02;1.787446e-01;3.766580e-01;3.848421e-02;6.118377e-02;3.358806e-02;6.313863e-02;5.538853e-02;7.264419e-03
5.403589e-03;5.271360e-02;6.088386e-02;4.634534e-02;1.004382e-01;5.111220e-01;2.996647e-02;3.670982e-02;2.959798e-02;4.007214e-02;8.178892e-02;4.958068e-03
8.193980e-03;2.702504e-02;7.722742e-02;3.186363e-02;9.367418e-02;5.582485e-01;4.632127e-02;1.822465e-02;3.042248e-02;2.024235e-02;8.268057e-02;5.875925e-03
7.259913e-03;2.109458e-02;1.024999e-01;1.963382e-02;9.751961e-02;5.516218e-01;3.048624e-02;1.791073e-02;3.835896e-02;2.237072e-02;8.085019e-02;1.039355e-02
7.162921e-03;1.970585e-02;1.227387e-01;2.624884e-02;1.005494e-01;4.728145e-01;4.448910e-02;1.856374e-02;6.356127e-02;3.736725e-02;7.236702e-02;1.443149e-02
8.587007e-03;3.131140e-02;1.153947e-01;4.256039e-02;1.256080e-01;3.443363e-01;3.824593e-02;2.812396e-02;1.291085e-01;5.312057e-02;6.676511e-02;1.683805e-02
1.240926e-02;2.647205e-02;9.527276e-02;3.449273e-02;1.811913e-01;2.106266e-01;6.685717e-02;3.347909e-02;2.009583e-01;5.659323e-02;6.231885e-02;1.932858e-02
1.166276e-02;1.546085e-02;1.493569e-01;2.757288e-02;1.942606e-01;1.360148e-01;6.446882e-02;3.461117e-02;2.302942e-01;4.999740e-02;5.720977e-02;2.908995e-02
1.614150e-02;2.988164e-02;1.648261e-01;2.198980e-02;1.210003e-01;2.807744e-01;3.462650e-02;3.222206e-02;1.503703e-01;3.788128e-02;8.650207e-02;2.378416e-02
1.663125e-02;2.922889e-02;1.356701e-01;1.961233e-02;7.570746e-02;3.927942e-01;7.063195e-02;2.740456e-02;7.662349e-02;3.674024e-02;9.922221e-02;1.973330e-02
1.516283e-02;2.033722e-02;9.883705e-02;1.229177e-02;6.414226e-02;5.290576e-01;6.786040e-02;2.099078e-02;4.380987e-02;2.319403e-02;9.135583e-02;1.296029e-02
1.209543e-02;1.362796e-02;7.981528e-02;1.225317e-02;5.222622e-02;6.150811e-01;4.896467e-02;1.581363e-02;3.425939e-02;2.252910e-02;8.351972e-02;9.814383e-03
1.065575e-02;1.792636e-02;8.096780e-02;1.273615e-02;3.716232e-02;6.503367e-01;3.801458e-02;1.498733e-02;2.737765e-02;1.800646e-02;8.247726e-02;9.351699e-03
1.084231e-02;1.826936e-02;8.259187e-02;1.450868e-02;4.931007e-02;6.275012e-01;3.359573e-02;1.797524e-02;2.933319e-02;2.029581e-02;8.719301e-02;8.583450e-03
1.024001e-02;3.260061e-02;7.984040e-02;1.731553e-02;4.891538e-02;5.677016e-01;3.040108e-02;2.685589e-02;4.485580e-02;3.162343e-02;9.603587e-02;1.361434e-02
9.561239e-03;4.588874e-02;7.339890e-02;2.053848e-02;4.219757e-02;4.966487e-01;4.326138e-02;5.849442e-02;7.744259e-02;3.500578e-02;8.721772e-02;1.034449e-02
1.551963e-02;3.800848e-02;7.323375e-02;2.431292e-02;6.416769e-02;4.439940e-01;3.639194e-02;7.999931e-02;1.053724e-01;3.562968e-02;6.492788e-02;1.844233e-02
1.765344e-02;3.879394e-02;7.642823e-02;3.256491e-02;1.340465e-01;3.710497e-01;4.181655e-02;5.621642e-02;9.684095e-02;5.964161e-02;5.069283e-02;2.425498e-02
1.770377e-02;6.281265e-02;7.419967e-02;1.739023e-02;1.112944e-01;2.783236e-01;6.899931e-02;8.790644e-02;1.434875e-01;6.595375e-02;4.699732e-02;2.493135e-02
1.437515e-02;8.452585e-02;9.154183e-02;2.035834e-02;1.147749e-01;1.556087e-01;6.474958e-02;1.328869e-01;1.975131e-01;7.369477e-02;2.775808e-02;2.221286e-02
1.982228e-02;7.116988e-02;9.479479e-02;3.647730e-02;8.502563e-02;2.752443e-01;5.645707e-02;1.086273e-01;1.555780e-01;6.028528e-02;1.923693e-02;1.728134e-02
1.885317e-02;5.552957e-02;7.062059e-02;5.303057e-02;9.260068e-02;3.571913e-01;7.078083e-02;7.534014e-02;9.049758e-02;5.838308e-02;3.697467e-02;2.019781e-02
2.968409e-02;3.886480e-02;7.704332e-02;6.763685e-02;1.349623e-01;2.650641e-01;9.943914e-02;5.176049e-02;8.663946e-02;8.247340e-02;5.408444e-02;1.234763e-02
5.981818e-02;6.853146e-02;1.026683e-01;6.567103e-02;9.031882e-02;1.357016e-01;9.177732e-02;8.597818e-02;1.004878e-01;9.523976e-02;5.933292e-02;4.447460e-02
6.246205e-02;9.789531e-02;1.369879e-01;5.755905e-02;5.824622e-02;1.139338e-01;9.776282e-02;1.080037e-01;8.152981e-02;8.118140e-02;5.388249e-02;5.055550e-02
4.696187e-02;9.354711e-02;1.163437e-01;4.532402e-02;5.289823e-02;2.276500e-01;1.209660e-01;8.262129e-02;5.862251e-02;3.918286e-02;5.603867e-02;5.984381e-02
3.414736e-02;8.249933e-02;8.750881e-02;4.149504e-02;5.479337e-02;3.375830e-01;1.188389e-01;4.301480e-02;3.413931e-02;3.079594e-02;7.914853e-02;5.603560e-02
1.750480e-02;7.199544e-02;6.606987e-02;3.011835e-02;6.904195e-02;4.125649e-01;8.635224e-02;4.968363e-02;3.881815e-02;3.078857e-02;8.768346e-02;3.937864e-02
7.074232e-03;6.398138e-02;4.596373e-02;3.280837e-02;9.541523e-02;4.688820e-01;3.755652e-02;8.483259e-02;4.168099e-02;5.046838e-02;5.789766e-02;1.343894e-02
4.160106e-03;7.771687e-02;2.610945e-02;3.580422e-02;1.213474e-01;4.153818e-01;4.404907e-02;1.257108e-01;4.178654e-02;7.460173e-02;2.816514e-02;5.166796e-03
3.982815e-03;8.031655e-02;1.307497e-02;4.444015e-02;1.744944e-01;3.761369e-01;2.298377e-02;1.173416e-01;4.057778e-02;7.867260e-02;4.533669e-02;2.641838e-03
9.293056e-03;8.336390e-02;1.667616e-02;4.828249e-02;2.018043e-01;3.682052e-01;1.107462e-02;1.022582e-01;3.533093e-02;4.978238e-02;6.913888e-02;4.789866e-03
1.568299e-02;7.709610e-02;1.345598e-02;6.201188e-02;1.943432e-01;3.641803e-01;1.378599e-02;7.313203e-02;4.112739e-02;4.178810e-02;9.490661e-02;8.489438e-03
2.037809e-02;6.898867e-02;4.121800e-02;8.017731e-02;1.473054e-01;3.271575e-01;3.623138e-02;6.683214e-02;5.158909e-02;5.907934e-02;8.495430e-02;1.608875e-02
1.989128e-02;6.224677e-02;5.286252e-02;9.491291e-02;1.001292e-01;2.868416e-01;7.320469e-02;9.471712e-02;7.270558e-02;5.712004e-02;6.615844e-02;1.920991e-02
2.221298e-02;7.861744e-02;4.190584e-02;1.190495e-01;8.224368e-02;1.884127e-01;1.023419e-01;1.273742e-01;9.963986e-02;4.307039e-02;7.305031e-02;2.208108e-02
2.196536e-02;6.094252e-02;3.384491e-02;1.075172e-01;1.020788e-01;1.836784e-01;9.497410e-02;1.401568e-01;9.579918e-02;6.708948e-02;6.857602e-02;2.337717e-02
2.964403e-02;3.030428e-02;2.778836e-02;8.099765e-02;7.325059e-02;3.470191e-01;6.140774e-02;1.267915e-01;8.547230e-02;4.881464e-02;5.989747e-02;2.861235e-02
4.215998e-02;4.012628e-02;2.750517e-02;1.158994e-01;7.215735e-02;3.581492e-01;3.518761e-02;1.083593e-01;6.017788e-02;4.470848e-02;4.976167e-02;4.580769e-02
4.003461e-02;5.463445e-02;2.033297e-02;1.323484e-01;1.182390e-01;2.848711e-01;3.710182e-02;7.582846e-02;5.400862e-02;6.599084e-02;4.134362e-02;7.526603e-02
2.207236e-02;5.470036e-02;9.996204e-03;1.242562e-01;1.753859e-01;2.348941e-01;1.657353e-02;5.895395e-02;5.709838e-02;8.494741e-02;3.199878e-02;1.291229e-01
9.576943e-03;5.503444e-02;7.996495e-03;9.467012e-02;1.978939e-01;1.997803e-01;1.409029e-02;5.994821e-02;7.752304e-02;1.155521e-01;1.644191e-02;1.514922e-01
1.299370e-02;5.607763e-02;1.102792e-02;6.794511e-02;1.982958e-01;1.768873e-01;1.334747e-02;7.310198e-02;1.197225e-01;1.338986e-01;2.573804e-02;1.109640e-01
6.913183e-03;4.667066e-02;2.418056e-02;7.741611e-02;1.558232e-01;1.799816e-01;2.990673e-02;8.302752e-02;1.733721e-01;1.278344e-01;3.713889e-02;5.773501e-02
1.003101e-02;2.955388e-02;4.749615e-02;9.568590e-02;1.556393e-01;1.601230e-01;2.932970e-02;1.168131e-01;2.199378e-01;7.545391e-02;2.886321e-02;3.107298e-02
1.579186e-02;2.507090e-02;5.007218e-02;9.685057e-02;1.341153e-01;1.227926e-01;4.402229e-02;1.649148e-01;2.739252e-01;3.745517e-02;1.937894e-02;1.561027e-02
1.858584e-02;1.626169e-02;5.242572e-02;1.167540e-01;5.442039e-02;1.268654e-01;6.147137e-02;1.717999e-01;2.905354e-01;3.998422e-02;2.520580e-02;2.569030e-02
1.731201e-02;2.726750e-02;2.907488e-02;1.014374e-01;1.732108e-01;1.619584e-01;7.379612e-02;1.277278e-01;1.944221e-01;4.861675e-02;2.667558e-02;1.850071e-02
1.554475e-02;3.993769e-02;3.153012e-02;6.552257e-02;2.864211e-01;6.543276e-02;6.222501e-02;1.577153e-01;1.150111e-01;1.032251e-01;3.116219e-02;2.627236e-02
7.063575e-03;5.616001e-02;2.081580e-02;4.009184e-02;2.416764e-01;2.227370e-01;3.873231e-02;1.755185e-01;4.627266e-02;1.097317e-01;2.542257e-02;1.577763e-02
5.063045e-03;6.911806e-02;1.727098e-02;4.056917e-02;2.096337e-01;2.941746e-01;3.635534e-02;1.752150e-01;2.370734e-02;1.044796e-01;1.396431e-02;1.044882e-02
1.564142e-03;8.143823e-02;1.420872e-02;3.863351e-02;2.012387e-01;3.263111e-01;2.309382e-02;1.600563e-01;2.110965e-02;1.129652e-01;8.791015e-03;1.058960e-02
3.504554e-03;9.520883e-02;7.857035e-03;3.135056e-02;2.138034e-01;3.214381e-01;1.270494e-02;1.234436e-01;1.839268e-02;1.412593e-01;1.824614e-02;1.279085e-02
5.585701e-03;1.021496e-01;7.170082e-03;2.885602e-02;2.446226e-01;2.578005e-01;1.340244e-02;7.655821e-02;1.610474e-02;1.895646e-01;3.236058e-02;2.582500e-02
9.884568e-03;1.021020e-01;5.026096e-03;3.132678e-02;2.852440e-01;1.438060e-01;1.415740e-02;4.044385e-02;1.676091e-02;2.538718e-01;4.429533e-02;5.308135e-02
1.099179e-02;1.004976e-01;7.669753e-03;3.409258e-02;2.950627e-01;8.201992e-02;1.875309e-02;3.381556e-02;2.113547e-02;2.848753e-01;2.012178e-02;9.096439e-02
1.444868e-02;1.102584e-01;8.616126e-03;3.849521e-02;2.787215e-01;6.178043e-02;1.089150e-02;2.902535e-02;2.702287e-02;2.716977e-01;2.956496e-02;1.194773e-01
1.026032e-02;1.366552e-01;6.521876e-03;4.569803e-02;2.908840e-01;4.816672e-02;8.903218e-03;1.497045e-02;2.490834e-02;2.689059e-01;1.185783e-02;1.322680e-01
1.048668e-02;1.458883e-01;7.222444e-03;5.751635e-02;2.827097e-01;6.001647e-02;8.773276e-03;1.647347e-02;3.112523e-02;2.417052e-01;2.005805e-02;1.180248e-01
2.124593e-02;1.246689e-01;1.658349e-02;7.799346e-02;2.856370e-01;6.654837e-02;1.438390e-02;2.038989e-02;4.033997e-02;2.228631e-01;1.552136e-02;9.382465e-02
2.444628e-02;7.314260e-02;3.107124e-02;9.653337e-02;2.981707e-01;6.438030e-02;3.163248e-02;3.563044e-02;5.591624e-02;2.103752e-01;8.424926e-03;7.027627e-02
2.312480e-02;4.197711e-02;5.191730e-02;1.074407e-01;2.565362e-01;9.880481e-02;3.196485e-02;3.040102e-02;8.311367e-02;2.169295e-01;1.050980e-02;4.728026e-02
7.684954e-02;2.919402e-02;6.732232e-02;1.159408e-01;1.929891e-01;7.766837e-02;2.604882e-02;2.498656e-02;1.085082e-01;2.229071e-01;1.956989e-02;3.801524e-02
1.498773e-01;2.930590e-02;6.376093e-02;1.121450e-01;1.529238e-01;6.107127e-02;3.775686e-02;2.404531e-02;1.387873e-01;1.810541e-01;2.478094e-02;2.449124e-02
2.022144e-01;2.812463e-02;6.493319e-02;1.199923e-01;1.205486e-01;3.498254e-02;4.822966e-02;3.026524e-02;1.665471e-01;1.167684e-01;4.166592e-02;2.572791e-02
2.352439e-01;2.595065e-02;6.541560e-02;1.675089e-01;5.670836e-02;2.647010e-02;4.592646e-02;3.505638e-02;1.840273e-01;6.670647e-02;6.683505e-02;2.415076e-02
2.237877e-01;2.367803e-02;5.550249e-02;2.037227e-01;6.903134e-02;2.260585e-02;3.624977e-02;3.603425e-02;1.802004e-01;3.620419e-02;1.048478e-01;8.135487e-03
1.599321e-01;2.794945e-02;8.187196e-02;2.050883e-01;1.053478e-01;1.150578e-02;2.203195e-02;4.884874e-02;1.653345e-01;5.158215e-02;1.148937e-01;5.613480e-03
1.046007e-01;5.501106e-02;1.193924e-01;1.920674e-01;1.072516e-01;3.080647e-02;2.366549e-02;8.009673e-02;1.477385e-01;3.564265e-02;9.152953e-02;1.219744e-02
7.278731e-02;7.229563e-02;1.341587e-01;1.603780e-01;9.233208e-02;5.655896e-02;2.543854e-02;1.106764e-01;1.379684e-01;6.437301e-02;5.570788e-02;1.732509e-02
3.620387e-02;5.563641e-02;8.891679e-02;8.236730e-02;1.065971e-01;1.020831e-01;5.681361e-02;1.245296e-01;1.613128e-01;1.143491e-01;3.508617e-02;3.610407e-02
3.201262e-02;1.547818e-02;4.830496e-02;7.320502e-02;1.180394e-01;1.117929e-01;7.241088e-02;1.050828e-01;1.949037e-01;1.611454e-01;3.267344e-02;3.495086e-02
3.777317e-02;1.054136e-02;3.917608e-02;9.015924e-02;5.725591e-02;1.170381e-01;7.372761e-02;1.361461e-01;2.117045e-01;1.660078e-01;4.216961e-02;1.830051e-02
2.561895e-02;1.144511e-02;3.613323e-02;1.257817e-01;7.757799e-02;8.209097e-02;5.100099e-02;1.456114e-01;2.071580e-01;1.653299e-01;4.402029e-02;2.823137e-02
1.755678e-02;5.869277e-03;3.731078e-02;1.605281e-01;1.158066e-01;3.903713e-02;3.518597e-02;1.590139e-01;1.965037e-01;1.794944e-01;3.379461e-02;1.989881e-02
1.947434e-02;1.286495e-02;4.351995e-02;1.654784e-01;1.145050e-01;3.587179e-02;3.095229e-02;1.667309e-01;2.003866e-01;1.644751e-01;3.380021e-02;1.194042e-02
1.625407e-02;1.675271e-02;4.054264e-02;1.618465e-01;1.121218e-01;6.816439e-02;2.118485e-02;1.906597e-01;2.141771e-01;1.197434e-01;3.059582e-02;7.957068e-03
1.841607e-02;2.642079e-02;3.823075e-02;1.611248e-01;1.240668e-01;1.096468e-01;2.587011e-02;1.997801e-01;2.088692e-01;5.284699e-02;2.181987e-02;1.290781e-02
1.648581e-02;3.809106e-02;7.148907e-02;1.218299e-01;1.751788e-01;1.166132e-01;5.358339e-02;1.495785e-01;1.968642e-01;2.827863e-02;1.187854e-02;2.012887e-02
1.264711e-02;2.803975e-02;7.311593e-02;9.291741e-02;2.028847e-01;7.951433e-02;4.073224e-02;2.038234e-01;1.982932e-01;4.155910e-02;8.979338e-03;1.749360e-02
1.169639e-02;8.785950e-03;6.551688e-02;1.069995e-01;2.570204e-01;2.852632e-02;2.699535e-02;2.269418e-01;1.980552e-01;5.539206e-02;6.138894e-03;7.931230e-03
5.093011e-03;1.865354e-02;6.020688e-02;1.066352e-01;2.981744e-01;3.765593e-02;1.603074e-02;2.263138e-01;1.707909e-01;4.718952e-02;1.625878e-03;1.163017e-02
9.031830e-03;2.504308e-02;3.694084e-02;5.754669e-02;2.931112e-01;6.760336e-02;1.491010e-02;2.470112e-01;1.824509e-01;4.373850e-02;8.238045e-03;1.437425e-02
7.457990e-03;2.535135e-02;5.292806e-02;5.003128e-02;2.279039e-01;7.213465e-02;2.285865e-02;2.581421e-01;2.228747e-01;4.265016e-02;9.655175e-03;8.012061e-03
2.013724e-02;2.411479e-02;6.926693e-02;1.077620e-01;1.498115e-01;7.261669e-02;3.130886e-02;2.389052e-01;2.220469e-01;5.110471e-02;7.626638e-03;5.298444e-03
2.980908e-02;2.288403e-02;5.068123e-02;1.362386e-01;1.677448e-01;5.104919e-02;3.399503e-02;1.892312e-01;2.285450e-01;8.080748e-02;6.707945e-03;2.306484e-03
2.838364e-02;3.396837e-02;6.569866e-02;1.250961e-01;1.437068e-01;5.987727e-02;2.556043e-02;1.928820e-01;2.151863e-01;8.671018e-02;1.122074e-02;1.170945e-02
1.844756e-02;4.880815e-02;8.548882e-02;8.661241e-02;1.349975e-01;1.136986e-01;3.212496e-02;2.093441e-01;1.552740e-01;8.157632e-02;1.067282e-02;2.295480e-02
2.050274e-02;4.269008e-02;5.763951e-02;8.074550e-02;1.287977e-01;1.157495e-01;4.441368e-02;2.405333e-01;1.205522e-01;1.105426e-01;1.054737e-02;2.728582e-02
2.246908e-02;2.362103e-02;4.822249e-02;1.234572e-01;1.132692e-01;6.755869e-02;3.475552e-02;1.939323e-01;2.085283e-01;1.356368e-01;1.172686e-02;1.682240e-02
2.861427e-02;2.630271e-02;4.133298e-02;1.201426e-01;1.365567e-01;4.414864e-02;3.125985e-02;1.658204e-01;2.268343e-01;1.429578e-01;2.026219e-02;1.576771e-02
3.493336e-02;3.393481e-02;3.931478e-02;8.457384e-02;1.523865e-01;5.707561e-02;2.370241e-02;1.809476e-01;2.120757e-01;1.204779e-01;2.970633e-02;3.087112e-02
3.497767e-02;4.426860e-02;5.733000e-02;3.566995e-02;1.720359e-01;7.091868e-02;4.162958e-02;1.622032e-01;1.835974e-01;9.189576e-02;2.301274e-02;8.246055e-02
2.599485e-02;7.543645e-02;9.833238e-02;6.702159e-02;1.196918e-01;9.566205e-02;3.598347e-02;1.139743e-01;1.388401e-01;8.009352e-02;3.578733e-02;1.131821e-01
1.780110e-02;9.837165e-02;1.497479e-01;6.743548e-02;7.784673e-02;9.832592e-02;1.863686e-02;1.580856e-01;9.299382e-02;5.309496e-02;2.335007e-02;1.443098e-01
1.241936e-02;9.332456e-02;2.142128e-01;4.752118e-02;4.846509e-02;8.325358e-02;2.373698e-02;1.906113e-01;5.465606e-02;4.211241e-02;1.228463e-02;1.774021e-01
1.437864e-02;9.973429e-02;2.512233e-01;4.372362e-02;3.906413e-02;7.094498e-02;2.188225e-02;2.010786e-01;5.373011e-02;3.812038e-02;6.738168e-03;1.593815e-01
3.289481e-02;1.146105e-01;2.350453e-01;4.346596e-02;3.757731e-02;6.292018e-02;4.137421e-02;2.255573e-01;4.118010e-02;3.280722e-02;3.218685e-02;1.003804e-01
5.547732e-02;1.364591e-01;1.456693e-01;3.733410e-02;4.909871e-02;7.580465e-02;6.784570e-02;2.376642e-01;4.970929e-02;2.896141e-02;7.237445e-02;4.360170e-02
4.766667e-02;1.323709e-01;7.123607e-02;3.814151e-02;5.559067e-02;1.407315e-01;1.011458e-01;1.994806e-01;5.347573e-02;3.029703e-02;1.028255e-01;2.703803e-02
2.900851e-02;1.044834e-01;5.375032e-02;2.730391e-02;6.239217e-02;2.453436e-01;1.144844e-01;1.100428e-01;7.856654e-02;4.582022e-02;8.393524e-02;4.486882e-02
2.573876e-02;6.138505e-02;3.218133e-02;3.300477e-02;8.177298e-02;3.150700e-01;7.868674e-02;1.285232e-01;8.596699e-02;5.917923e-02;3.668800e-02;6.180301e-02
2.381087e-02;5.785564e-02;7.620127e-02;5.487192e-02;7.354827e-02;2.972437e-01;3.946100e-02;1.710844e-01;8.251562e-02;4.125228e-02;4.651932e-02;3.563572e-02
2.002754e-02;5.849353e-02;1.214143e-01;4.318410e-02;4.796869e-02;3.000388e-01;3.351162e-02;1.640176e-01;1.361095e-01;3.454544e-02;2.083892e-02;1.984994e-02
2.234779e-02;4.837130e-02;1.254054e-01;3.375711e-02;7.798991e-02;3.008280e-01;3.799081e-02;1.320665e-01;1.473048e-01;3.630978e-02;1.611332e-02;2.151533e-02
2.341955e-02;5.895330e-02;1.277480e-01;5.603872e-02;1.079491e-01;2.818449e-01;3.442404e-02;1.359160e-01;9.771019e-02;4.565181e-02;1.696164e-02;1.338271e-02
2.799763e-02;6.736696e-02;1.162806e-01;2.431975e-02;1.160677e-01;3.100898e-01;4.491946e-02;1.476292e-01;9.664552e-02;2.269810e-02;1.538198e-02;1.060332e-02
2.866103e-02;4.649336e-02;8.407751e-02;5.593685e-02;9.294044e-02;3.835841e-01;3.936356e-02;1.645699e-01;5.991638e-02;2.315835e-02;8.978257e-03;1.232026e-02
2.988125e-02;7.479570e-02;5.902311e-02;6.657923e-02;7.199695e-02;4.108222e-01;5.082330e-02;1.339626e-01;5.518533e-02;3.545720e-02;3.425886e-03;8.047225e-03
2.452747e-02;5.339750e-02;5.621273e-02;6.206004e-02;6.098950e-02;4.174090e-01;4.209239e-02;1.779497e-01;6.068912e-02;3.187107e-02;6.113738e-03;6.687740e-03
2.668595e-02;8.174074e-02;8.114453e-02;6.178450e-02;5.627313e-02;4.175159e-01;3.311277e-02;1.582462e-01;4.371465e-02;2.995977e-02;5.237187e-03;4.584679e-03
2.767903e-02;4.043365e-02;7.716257e-02;5.388426e-02;5.483362e-02;4.147735e-01;2.920748e-02;1.874537e-01;5.947026e-02;4.221229e-02;5.554862e-03;7.334820e-03
2.078948e-02;5.675861e-02;5.468643e-02;3.892513e-02;5.161476e-02;3.841020e-01;3.092870e-02;2.350651e-01;7.031051e-02;4.606347e-02;3.824405e-03;6.931406e-03
2.045817e-02;5.205032e-02;2.228350e-02;4.921870e-02;5.995890e-02;4.046137e-01;4.380975e-02;2.006131e-01;9.473626e-02;4.302387e-02;4.232175e-03;5.001551e-03
2.441182e-02;4.278532e-02;3.913957e-02;4.805240e-02;6.415261e-02;3.850088e-01;5.107597e-02;2.308558e-01;7.294183e-02;2.122653e-02;8.763235e-03;1.158612e-02
2.126800e-02;1.107357e-01;8.390155e-02;3.114843e-02;5.790896e-02;2.538044e-01;3.796520e-02;2.532834e-01;1.013202e-01;1.778081e-02;1.666307e-02;1.422015e-02
2.538973e-02;1.213439e-01;3.515292e-02;3.665521e-02;3.709663e-02;1.364299e-01;3.226754e-02;3.434427e-01;1.744517e-01;2.223318e-02;1.908815e-02;1.644840e-02
1.736644e-02;9.584783e-02;1.106815e-01;4.074826e-02;5.782041e-02;1.336795e-01;2.334844e-02;2.895978e-01;1.760389e-01;3.485754e-02;1.034521e-02;9.668205e-03
1.577465e-02;8.617669e-02;1.009087e-01;5.646175e-02;7.478364e-02;1.065554e-01;3.454929e-02;2.111662e-01;1.819420e-01;1.090625e-01;1.442535e-02;8.193773e-03
1.618230e-02;4.199579e-02;8.129949e-02;6.083001e-02;5.849350e-02;1.060409e-01;5.374072e-02;2.117481e-01;1.848812e-01;1.532880e-01;1.768269e-02;1.381737e-02
1.276237e-02;4.477986e-02;7.098030e-02;6.520447e-02;9.283226e-02;1.030937e-01;6.015418e-02;2.066399e-01;1.615059e-01;1.446242e-01;1.731004e-02;2.011289e-02
8.557098e-03;2.877824e-02;4.715073e-02;6.426534e-02;1.250023e-01;1.085399e-01;7.558908e-02;2.257216e-01;1.650703e-01;1.141517e-01;1.374607e-02;2.342764e-02
8.703934e-03;3.901518e-02;4.267412e-02;5.734889e-02;1.228301e-01;8.607018e-02;7.993001e-02;2.563256e-01;1.641986e-01;1.106666e-01;1.137663e-02;2.086011e-02
2.062374e-02;4.331675e-02;5.924746e-02;2.846878e-02;9.810898e-02;1.402567e-01;5.680196e-02;2.561376e-01;1.977717e-01;6.472123e-02;2.398810e-02;1.055706e-02
1.545377e-02;8.408758e-02;8.090829e-02;1.694429e-02;6.164989e-02;8.351858e-02;3.276124e-02;3.380935e-01;2.129645e-01;4.370033e-02;2.262949e-02;7.288556e-03
6.390447e-03;5.982928e-02;4.734222e-02;7.954045e-03;5.534636e-02;1.671747e-01;3.810500e-02;3.892243e-01;1.671737e-01;3.374423e-02;2.273738e-02;4.978346e-03
3.721313e-03;4.391789e-02;3.045548e-02;5.005151e-03;4.980858e-02;2.414235e-01;6.080355e-02;3.798779e-01;1.180231e-01;4.206007e-02;2.234662e-02;2.556909e-03
4.025717e-03;4.415951e-02;3.803254e-02;6.077881e-03;4.904980e-02;2.860166e-01;8.689675e-02;3.349757e-01;8.713346e-02;3.672763e-02;2.511843e-02;1.785916e-03
4.584723e-03;4.949354e-02;4.410403e-02;8.246974e-03;5.383698e-02;2.721997e-01;1.077991e-01;3.059568e-01;9.811471e-02;2.445089e-02;2.983734e-02;1.375192e-03
4.106843e-03;5.622386e-02;3.035747e-02;7.525491e-03;5.963492e-02;2.199330e-01;1.289127e-01;3.295341e-01;1.058525e-01;2.225162e-02;3.385141e-02;1.816125e-03
5.981405e-03;6.300150e-02;3.380461e-02;5.198194e-03;5.920225e-02;1.967897e-01;1.316483e-01;3.515078e-01;9.096956e-02;2.142729e-02;3.623221e-02;4.237162e-03
4.914701e-03;8.219662e-02;5.080376e-02;7.213125e-03;4.527393e-02;1.705931e-01;1.023478e-01;3.684529e-01;1.069432e-01;1.943044e-02;3.861827e-02;3.212183e-03
6.591055e-03;8.277760e-02;6.608412e-02;6.109104e-03;3.275611e-02;2.007346e-01;9.574371e-02;3.733836e-01;8.388066e-02;1.182158e-02;3.700007e-02;3.117811e-03
8.067928e-03;6.674708e-02;5.139382e-02;9.928547e-03;2.540709e-02;2.620313e-01;8.238415e-02;3.715416e-01;8.224339e-02;6.568778e-03;2.843598e-02;5.250351e-03
1.125397e-02;6.968394e-02;5.161973e-02;1.234443e-02;3.114112e-02;3.057448e-01;6.302527e-02;3.311663e-01;8.582468e-02;1.152035e-02;1.878907e-02;7.886343e-03
1.850485e-02;7.651708e-02;5.967928e-02;2.316633e-02;5.078719e-02;2.996384e-01;4.544484e-02;2.796676e-01;1.078080e-01;1.932366e-02;9.426381e-03;1.003627e-02
2.480141e-02;7.582870e-02;5.165990e-02;4.016777e-02;6.286296e-02;2.738526e-01;4.674219e-02;2.324417e-01;1.483344e-01;2.996748e-02;5.187625e-03;8.153287e-03
3.277770e-02;5.925972e-02;6.174262e-02;2.935369e-02;4.556553e-02;2.634173e-01;2.882285e-02;3.159019e-01;1.228792e-01;2.358304e-02;6.913939e-03;9.782539e-03
3.021572e-02;4.636012e-02;5.703631e-02;2.174713e-02;4.324681e-02;3.071412e-01;3.509048e-02;3.176489e-01;1.094850e-01;1.721439e-02;5.092863e-03;9.721141e-03
2.459072e-02;6.982412e-02;4.868403e-02;2.983497e-02;5.572475e-02;3.996901e-01;3.098419e-02;2.108101e-01;1.003417e-01;1.686962e-02;5.536236e-03;7.109537e-03
1.721370e-02;5.870384e-02;6.171292e-02;2.647761e-02;4.067779e-02;4.373368e-01;3.313392e-02;2.309285e-01;6.893996e-02;1.371491e-02;4.930247e-03;6.229811e-03
1.711727e-02;2.832378e-02;5.387327e-02;4.097215e-02;5.155249e-02;5.426036e-01;3.775728e-02;1.589051e-01;3.342294e-02;2.339355e-02;5.326916e-03;6.751682e-03
1.889289e-02;5.626560e-02;5.288965e-02;3.794907e-02;5.848675e-02;5.290848e-01;3.050213e-02;1.404638e-01;3.290878e-02;3.004425e-02;4.559996e-03;7.952200e-03
1.901040e-02;5.622243e-02;5.333721e-02;3.428347e-02;5.617278e-02;5.393405e-01;4.795884e-02;1.278939e-01;2.343994e-02;2.769526e-02;4.967039e-03;9.678278e-03
1.714242e-02;5.146873e-02;4.951290e-02;3.115680e-02;4.225383e-02;5.084761e-01;4.514693e-02;1.648702e-01;2.992161e-02;4.321001e-02;8.294250e-03;8.546283e-03
1.457477e-02;4.351139e-02;3.581690e-02;2.958746e-02;4.920249e-02;3.757364e-01;4.437096e-02;2.398556e-01;7.506677e-02;7.303911e-02;1.070413e-02;8.534004e-03
8.299408e-03;4.066582e-02;3.637003e-02;2.352707e-02;4.622769e-02;3.211403e-01;5.672447e-02;2.605480e-01;1.198735e-01;7.364018e-02;8.203847e-03;4.779628e-03
1.419554e-02;4.952050e-02;2.935720e-02;2.465117e-02;4.381731e-02;2.720000e-01;9.623111e-02;2.592744e-01;1.408070e-01;5.324026e-02;9.333719e-03;7.571757e-03
1.368162e-02;4.924694e-02;2.997866e-02;2.586569e-02;6.173405e-02;1.875394e-01;1.582832e-01;2.257704e-01;1.527496e-01;7.816931e-02;9.181269e-03;7.799844e-03
1.413811e-02;4.836369e-02;2.402328e-02;4.217821e-02;1.007538e-01;2.505682e-01;1.757116e-01;1.840450e-01;7.763290e-02;6.745452e-02;7.937153e-03;7.193523e-03
2.827780e-02;3.158259e-02;4.099461e-02;4.824025e-02;1.025198e-01;2.948214e-01;1.372440e-01;1.633091e-01;7.286010e-02;6.236427e-02;1.000505e-02;7.781082e-03
3.636148e-02;6.950056e-02;5.850330e-02;5.348811e-02;7.987488e-02;4.053443e-01;7.310382e-02;9.280849e-02;6.318838e-02;4.441864e-02;1.474191e-02;8.666183e-03
4.327107e-02;1.020862e-01;3.978880e-02;5.253210e-02;4.631995e-02;4.530338e-01;3.538562e-02;9.913373e-02;5.410153e-02;2.521192e-02;3.221423e-02;1.692099e-02
4.562546e-02;9.019957e-02;7.075983e-02;3.493338e-02;5.513711e-02;4.192190e-01;1.576879e-02;8.954117e-02;5.154464e-02;2.748103e-02;4.946660e-02;5.032340e-02
3.880532e-02;6.891529e-02;8.946496e-02;2.969704e-02;6.056871e-02;4.146135e-01;2.016458e-02;2.816494e-02;6.606446e-02;2.872475e-02;4.966256e-02;1.051538e-01
2.807930e-02;4.500582e-02;8.652587e-02;4.385127e-02;5.895658e-02;3.678400e-01;3.151242e-02;5.582494e-02;8.619405e-02;4.969040e-02;3.180242e-02;1.147170e-01
3.164383e-02;4.459605e-02;7.554364e-02;4.024484e-02;8.591908e-02;3.094737e-01;5.230372e-02;6.786686e-02;9.420536e-02;6.349565e-02;4.215703e-02;9.255023e-02
2.627215e-02;5.566734e-02;7.462692e-02;3.638946e-02;1.228947e-01;2.808959e-01;7.295880e-02;1.026801e-01;7.422654e-02;3.912834e-02;2.911901e-02;8.514065e-02
1.394108e-02;4.589142e-02;7.154907e-02;3.923087e-02;1.466162e-01;3.037481e-01;9.341456e-02;1.006163e-01;6.408039e-02;1.367454e-02;1.848486e-02;8.875263e-02
2.183035e-02;3.957614e-02;8.614288e-02;4.811965e-02;1.710649e-01;3.111130e-01;7.635456e-02;7.006314e-02;5.402730e-02;7.461392e-03;2.279245e-02;9.145432e-02
2.490128e-02;7.545117e-02;1.116519e-01;6.779724e-02;1.804256e-01;2.912503e-01;4.493749e-02;4.968055e-02;3.856485e-02;8.299114e-03;1.923119e-02;8.780925e-02
1.942399e-02;9.084474e-02;1.289770e-01;5.298954e-02;1.519792e-01;2.888018e-01;3.260908e-02;7.821407e-02;3.580388e-02;7.323805e-03;2.200990e-02;9.102293e-02
1.782192e-02;1.093944e-01;1.340741e-01;2.767747e-02;1.208477e-01;2.924876e-01;2.898029e-02;8.042885e-02;4.619776e-02;1.067334e-02;2.183717e-02;1.095793e-01
1.598969e-02;9.858768e-02;2.043088e-01;2.609681e-02;7.371809e-02;2.989365e-01;2.176096e-02;7.367890e-02;4.447841e-02;1.009874e-02;2.164389e-02;1.107015e-01
1.864197e-02;9.923327e-02;2.317541e-01;3.539133e-02;4.836053e-02;3.008439e-01;2.129532e-02;8.197013e-02;4.600755e-02;1.229833e-02;1.771225e-02;8.649129e-02
2.082885e-02;1.160405e-01;2.010545e-01;4.348814e-02;3.342021e-02;2.839916e-01;2.306628e-02;1.200110e-01;7.343595e-02;1.708629e-02;1.424314e-02;5.333343e-02
1.945974e-02;9.470190e-02;1.714252e-01;3.399947e-02;3.149072e-02;3.284330e-01;1.937662e-02;1.668522e-01;8.107752e-02;1.296558e-02;8.414296e-03;3.180379e-02
1.428211e-02;5.365952e-02;1.045670e-01;2.155415e-02;3.771059e-02;5.109194e-01;1.083299e-02;1.532369e-01;4.069309e-02;1.568450e-02;1.150317e-02;2.535667e-02
1.288430e-02;4.698159e-02;7.583207e-02;1.652839e-02;2.502215e-02;5.577971e-01;7.308293e-03;1.603407e-01;4.807898e-02;1.306970e-02;8.526370e-03;2.763039e-02
1.463096e-02;6.578426e-02;6.995315e-02;1.833942e-02;2.869144e-02;5.622658e-01;1.040577e-02;1.007450e-01;7.181785e-02;1.343416e-02;1.181678e-02;3.211541e-02
1.193699e-02;5.637195e-02;9.271144e-02;2.637063e-02;3.707617e-02;4.055829e-01;2.019212e-02;1.868509e-01;9.982894e-02;2.286752e-02;1.284443e-02;2.736605e-02
2.349075e-02;3.687587e-02;7.904287e-02;5.846633e-02;6.499541e-02;3.013416e-01;4.946888e-02;1.911932e-01;9.917306e-02;5.883008e-02;8.759999e-03;2.836195e-02
1.942417e-02;2.499345e-02;1.067084e-01;9.830903e-02;7.019386e-02;1.227926e-01;6.880803e-02;1.196635e-01;1.352477e-01;2.059548e-01;1.572445e-02;1.217996e-02
1.845051e-02;3.676510e-02;1.046793e-01;1.124524e-01;6.831007e-02;7.568556e-02;8.163165e-02;1.077523e-01;1.349585e-01;2.268649e-01;1.539586e-02;1.705377e-02
1.550355e-02;4.909299e-02;1.077227e-01;1.155175e-01;6.587793e-02;9.049094e-02;8.308718e-02;1.045994e-01;1.317397e-01;2.072150e-01;1.194530e-02;1.720784e-02
1.504236e-02;8.700641e-02;1.121382e-01;7.866060e-02;6.660836e-02;1.360244e-01;6.355319e-02;1.632468e-01;1.269469e-01;1.230110e-01;1.630395e-02;1.145793e-02
1.733026e-02;9.811093e-02;9.813359e-02;9.759996e-02;5.189587e-02;2.321699e-01;3.078670e-02;2.285368e-01;8.813252e-02;2.957522e-02;1.910511e-02;8.623080e-03
2.961143e-02;8.288339e-02;6.581894e-02;1.346746e-01;2.489582e-02;3.151962e-01;3.059178e-02;2.189787e-01;6.168297e-02;2.024295e-02;1.281022e-02;2.613060e-03
3.206606e-02;8.257220e-02;3.548465e-02;1.564326e-01;1.967970e-02;3.731264e-01;2.884132e-02;2.014841e-01;3.838376e-02;2.108434e-02;4.977929e-03;5.867038e-03
