1.174439e-01;4.883134e-02;1.616811e-01;6.513752e-02;6.737586e-02;6.196152e-02;1.166208e-01;8.613317e-02;1.112362e-01;7.910778e-02;3.613034e-02;4.834031e-02
1.059088e-01;4.698667e-02;2.491133e-01;6.504925e-02;7.292248e-02;4.374783e-02;1.100854e-01;6.331396e-02;9.503281e-02;5.109494e-02;5.073608e-02;4.600843e-02
1.066401e-01;1.102862e-01;2.414744e-01;4.518663e-02;5.309344e-02;2.911063e-02;9.221509e-02;7.472628e-02;1.067793e-01;4.344319e-02;4.067884e-02;5.636575e-02
1.196772e-01;1.225139e-01;1.947719e-01;4.355634e-02;4.992796e-02;3.712640e-02;1.106515e-01;7.779440e-02;9.471881e-02;4.781422e-02;3.948040e-02;6.196699e-02
1.188751e-01;1.182559e-01;1.505204e-01;6.111363e-02;4.258411e-02;4.876431e-02;1.464186e-01;7.309555e-02;6.942122e-02;4.717234e-02;4.813958e-02;7.563920e-02
1.046374e-01;9.253642e-02;1.459277e-01;7.641936e-02;4.328679e-02;6.531597e-02;1.860919e-01;5.016260e-02;5.547963e-02;4.797117e-02;5.692325e-02;7.524788e-02
7.335245e-02;7.447359e-02;1.799773e-01;6.667098e-02;6.104468e-02;6.821726e-02;1.507048e-01;6.543685e-02;8.522800e-02;6.312250e-02;6.463767e-02;4.713397e-02
8.852140e-02;4.930565e-02;1.632969e-01;4.132145e-02;5.563193e-02;7.129488e-02;8.829654e-02;1.312728e-01;1.238862e-01;6.474528e-02;7.282264e-02;4.960440e-02
1.284519e-01;6.190129e-02;1.742015e-01;3.444878e-02;3.765341e-02;6.131925e-02;8.937713e-02;1.226058e-01;1.361165e-01;4.740513e-02;5.735308e-02;4.916615e-02
1.160591e-01;8.012188e-02;1.812580e-01;5.139444e-02;4.625301e-02;5.846406e-02;1.286126e-01;6.402325e-02;1.237140e-01;3.053105e-02;4.821173e-02;7.135689e-02
8.597520e-02;1.089498e-01;2.141926e-01;7.835265e-02;6.003321e-02;6.327143e-02;1.070618e-01;4.385266e-02;6.428158e-02;5.485003e-02;4.481222e-02;7.436680e-02
8.056038e-02;9.231652e-02;2.566166e-01;8.154847e-02;7.534469e-02;5.335453e-02;9.002004e-02;3.935051e-02;5.733769e-02;6.460780e-02;5.659768e-02;5.234507e-02
1.009964e-01;1.019271e-01;1.687434e-01;7.555462e-02;9.638792e-02;5.669184e-02;7.883514e-02;7.583985e-02;9.806476e-02;4.418880e-02;5.804578e-02;4.472440e-02
1.334681e-01;1.011024e-01;1.566687e-01;8.209935e-02;8.416797e-02;5.360573e-02;5.856303e-02;9.300476e-02;7.421099e-02;7.958294e-02;3.569533e-02;4.783069e-02
1.132570e-01;1.604957e-01;1.943935e-01;6.259090e-02;5.473935e-02;4.229126e-02;6.902783e-02;6.239868e-02;1.160165e-01;6.268470e-02;2.601745e-02;3.608720e-02
1.591757e-01;1.648117e-01;1.771117e-01;4.951059e-02;5.050546e-02;3.568929e-02;5.757879e-02;9.342640e-02;1.165016e-01;4.333007e-02;2.363691e-02;2.872177e-02
2.387183e-01;1.208139e-01;1.273283e-01;2.660099e-02;6.873772e-02;2.117188e-02;6.364001e-02;1.538775e-01;9.947339e-02;2.811365e-02;2.264875e-02;2.887556e-02
2.530217e-01;5.303381e-02;8.138549e-02;2.451212e-02;7.146282e-02;1.559076e-02;9.377842e-02;2.036763e-01;8.299051e-02;2.918931e-02;2.609668e-02;6.526209e-02
1.681652e-01;2.122025e-02;4.751854e-02;5.033330e-02;3.937471e-02;3.144775e-02;1.865377e-01;1.648136e-01;1.041442e-01;4.488812e-02;2.115685e-02;1.203997e-01
1.345334e-01;2.258354e-02;3.062520e-02;6.521416e-02;2.007206e-02;5.258789e-02;2.859200e-01;8.262511e-02;9.598165e-02;5.156377e-02;2.377221e-02;1.345210e-01
1.311461e-01;3.445961e-02;3.994216e-02;5.291396e-02;2.941551e-02;6.887258e-02;3.148117e-01;9.120211e-02;7.391820e-02;4.804039e-02;2.118444e-02;9.409330e-02
9.859440e-02;4.397931e-02;5.143205e-02;4.341502e-02;3.818912e-02;6.637467e-02;2.738470e-01;1.486598e-01;8.159453e-02;6.784718e-02;2.779073e-02;5.827611e-02
1.218105e-01;5.083357e-02;6.626814e-02;5.270028e-02;4.275753e-02;4.237879e-02;1.307245e-01;1.875906e-01;1.132838e-01;8.630811e-02;4.985072e-02;5.549341e-02
1.156448e-01;4.004141e-02;8.282275e-02;5.967820e-02;5.682064e-02;2.722676e-02;1.301105e-01;2.030087e-01;1.064703e-01;8.334104e-02;5.490210e-02;3.993295e-02
9.660932e-02;4.316484e-02;7.597460e-02;4.533563e-02;6.370939e-02;2.887970e-02;1.945227e-01;1.883961e-01;6.338891e-02;1.052670e-01;4.068543e-02;5.406629e-02
9.352892e-02;3.917018e-02;1.083710e-01;4.020593e-02;8.461428e-02;3.817122e-02;1.847943e-01;1.210806e-01;5.569230e-02;1.213333e-01;3.392284e-02;7.911509e-02
1.288690e-01;5.082597e-02;8.723082e-02;3.565061e-02;6.411001e-02;4.191921e-02;1.423324e-01;1.279412e-01;8.368203e-02;1.131495e-01;3.049843e-02;9.379078e-02
1.151572e-01;7.242885e-02;1.186732e-01;4.638524e-02;3.965290e-02;4.310161e-02;1.408177e-01;1.121289e-01;1.015134e-01;8.307669e-02;3.572500e-02;9.133933e-02
1.052627e-01;1.017476e-01;1.701768e-01;5.239516e-02;6.306358e-02;4.845165e-02;1.731699e-01;4.093809e-02;5.533338e-02;7.445496e-02;4.209469e-02;7.291166e-02
2.021868e-01;9.934205e-02;8.862703e-02;4.254159e-02;3.847215e-02;3.746389e-02;1.703909e-01;8.907421e-02;4.097505e-02;9.426454e-02;3.070139e-02;6.596039e-02
2.066658e-01;8.358964e-02;5.675633e-02;4.568905e-02;1.853476e-02;2.358707e-02;1.481555e-01;1.748597e-01;3.165578e-02;1.233420e-01;2.086165e-02;6.630273e-02
1.632877e-01;4.520921e-02;2.271174e-02;5.247175e-02;1.500569e-02;1.944272e-02;1.750249e-01;2.556399e-01;3.077436e-02;1.274608e-01;2.084961e-02;7.212167e-02
1.563126e-01;2.543055e-02;3.094047e-02;4.423053e-02;2.695958e-02;1.354013e-02;2.019910e-01;2.906893e-01;5.184768e-02;8.416352e-02;1.708473e-02;5.680988e-02
1.709920e-01;4.368464e-02;4.499199e-02;3.146802e-02;3.254177e-02;1.595428e-02;2.480883e-01;2.474238e-01;4.967261e-02;4.540927e-02;2.034280e-02;4.943063e-02
1.415979e-01;4.989513e-02;4.927990e-02;5.482752e-02;2.751261e-02;3.573319e-02;3.296343e-01;1.091564e-01;5.213042e-02;6.370600e-02;2.251431e-02;6.401222e-02
1.018985e-01;3.796317e-02;5.111530e-02;5.294900e-02;2.705565e-02;4.107333e-02;3.363206e-01;1.301157e-01;4.871005e-02;1.021383e-01;3.580134e-02;3.485903e-02
9.705930e-02;2.923486e-02;4.285314e-02;4.226307e-02;3.023368e-02;3.295176e-02;2.465368e-01;2.726237e-01;2.971502e-02;1.224960e-01;2.654454e-02;2.748819e-02
8.687473e-02;3.946524e-02;5.833884e-02;5.021133e-02;2.956924e-02;3.031840e-02;1.560691e-01;2.958681e-01;5.739106e-02;1.354713e-01;2.347268e-02;3.694995e-02
6.796555e-02;3.360596e-02;4.186344e-02;4.351388e-02;3.755821e-02;3.390121e-02;1.720333e-01;2.509601e-01;8.574255e-02;1.607942e-01;3.757877e-02;3.448279e-02
9.304661e-02;4.125417e-02;4.547235e-02;3.952690e-02;3.216808e-02;2.753918e-02;1.637152e-01;1.886211e-01;9.298494e-02;1.874861e-01;3.771903e-02;5.046634e-02
1.380573e-01;3.121781e-02;5.262366e-02;4.493066e-02;2.464799e-02;3.614195e-02;1.308936e-01;1.468307e-01;9.102481e-02;2.202753e-01;2.963963e-02;5.371661e-02
1.776724e-01;4.498320e-02;5.935100e-02;5.704211e-02;4.890879e-02;5.279884e-02;8.829988e-02;8.710545e-02;6.909527e-02;2.187586e-01;3.004997e-02;6.593445e-02
1.760473e-01;3.749915e-02;8.139303e-02;4.705061e-02;5.440295e-02;4.854025e-02;1.153708e-01;7.595734e-02;9.584127e-02;1.526951e-01;3.245236e-02;8.274994e-02
1.357333e-01;4.102624e-02;8.836661e-02;4.382498e-02;4.027122e-02;4.282781e-02;1.598842e-01;1.754233e-01;8.921973e-02;1.003743e-01;2.953612e-02;5.351217e-02
1.233076e-01;5.075097e-02;9.070025e-02;3.496932e-02;5.364401e-02;3.788883e-02;1.776070e-01;2.249384e-01;5.365051e-02;8.333328e-02;2.461187e-02;4.459786e-02
9.456983e-02;6.512159e-02;1.028796e-01;3.315503e-02;3.343857e-02;6.869718e-02;1.806850e-01;2.017321e-01;7.495749e-02;6.809422e-02;2.995958e-02;4.670981e-02
4.837589e-02;7.481032e-02;1.285453e-01;4.295486e-02;5.358899e-02;6.370479e-02;1.990621e-01;1.550802e-01;9.202714e-02;8.268108e-02;2.890000e-02;3.026936e-02
3.664876e-02;6.280568e-02;1.437986e-01;3.780022e-02;7.897381e-02;4.580970e-02;1.835925e-01;1.183668e-01;1.067294e-01;9.668375e-02;3.966190e-02;4.912889e-02
6.632970e-02;7.015415e-02;1.118309e-01;5.087567e-02;7.395389e-02;6.138391e-02;1.967705e-01;6.828792e-02;1.018183e-01;9.618756e-02;3.598642e-02;6.642106e-02
7.487848e-02;5.792991e-02;1.193477e-01;6.283643e-02;7.106224e-02;6.364973e-02;1.797996e-01;1.293154e-01;7.250263e-02;8.359130e-02;3.533350e-02;4.975299e-02
6.422107e-02;7.157448e-02;1.588692e-01;6.003630e-02;6.529126e-02;8.067301e-02;1.822267e-01;1.082469e-01;4.702881e-02;5.782385e-02;4.425137e-02;5.975706e-02
8.357757e-02;7.289962e-02;1.275011e-01;6.672817e-02;4.540368e-02;6.291287e-02;2.243437e-01;1.053823e-01;4.744722e-02;5.972535e-02;4.615358e-02;5.792480e-02
1.015244e-01;7.042275e-02;9.757727e-02;7.935183e-02;3.846095e-02;3.410551e-02;2.351336e-01;1.547449e-01;3.836954e-02;5.862738e-02;3.177447e-02;5.990729e-02
9.205431e-02;4.567324e-02;4.570100e-02;1.176409e-01;2.631571e-02;2.052944e-02;2.554974e-01;2.210394e-01;2.285645e-02;5.057662e-02;1.829121e-02;8.382428e-02
7.661644e-02;1.333850e-02;1.000348e-02;1.627402e-01;9.383770e-03;1.453410e-02;2.877134e-01;2.412608e-01;1.078834e-02;4.971824e-02;1.340399e-02;1.104987e-01
6.306125e-02;1.399564e-02;1.755737e-02;1.802973e-01;1.169305e-02;1.815302e-02;2.932276e-01;1.961827e-01;2.003411e-02;5.600904e-02;1.394897e-02;1.158399e-01
6.681439e-02;1.560276e-02;1.632932e-02;1.643234e-01;2.793938e-02;1.734764e-02;2.879635e-01;2.042874e-01;3.101925e-02;5.487675e-02;1.055461e-02;1.029417e-01
1.130744e-01;1.635252e-02;8.955696e-03;1.120234e-01;4.787396e-02;1.828291e-02;2.499276e-01;2.641568e-01;4.383049e-02;3.426705e-02;8.292430e-03;8.296271e-02
1.932702e-01;1.915738e-02;2.663995e-02;5.133415e-02;1.139761e-01;1.271782e-02;1.682112e-01;2.887522e-01;5.104697e-02;1.368391e-02;8.057267e-03;5.315281e-02
2.466131e-01;3.555612e-02;3.424065e-02;1.766066e-02;1.857142e-01;8.183865e-03;1.037890e-01;2.490371e-01;6.713775e-02;1.289548e-02;1.366584e-02;2.550628e-02
2.422744e-01;6.695527e-02;4.310993e-02;3.439512e-02;1.938629e-01;5.302850e-03;7.580812e-02;1.847562e-01;1.074447e-01;1.884483e-02;1.558760e-02;1.165818e-02
2.119723e-01;1.069106e-01;4.326792e-02;3.831705e-02;1.078186e-01;9.521473e-03;6.932153e-02;1.838970e-01;1.681837e-01;3.199809e-02;1.036118e-02;1.843064e-02
1.566119e-01;1.516276e-01;4.460093e-02;3.270078e-02;6.562668e-02;1.940445e-02;5.741879e-02;1.379340e-01;2.640196e-01;4.472731e-02;4.632082e-03;2.069589e-02
6.037035e-02;2.149707e-01;5.756249e-02;3.258214e-02;4.643860e-02;2.443572e-02;4.165146e-02;5.513911e-02;3.851187e-01;4.781804e-02;1.231128e-02;2.160143e-02
6.828193e-02;2.298328e-01;6.067571e-02;3.387024e-02;2.373898e-02;3.082612e-02;1.273126e-02;4.011185e-02;4.238389e-01;2.560999e-02;8.417537e-03;4.206461e-02
4.734329e-02;2.210914e-01;6.826752e-02;3.185417e-02;1.597547e-02;3.699702e-02;1.630081e-02;3.374374e-02;4.486442e-01;1.076549e-02;4.936156e-03;6.408073e-02
3.534197e-02;1.801518e-01;9.509709e-02;2.371680e-02;2.041369e-02;2.536865e-02;1.931829e-02;5.192325e-02;4.556636e-01;2.179577e-02;4.519711e-03;6.668942e-02
2.969757e-02;1.311324e-01;1.524266e-01;1.874508e-02;3.037723e-02;2.394064e-02;2.215123e-02;6.523351e-02;4.335743e-01;3.361039e-02;6.364363e-03;5.274661e-02
3.125022e-02;9.880146e-02;2.531919e-01;2.072334e-02;3.609238e-02;2.332139e-02;1.030406e-02;6.161347e-02;3.749303e-01;4.959379e-02;7.318303e-03;3.285941e-02
5.353921e-02;1.137436e-01;2.826551e-01;1.440360e-02;3.745849e-02;1.106121e-02;2.805639e-02;6.695291e-02;3.046810e-01;4.823710e-02;6.376004e-03;3.283542e-02
8.033156e-02;1.206178e-01;2.458788e-01;2.379517e-02;4.734939e-02;1.344886e-02;4.152063e-02;6.555945e-02;2.720082e-01;4.788048e-02;7.085496e-03;3.452416e-02
9.133481e-02;1.044375e-01;1.827605e-01;2.976810e-02;5.733304e-02;1.796855e-02;5.294066e-02;5.894390e-02;3.109905e-01;5.003845e-02;8.819536e-03;3.466452e-02
6.694592e-02;8.329874e-02;1.487149e-01;3.686529e-02;7.140583e-02;1.334533e-02;6.470432e-02;5.244814e-02;3.651803e-01;3.510847e-02;1.337381e-02;4.860904e-02
5.682856e-02;5.604675e-02;1.391197e-01;3.983761e-02;9.968310e-02;2.897761e-02;6.682286e-02;9.375662e-02;3.230949e-01;3.911975e-02;1.251448e-02;4.419803e-02
9.504010e-02;7.473104e-02;1.973512e-01;4.166180e-02;1.056431e-01;4.299071e-02;8.602621e-02;1.059000e-01;1.368293e-01;4.681291e-02;2.159815e-02;4.541552e-02
8.890133e-02;4.212378e-02;2.055270e-01;5.169332e-02;4.276003e-02;3.514295e-02;8.758851e-02;8.549087e-02;2.526568e-01;4.521002e-02;2.325546e-02;3.964989e-02
6.932868e-02;7.049492e-02;1.919242e-01;5.508353e-02;2.413951e-02;2.803556e-02;9.033908e-02;7.020070e-02;3.063431e-01;3.286038e-02;1.864329e-02;4.260700e-02
6.241531e-02;7.537004e-02;1.724798e-01;4.017638e-02;3.001246e-02;2.910119e-02;7.564647e-02;8.866554e-02;3.440086e-01;1.986977e-02;1.152153e-02;5.073280e-02
5.559920e-02;6.273715e-02;1.642489e-01;2.409946e-02;4.256513e-02;3.434359e-02;5.341530e-02;8.458231e-02;3.796150e-01;4.100757e-02;1.006181e-02;4.772459e-02
3.010868e-02;5.953892e-02;1.291547e-01;2.739901e-02;5.973673e-02;4.842623e-02;2.825886e-02;7.685378e-02;3.605222e-01;1.132841e-01;9.535768e-03;5.718098e-02
3.202324e-02;5.634689e-02;9.607629e-02;2.773999e-02;7.901013e-02;6.367977e-02;3.758084e-02;8.502716e-02;2.973725e-01;1.428901e-01;1.665949e-02;6.559364e-02
5.386687e-02;7.514844e-02;7.391502e-02;2.710317e-02;8.319746e-02;5.107139e-02;4.880274e-02;8.487953e-02;3.030702e-01;1.086539e-01;2.252050e-02;6.777073e-02
7.338335e-02;8.581708e-02;6.670140e-02;3.242186e-02;8.411429e-02;3.260005e-02;4.682167e-02;6.293452e-02;3.377201e-01;8.344814e-02;2.165094e-02;7.238659e-02
7.520256e-02;8.761740e-02;6.003365e-02;6.228707e-02;8.213559e-02;4.817783e-02;7.353698e-02;4.600741e-02;2.938756e-01;7.140641e-02;2.105254e-02;7.866699e-02
7.104918e-02;1.259869e-01;1.215622e-01;5.771807e-02;4.015125e-02;3.184730e-02;9.046345e-02;7.814292e-02;2.260974e-01;8.010467e-02;2.542524e-02;5.145149e-02
3.832812e-02;1.558692e-01;1.911991e-01;3.747891e-02;5.277550e-02;3.533179e-02;6.238580e-02;8.027991e-02;1.837754e-01;8.271270e-02;1.956188e-02;6.030165e-02
1.032436e-01;1.241852e-01;2.726067e-01;4.475107e-02;7.419077e-02;4.188358e-02;9.160547e-02;3.379408e-02;8.752873e-02;4.329981e-02;2.984734e-02;5.306356e-02
1.319929e-01;9.707059e-02;2.227243e-01;4.315682e-02;7.598545e-02;5.480256e-02;1.465248e-01;3.523446e-02;7.499598e-02;3.145190e-02;4.122980e-02;4.483046e-02
1.192826e-01;6.814721e-02;1.227958e-01;4.438593e-02;6.485951e-02;7.181612e-02;1.988480e-01;4.751071e-02;1.100469e-01;4.659262e-02;6.050617e-02;4.520840e-02
8.930042e-02;4.052250e-02;1.150406e-01;5.662137e-02;4.820323e-02;6.414432e-02;1.507616e-01;5.718413e-02;1.962346e-01;7.420377e-02;7.361296e-02;3.417043e-02
9.953390e-02;3.549207e-02;8.405362e-02;5.655976e-02;4.901056e-02;3.562247e-02;9.957552e-02;6.988166e-02;2.650089e-01;9.566043e-02;7.663300e-02;3.296811e-02
1.266210e-01;5.843897e-02;7.457596e-02;3.352617e-02;5.610610e-02;3.228406e-02;1.298043e-01;4.550333e-02;2.516794e-01;8.612449e-02;6.096459e-02;4.437169e-02
1.205733e-01;5.114362e-02;1.010771e-01;2.676576e-02;5.723280e-02;4.634107e-02;1.721219e-01;4.889401e-02;2.168842e-01;6.191916e-02;5.802456e-02;3.902243e-02
5.863350e-02;6.039763e-02;1.436901e-01;4.397001e-02;5.720905e-02;5.170821e-02;1.635516e-01;5.522237e-02;1.992477e-01;6.442371e-02;6.569029e-02;3.625578e-02
3.828758e-02;8.931579e-02;1.519037e-01;6.311552e-02;4.706100e-02;3.252238e-02;1.060307e-01;7.874516e-02;2.141124e-01;9.388439e-02;4.762510e-02;3.739632e-02
5.894445e-02;9.328653e-02;1.161475e-01;6.967165e-02;4.396893e-02;2.984844e-02;1.317007e-01;9.534168e-02;2.097128e-01;9.244941e-02;2.735487e-02;3.157309e-02
7.237165e-02;8.605085e-02;1.221915e-01;7.160332e-02;4.363936e-02;3.054042e-02;1.595531e-01;8.864721e-02;1.862289e-01;8.078902e-02;3.363514e-02;2.474950e-02
9.766596e-02;7.722120e-02;1.298091e-01;9.958585e-02;6.667009e-02;5.358644e-02;1.583785e-01;6.579445e-02;1.222037e-01;7.153489e-02;3.429548e-02;2.325448e-02
9.166728e-02;7.890554e-02;1.465955e-01;1.283082e-01;7.126286e-02;7.706144e-02;1.168893e-01;5.546035e-02;9.581427e-02;7.941195e-02;3.435184e-02;2.427148e-02
3.501052e-02;8.638398e-02;2.281412e-01;1.105649e-01;5.889818e-02;7.525379e-02;8.147359e-02;7.962760e-02;1.132513e-01;6.441651e-02;3.400654e-02;3.297193e-02
1.096805e-01;7.833401e-02;2.555308e-01;5.567219e-02;4.548438e-02;5.220696e-02;9.448754e-02;1.019048e-01;1.084728e-01;4.269212e-02;1.849059e-02;3.704337e-02
1.168101e-01;9.128052e-02;1.909618e-01;5.158948e-02;3.885938e-02;3.602366e-02;1.567684e-01;1.207868e-01;7.624470e-02;3.664992e-02;2.394294e-02;6.008237e-02
8.753379e-02;9.993196e-02;1.050294e-01;7.147219e-02;2.340882e-02;3.023429e-02;2.578071e-01;1.254257e-01;3.863192e-02;3.332524e-02;2.048490e-02;1.067147e-01
3.532186e-02;9.634180e-02;4.080996e-02;8.735509e-02;1.221123e-02;3.038493e-02;3.826861e-01;9.461349e-02;1.425930e-02;2.475279e-02;1.975042e-02;1.615130e-01
3.379219e-02;8.138280e-02;2.158084e-02;7.209169e-02;9.863253e-03;5.040809e-02;4.301954e-01;5.591320e-02;1.593061e-02;2.705473e-02;2.804421e-02;1.737429e-01
1.469909e-02;7.807080e-02;2.878621e-02;5.919287e-02;1.644804e-02;8.904991e-02;3.968956e-01;6.373837e-02;3.107549e-02;2.453402e-02;3.510855e-02;1.624010e-01
6.555270e-02;8.361918e-02;5.225364e-02;4.973963e-02;3.941062e-02;1.207637e-01;2.922808e-01;4.422355e-02;4.088733e-02;3.221150e-02;4.870643e-02;1.303509e-01
8.284743e-02;7.525229e-02;9.269475e-02;5.121821e-02;6.116146e-02;1.026482e-01;2.538947e-01;5.100980e-02;4.884228e-02;3.947180e-02;4.964479e-02;9.131426e-02
5.199394e-02;6.076471e-02;1.026176e-01;6.155649e-02;5.657101e-02;6.653436e-02;2.731982e-01;6.459307e-02;3.821097e-02;5.671488e-02;5.724771e-02;1.099971e-01
4.261471e-02;4.962787e-02;1.522933e-01;5.017874e-02;3.777637e-02;6.442665e-02;1.904699e-01;5.235991e-02;7.379315e-02;7.261732e-02;6.760110e-02;1.462409e-01
9.198439e-02;6.862108e-02;1.247991e-01;3.450835e-02;3.137243e-02;4.606533e-02;1.643458e-01;4.213208e-02;9.371783e-02;7.630160e-02;7.316507e-02;1.529869e-01
9.114279e-02;7.331113e-02;8.750960e-02;4.534999e-02;3.997581e-02;3.791888e-02;2.029378e-01;4.354204e-02;7.587942e-02;7.522503e-02;9.803615e-02;1.291714e-01
9.091384e-02;8.579606e-02;9.642489e-02;8.017767e-02;4.468877e-02;3.865193e-02;1.935261e-01;5.446530e-02;5.416088e-02;6.277219e-02;7.882678e-02;1.195957e-01
9.834936e-02;7.938443e-02;1.148001e-01;7.817777e-02;3.780380e-02;4.196920e-02;1.751178e-01;9.370617e-02;6.571531e-02;6.299618e-02;5.113751e-02;1.008424e-01
5.232354e-02;6.944125e-02;1.521875e-01;6.904844e-02;5.417515e-02;4.778613e-02;1.130471e-01;1.068052e-01;8.842500e-02;6.305654e-02;6.226045e-02;1.214438e-01
7.867729e-02;7.805388e-02;1.358458e-01;3.629744e-02;6.393062e-02;3.400422e-02;1.081805e-01;9.432587e-02;9.634751e-02;5.754432e-02;4.948341e-02;1.673091e-01
6.542587e-02;8.532765e-02;1.343401e-01;7.260509e-02;7.010480e-02;4.205792e-02;1.375426e-01;4.641867e-02;8.635686e-02;7.156993e-02;4.053497e-02;1.477155e-01
8.618796e-02;9.354984e-02;1.169528e-01;1.115503e-01;5.648710e-02;3.557232e-02;1.430239e-01;3.113827e-02;6.806371e-02;9.265111e-02;5.709937e-02;1.077233e-01
6.851862e-02;1.005966e-01;1.098518e-01;1.123486e-01;6.788478e-02;3.934520e-02;1.435565e-01;3.950702e-02;6.886867e-02;9.550300e-02;6.412513e-02;8.989414e-02
3.268237e-02;1.029961e-01;1.429902e-01;9.512734e-02;1.173268e-01;5.275585e-02;1.159427e-01;3.358442e-02;4.323947e-02;5.736340e-02;6.927889e-02;1.367125e-01
4.615337e-02;1.029498e-01;8.898570e-02;7.182258e-02;8.595043e-02;7.271110e-02;1.248620e-01;3.953957e-02;6.330954e-02;6.078032e-02;6.314059e-02;1.797949e-01
4.562200e-02;7.188956e-02;1.318211e-01;2.883885e-02;5.105021e-02;8.437494e-02;1.882529e-01;5.402429e-02;7.415565e-02;4.938209e-02;5.686161e-02;1.637268e-01
6.847935e-02;9.073715e-02;2.877142e-01;2.552659e-02;4.608013e-02;6.021000e-02;1.461210e-01;4.342510e-02;6.355843e-02;4.646892e-02;3.230092e-02;8.937822e-02
1.078337e-01;9.278896e-02;3.050710e-01;2.799495e-02;6.403871e-02;3.591635e-02;1.168718e-01;3.566064e-02;7.828725e-02;4.521384e-02;3.841534e-02;5.190749e-02
1.494810e-01;9.329038e-02;2.725866e-01;1.937358e-02;9.121367e-02;2.726203e-02;1.000479e-01;6.000565e-02;8.188228e-02;3.725520e-02;2.733727e-02;4.026437e-02
2.192285e-01;8.380616e-02;2.227615e-01;1.091691e-02;1.296523e-01;2.139054e-02;6.719712e-02;8.126535e-02;7.360028e-02;2.734184e-02;2.217917e-02;4.066037e-02
2.739463e-01;8.044586e-02;2.092670e-01;1.627230e-02;1.421513e-01;1.902530e-02;3.291753e-02;7.954043e-02;4.805468e-02;3.023939e-02;2.277258e-02;4.536742e-02
3.058236e-01;7.112321e-02;1.574873e-01;3.403368e-02;1.073712e-01;2.403987e-02;4.586648e-02;7.814223e-02;4.360840e-02;4.350279e-02;3.421648e-02;5.478491e-02
2.569059e-01;6.685043e-02;2.221860e-01;5.080061e-02;6.780490e-02;3.406821e-02;7.898834e-02;6.411675e-02;2.502711e-02;2.751348e-02;3.530276e-02;7.043562e-02
1.891374e-01;3.288731e-02;2.288079e-01;7.287484e-02;6.204630e-02;3.469039e-02;8.553951e-02;6.011380e-02;4.279106e-02;4.458497e-02;6.404412e-02;8.248249e-02
1.801713e-01;4.951989e-02;2.392741e-01;7.683012e-02;8.454891e-02;2.563698e-02;6.488920e-02;4.157301e-02;5.302446e-02;5.890519e-02;7.099449e-02;5.463240e-02
2.091728e-01;5.146043e-02;1.856703e-01;7.217150e-02;9.946690e-02;3.895270e-02;8.767572e-02;5.380317e-02;4.635215e-02;6.595991e-02;4.750346e-02;4.181098e-02
1.791261e-01;6.644357e-02;1.616608e-01;3.796871e-02;9.582820e-02;3.617569e-02;1.229797e-01;8.718047e-02;5.108266e-02;8.743109e-02;3.716701e-02;3.695603e-02
1.324596e-01;6.796496e-02;1.911691e-01;4.022047e-02;9.918018e-02;4.030900e-02;1.302938e-01;7.999119e-02;5.365385e-02;7.702374e-02;4.165406e-02;4.608003e-02
1.476203e-01;6.373247e-02;2.294962e-01;7.390076e-02;1.038376e-01;4.538253e-02;9.193625e-02;2.905897e-02;5.646431e-02;4.638759e-02;6.586018e-02;4.632286e-02
1.605365e-01;6.731468e-02;1.970870e-01;8.944536e-02;7.789025e-02;4.237792e-02;8.490366e-02;4.588185e-02;4.936553e-02;4.679626e-02;5.903803e-02;7.936294e-02
1.800101e-01;6.352076e-02;1.141340e-01;8.968914e-02;5.530157e-02;4.520841e-02;1.189522e-01;7.053636e-02;7.410558e-02;7.522716e-02;6.310854e-02;5.020617e-02
1.516444e-01;4.813683e-02;1.289588e-01;5.759999e-02;7.023002e-02;3.921364e-02;1.470292e-01;1.024978e-01;8.047398e-02;7.248756e-02;5.266393e-02;4.906381e-02
7.050968e-02;1.030333e-01;1.712258e-01;5.334042e-02;3.816583e-02;6.719833e-02;1.810141e-01;5.608898e-02;7.656905e-02;6.283349e-02;6.842055e-02;5.160052e-02
4.613715e-02;1.233546e-01;1.814086e-01;5.495510e-02;4.146548e-02;8.670159e-02;1.755265e-01;4.801937e-02;8.266012e-02;5.556976e-02;5.407108e-02;5.013064e-02
7.541441e-02;1.515487e-01;1.503443e-01;5.046995e-02;5.500394e-02;7.825362e-02;1.627039e-01;6.413480e-02;5.864646e-02;4.806921e-02;4.441050e-02;6.100016e-02
1.222322e-01;1.241783e-01;2.255300e-01;3.768496e-02;5.363421e-02;5.095003e-02;1.278772e-01;7.022705e-02;6.951320e-02;3.152277e-02;4.467643e-02;4.197364e-02
9.754963e-02;9.264028e-02;2.128388e-01;3.780062e-02;6.134010e-02;7.859889e-02;1.545399e-01;5.687839e-02;7.742252e-02;4.490408e-02;5.847206e-02;2.701476e-02
6.030364e-02;7.102293e-02;1.623738e-01;3.417002e-02;7.253124e-02;1.488616e-01;1.855606e-01;3.182722e-02;7.628947e-02;4.047837e-02;9.724163e-02;1.933941e-02
2.181883e-02;6.199078e-02;8.613947e-02;2.118601e-02;7.202757e-02;2.460925e-01;1.511120e-01;4.474154e-02;6.405300e-02;6.254204e-02;1.552839e-01;1.301241e-02
4.285770e-02;6.318016e-02;7.381007e-02;1.808517e-02;1.024740e-01;2.644215e-01;5.777723e-02;5.948239e-02;5.184877e-02;8.244636e-02;1.664588e-01;1.715773e-02
3.998221e-02;7.634550e-02;9.191378e-02;1.670817e-02;1.471222e-01;1.908783e-01;7.058704e-02;5.131816e-02;3.389345e-02;1.246880e-01;1.371043e-01;1.945885e-02
3.410204e-02;1.148790e-01;7.719924e-02;3.302183e-02;2.205474e-01;1.221694e-01;6.748607e-02;3.180017e-02;1.838799e-02;1.682251e-01;9.264974e-02;1.953211e-02
3.560058e-02;1.020482e-01;7.937466e-02;5.282422e-02;2.807262e-01;6.677339e-02;6.821041e-02;1.569439e-02;2.309566e-02;1.899024e-01;6.456184e-02;2.118800e-02
3.449393e-02;9.437844e-02;7.750782e-02;6.534573e-02;3.058318e-01;3.381389e-02;5.160995e-02;1.891675e-02;3.955331e-02;2.038258e-01;5.748127e-02;1.724130e-02
4.922949e-02;8.371831e-02;6.065065e-02;9.457066e-02;2.627099e-01;4.705169e-02;4.759204e-02;1.854276e-02;7.056380e-02;2.049138e-01;4.743308e-02;1.302383e-02
6.821197e-02;6.212300e-02;5.323617e-02;1.155993e-01;2.040184e-01;3.384220e-02;5.394673e-02;2.994453e-02;7.831813e-02;2.195164e-01;6.055119e-02;2.069206e-02
7.286638e-02;4.270108e-02;5.521319e-02;1.340948e-01;1.538226e-01;3.944807e-02;5.102547e-02;3.506558e-02;7.710598e-02;2.335675e-01;8.492189e-02;2.016742e-02
5.041646e-02;3.765223e-02;8.274322e-02;1.441737e-01;1.395032e-01;3.601203e-02;7.697695e-02;3.406633e-02;8.115615e-02;2.136520e-01;8.872791e-02;1.491984e-02
4.180495e-02;5.237006e-02;6.100605e-02;1.350967e-01;1.877071e-01;5.860840e-02;5.575599e-02;3.386202e-02;5.937120e-02;2.019347e-01;8.613803e-02;2.634484e-02
4.102991e-02;4.757316e-02;7.151713e-02;9.288757e-02;2.189391e-01;7.558847e-02;6.298111e-02;4.800390e-02;4.619309e-02;1.883101e-01;6.708292e-02;3.989357e-02
6.471597e-02;5.258556e-02;5.903874e-02;7.107753e-02;1.969847e-01;9.596333e-02;5.039211e-02;6.785826e-02;6.108591e-02;1.568937e-01;8.392389e-02;3.948029e-02
5.142294e-02;7.004962e-02;4.948105e-02;6.922978e-02;1.546042e-01;1.094765e-01;7.858951e-02;7.931294e-02;6.109323e-02;1.175681e-01;1.113121e-01;4.786004e-02
5.760016e-02;5.963274e-02;8.460820e-02;8.128939e-02;1.430417e-01;8.760054e-02;7.930077e-02;7.352203e-02;8.109869e-02;1.105592e-01;9.473359e-02;4.701309e-02
4.841728e-02;6.198739e-02;1.245810e-01;8.503988e-02;1.223315e-01;5.047283e-02;1.313099e-01;5.603960e-02;9.892657e-02;1.119932e-01;6.069786e-02;4.820298e-02
5.965844e-02;7.538410e-02;1.404690e-01;8.450284e-02;1.262459e-01;5.854629e-02;1.304783e-01;4.114386e-02;8.694025e-02;1.017233e-01;4.963000e-02;4.527772e-02
5.526512e-02;7.307306e-02;1.239225e-01;5.863742e-02;1.500847e-01;8.744957e-02;9.143229e-02;6.795317e-02;7.726575e-02;1.052492e-01;6.522995e-02;4.443720e-02
6.720322e-02;9.090168e-02;1.518114e-01;4.788669e-02;1.294419e-01;6.407697e-02;9.618947e-02;6.703399e-02;7.571422e-02;9.130706e-02;7.718440e-02;4.124895e-02
6.678718e-02;5.654848e-02;1.502379e-01;6.862556e-02;1.040218e-01;5.144969e-02;1.509551e-01;4.702675e-02;9.822772e-02;8.020446e-02;7.886691e-02;4.704842e-02
6.424709e-02;5.540984e-02;1.378788e-01;9.174124e-02;1.094070e-01;5.759338e-02;1.583440e-01;3.586883e-02;8.880535e-02;6.499751e-02;6.886246e-02;6.684440e-02
6.796721e-02;4.837457e-02;1.225244e-01;9.371646e-02;1.434421e-01;7.651204e-02;1.404471e-01;5.066054e-02;7.185602e-02;7.813568e-02;5.483854e-02;5.152529e-02
8.427706e-02;3.077134e-02;8.431304e-02;1.122576e-01;1.455557e-01;1.026693e-01;1.476361e-01;7.687537e-02;6.844435e-02;7.562125e-02;4.758091e-02;2.399795e-02
1.019828e-01;4.244785e-02;1.032167e-01;1.224853e-01;1.071454e-01;8.685195e-02;1.237556e-01;9.229740e-02;5.273287e-02;6.319373e-02;5.274032e-02;5.115020e-02
9.929902e-02;6.356771e-02;1.302468e-01;1.112637e-01;7.990761e-02;9.202158e-02;1.117559e-01;8.462052e-02;7.218653e-02;4.722027e-02;5.693798e-02;5.097234e-02
8.118147e-02;8.034918e-02;1.859492e-01;6.673118e-02;8.996362e-02;8.365640e-02;1.066259e-01;5.387298e-02;8.310815e-02;7.797199e-02;5.392667e-02;3.666315e-02
6.532868e-02;9.680678e-02;1.860002e-01;6.691439e-02;9.792560e-02;6.183235e-02;1.172820e-01;2.580775e-02;6.205218e-02;1.150120e-01;7.028264e-02;3.475545e-02
