2.924704e-02;8.451488e-02;7.760217e-02;8.364081e-02;6.684028e-02;1.241363e-01;3.202103e-02;1.993371e-01;1.553587e-01;4.260128e-02;8.034936e-02;2.435109e-02
4.837933e-02;1.319818e-01;1.264828e-01;2.757680e-02;2.543204e-02;1.537908e-01;6.251974e-02;1.648180e-01;9.494817e-02;4.495993e-02;5.726034e-02;6.185024e-02
7.106964e-02;1.743410e-01;1.323047e-01;1.372286e-02;2.382318e-02;1.280956e-01;5.294215e-02;1.673666e-01;7.659086e-02;3.995692e-02;4.050881e-02;7.927759e-02
1.345374e-01;2.321240e-01;9.374576e-02;7.106923e-03;2.639390e-02;9.547614e-02;2.697553e-02;1.986321e-01;4.831257e-02;2.989209e-02;2.232106e-02;8.448260e-02
1.710795e-01;2.630526e-01;1.372224e-01;1.206691e-02;2.416803e-02;5.880119e-02;3.644539e-02;2.063344e-01;2.593293e-02;1.270786e-02;1.134027e-02;4.084845e-02
1.720475e-01;2.802949e-01;1.656533e-01;9.156833e-03;1.910868e-02;4.269933e-02;3.515316e-02;1.969629e-01;2.870781e-02;1.261607e-02;1.645904e-02;2.114051e-02
1.698752e-01;2.961111e-01;1.827510e-01;7.074656e-03;2.300289e-02;2.011456e-02;4.954028e-02;1.820128e-01;2.160703e-02;1.331703e-02;1.525839e-02;1.933512e-02
1.609059e-01;3.221273e-01;2.007494e-01;7.782125e-03;2.628430e-02;1.992063e-02;3.047708e-02;1.573850e-01;1.613076e-02;1.194088e-02;2.407257e-02;2.222415e-02
1.245702e-01;3.424937e-01;2.147444e-01;1.268305e-02;2.814884e-02;2.083240e-02;3.222405e-02;1.290252e-01;2.678300e-02;1.788283e-02;3.157652e-02;1.903579e-02
8.879057e-02;3.374193e-01;2.257662e-01;1.866016e-02;2.403684e-02;2.245047e-02;4.278978e-02;1.083531e-01;7.232340e-02;2.759368e-02;2.155650e-02;1.025997e-02
9.608104e-02;3.343430e-01;1.897145e-01;1.453258e-02;1.928662e-02;1.633575e-02;4.532344e-02;1.111413e-01;1.095240e-01;3.694467e-02;1.456550e-02;1.220766e-02
1.383023e-01;3.153674e-01;1.204212e-01;9.439965e-03;2.766962e-02;1.631782e-02;3.986966e-02;1.662778e-01;1.024256e-01;2.623348e-02;2.817544e-02;9.499677e-03
1.643934e-01;2.903100e-01;1.013694e-01;8.980767e-03;3.744891e-02;1.032155e-02;2.556809e-02;2.125116e-01;8.113933e-02;1.778278e-02;3.505930e-02;1.511486e-02
1.725325e-01;2.621738e-01;9.520644e-02;8.143114e-03;4.337314e-02;1.346643e-02;5.319978e-02;2.395178e-01;4.749687e-02;5.831720e-03;3.227000e-02;2.678847e-02
1.769012e-01;2.512899e-01;7.591816e-02;8.729226e-03;5.578821e-02;2.763958e-02;7.177280e-02;2.353813e-01;2.304352e-02;1.266561e-02;2.496895e-02;3.590159e-02
1.651574e-01;2.725541e-01;1.407584e-01;1.485363e-02;5.084647e-02;4.565769e-02;4.422882e-02;1.646196e-01;3.636255e-02;1.541195e-02;1.511297e-02;3.443644e-02
1.507309e-01;3.448675e-01;1.982575e-01;1.320168e-02;4.987232e-02;3.470956e-02;2.207968e-02;1.085236e-01;3.064459e-02;1.418627e-02;1.093405e-02;2.199228e-02
1.356532e-01;3.948262e-01;1.924444e-01;8.525971e-03;5.584764e-02;2.565144e-02;1.863498e-02;9.742135e-02;2.886164e-02;8.047561e-03;1.466907e-02;1.941650e-02
1.229715e-01;3.950270e-01;2.185886e-01;9.179438e-03;6.006299e-02;2.460070e-02;2.076204e-02;8.544213e-02;1.799324e-02;9.846007e-03;1.735839e-02;1.816791e-02
1.227956e-01;3.745138e-01;2.058280e-01;7.059395e-03;6.410985e-02;2.079637e-02;2.842333e-02;9.588923e-02;1.998553e-02;1.152755e-02;2.556679e-02;2.350450e-02
1.143871e-01;3.121352e-01;1.921865e-01;1.561936e-02;4.997824e-02;4.356674e-02;4.269993e-02;1.005057e-01;2.624382e-02;1.956874e-02;4.178919e-02;4.131950e-02
9.752011e-02;2.584913e-01;1.750102e-01;2.428074e-02;2.437281e-02;7.443298e-02;7.902592e-02;1.071053e-01;1.988451e-02;2.721403e-02;5.367762e-02;5.898446e-02
9.271806e-02;2.040237e-01;1.604113e-01;2.457600e-02;1.792745e-02;9.086899e-02;1.280462e-01;1.164379e-01;2.069446e-02;2.785640e-02;4.235463e-02;7.408490e-02
9.563354e-02;1.521845e-01;1.402393e-01;3.488928e-02;2.194812e-02;9.342046e-02;1.678104e-01;1.346676e-01;2.579316e-02;2.636075e-02;2.970729e-02;7.734562e-02
6.796416e-02;1.366120e-01;9.929500e-02;3.017457e-02;4.061269e-02;1.474982e-01;1.764156e-01;1.305994e-01;2.683470e-02;3.260469e-02;2.007402e-02;9.131504e-02
8.788265e-02;1.220274e-01;7.948403e-02;2.554770e-02;4.053246e-02;1.942750e-01;1.730969e-01;8.737399e-02;4.105746e-02;3.786801e-02;1.516875e-02;9.568555e-02
5.702242e-02;8.648373e-02;8.838701e-02;2.724593e-02;2.568041e-02;2.393920e-01;1.486220e-01;9.393550e-02;8.291093e-02;3.313884e-02;1.710315e-02;1.000781e-01
9.237892e-02;5.245516e-02;8.397842e-02;1.739406e-02;3.211300e-02;2.312335e-01;9.270430e-02;1.535591e-01;1.099688e-01;3.236486e-02;1.264108e-02;8.920885e-02
1.093314e-01;1.528106e-01;9.747992e-02;1.731116e-02;3.194650e-02;1.739027e-01;8.965302e-02;1.234141e-01;8.812045e-02;3.218058e-02;9.725951e-03;7.412354e-02
1.080896e-01;2.291323e-01;1.155035e-01;2.296958e-02;2.925845e-02;1.273789e-01;7.949712e-02;1.088887e-01;5.658135e-02;2.673526e-02;1.436810e-02;8.159718e-02
1.251529e-01;2.365451e-01;1.035955e-01;3.915565e-02;3.570471e-02;9.302951e-02;6.128157e-02;1.089464e-01;6.510696e-02;2.312957e-02;2.136812e-02;8.698405e-02
1.067529e-01;3.048981e-01;1.904460e-01;3.310390e-02;2.427580e-02;5.907861e-02;4.829012e-02;5.967910e-02;6.731717e-02;1.690682e-02;2.804120e-02;6.121021e-02
9.127064e-02;3.106735e-01;2.071549e-01;2.758867e-02;2.027399e-02;4.982246e-02;5.346857e-02;6.758952e-02;7.416061e-02;2.321603e-02;3.029474e-02;4.448643e-02
8.261928e-02;3.251321e-01;2.133739e-01;2.356395e-02;2.510946e-02;2.484670e-02;5.912288e-02;8.334402e-02;6.805567e-02;2.175133e-02;2.502372e-02;4.805700e-02
8.163048e-02;3.410763e-01;2.041041e-01;2.317296e-02;3.084262e-02;4.173813e-02;6.020128e-02;7.062278e-02;5.542390e-02;1.697444e-02;1.764410e-02;5.656889e-02
9.678037e-02;3.253893e-01;1.795602e-01;2.040593e-02;3.729654e-02;6.496074e-02;6.397471e-02;6.449810e-02;4.739519e-02;1.787695e-02;1.833656e-02;6.352540e-02
1.242276e-01;3.102755e-01;1.323733e-01;2.154944e-02;3.303399e-02;8.061840e-02;5.178938e-02;5.570998e-02;4.509431e-02;2.394454e-02;2.451093e-02;9.687266e-02
1.546924e-01;2.465553e-01;1.073749e-01;2.252178e-02;2.222757e-02;6.521318e-02;4.503678e-02;1.146298e-01;4.690170e-02;2.952090e-02;2.203430e-02;1.232914e-01
1.700243e-01;1.597139e-01;1.014598e-01;1.745044e-02;1.888490e-02;5.639667e-02;5.021197e-02;1.595722e-01;6.084915e-02;3.593696e-02;2.194112e-02;1.475586e-01
1.828947e-01;1.314609e-01;8.475438e-02;1.467140e-02;2.192427e-02;6.702490e-02;5.816618e-02;1.413793e-01;6.136625e-02;3.925413e-02;2.782027e-02;1.692834e-01
1.322451e-01;1.962122e-01;1.161336e-01;2.149332e-02;1.857036e-02;5.935750e-02;5.970987e-02;9.468675e-02;6.322356e-02;3.650132e-02;4.775178e-02;1.541147e-01
1.011799e-01;2.470879e-01;1.577129e-01;1.391543e-02;1.973397e-02;7.949049e-02;2.099911e-02;6.272639e-02;7.999769e-02;4.202767e-02;8.108626e-02;9.404231e-02
1.009472e-01;2.164629e-01;1.324786e-01;1.760682e-02;1.877856e-02;7.638639e-02;5.908618e-02;1.027335e-01;8.321632e-02;4.224618e-02;9.654467e-02;5.351273e-02
1.192578e-01;1.696392e-01;9.377704e-02;2.848112e-02;2.471514e-02;5.537101e-02;8.512601e-02;1.124330e-01;8.955351e-02;3.443469e-02;1.006894e-01;8.652206e-02
8.888128e-02;1.486114e-01;7.743465e-02;3.934105e-02;1.979690e-02;6.268501e-02;1.913698e-01;8.990618e-02;5.010271e-02;2.958808e-02;4.489214e-02;1.573909e-01
7.311332e-02;2.025843e-01;5.328695e-02;4.343006e-02;7.861721e-03;5.347537e-02;2.580602e-01;7.923412e-02;2.519038e-02;1.801893e-02;1.694519e-02;1.687995e-01
5.396964e-02;1.896221e-01;3.965210e-02;4.589553e-02;8.738247e-03;4.961380e-02;3.145675e-01;5.795916e-02;2.683404e-02;1.811896e-02;1.518760e-02;1.798413e-01
4.057258e-02;1.772666e-01;4.147836e-02;4.837963e-02;1.342752e-02;4.511475e-02;3.235983e-01;5.572148e-02;2.279780e-02;2.510039e-02;2.092919e-02;1.856134e-01
4.770929e-02;1.776881e-01;6.783830e-02;3.838462e-02;1.834982e-02;5.965475e-02;2.737408e-01;7.098802e-02;2.723240e-02;2.503248e-02;2.364069e-02;1.697408e-01
4.909648e-02;1.748782e-01;9.731907e-02;3.060538e-02;2.053955e-02;1.023785e-01;1.813014e-01;8.713818e-02;6.173899e-02;2.531974e-02;4.687807e-02;1.228065e-01
6.115117e-02;2.168745e-01;1.383860e-01;1.935805e-02;2.141254e-02;1.222050e-01;5.866779e-02;8.462408e-02;1.027075e-01;2.271532e-02;5.110844e-02;1.007896e-01
8.101120e-02;2.684581e-01;1.082844e-01;1.571079e-02;1.499206e-02;7.211871e-02;9.783886e-02;7.783822e-02;8.688263e-02;2.034797e-02;3.397986e-02;1.225372e-01
7.103334e-02;2.451716e-01;9.607077e-02;2.440010e-02;2.725405e-02;7.565712e-02;1.574801e-01;8.285527e-02;6.136982e-02;1.844412e-02;2.972007e-02;1.105436e-01
9.466086e-02;2.113348e-01;9.163794e-02;3.074743e-02;3.076734e-02;6.291084e-02;1.750418e-01;4.650858e-02;7.201092e-02;1.979494e-02;3.869295e-02;1.258917e-01
9.825460e-02;1.155526e-01;9.322770e-02;3.062507e-02;3.142537e-02;5.899768e-02;1.901195e-01;9.871804e-02;7.471054e-02;2.350151e-02;4.280710e-02;1.420602e-01
8.567603e-02;1.129354e-01;1.108558e-01;2.232932e-02;2.995990e-02;5.578525e-02;2.214664e-01;1.338606e-01;5.399768e-02;2.190864e-02;3.954473e-02;1.116802e-01
1.019267e-01;2.419493e-01;1.441042e-01;2.296154e-02;2.745442e-02;3.061215e-02;2.163794e-01;6.373590e-02;2.928601e-02;1.611190e-02;2.862930e-02;7.684916e-02
1.037501e-01;3.121536e-01;1.256374e-01;2.022340e-02;2.632673e-02;3.115886e-02;2.031010e-01;3.986001e-02;2.970812e-02;1.775302e-02;2.687938e-02;6.344840e-02
1.013864e-01;3.038249e-01;1.531050e-01;1.890390e-02;2.304263e-02;5.018647e-02;1.706069e-01;5.891467e-02;3.358631e-02;2.336505e-02;1.937317e-02;4.370456e-02
9.795526e-02;2.697431e-01;1.702984e-01;2.016780e-02;3.044775e-02;6.072041e-02;1.423901e-01;6.236935e-02;5.400835e-02;3.270945e-02;2.661872e-02;3.257133e-02
6.658504e-02;2.410938e-01;1.993129e-01;3.758396e-02;3.724546e-02;9.223485e-02;7.858082e-02;7.867175e-02;6.455029e-02;4.024602e-02;2.889184e-02;3.500324e-02
6.369755e-02;2.426261e-01;2.094292e-01;4.718842e-02;4.759532e-02;9.387158e-02;4.887224e-02;1.090336e-01;5.416559e-02;2.829650e-02;2.262184e-02;3.260206e-02
9.893043e-02;2.380731e-01;1.594893e-01;3.930683e-02;6.026095e-02;7.314969e-02;4.406429e-02;1.702639e-01;4.725728e-02;1.709877e-02;1.679159e-02;3.531390e-02
1.554207e-01;2.090814e-01;7.450753e-02;2.354368e-02;7.099185e-02;4.337347e-02;3.192078e-02;2.745892e-01;3.761581e-02;1.735677e-02;2.625286e-02;3.534596e-02
1.720197e-01;1.652081e-01;5.387970e-02;1.744386e-02;7.323302e-02;3.768470e-02;4.507478e-02;3.384610e-01;3.131249e-02;2.047682e-02;2.658810e-02;1.861775e-02
1.676424e-01;1.679627e-01;6.626656e-02;1.288538e-02;7.519531e-02;4.338143e-02;2.399085e-02;3.490115e-01;3.691032e-02;1.547770e-02;2.515704e-02;1.611882e-02
1.542474e-01;1.856648e-01;6.626214e-02;1.482748e-02;7.452130e-02;3.451668e-02;2.512796e-02;3.106258e-01;4.375912e-02;1.885356e-02;5.293951e-02;1.865423e-02
1.288767e-01;2.029717e-01;8.759676e-02;1.110644e-02;6.491210e-02;3.117114e-02;1.768250e-02;2.666231e-01;4.808472e-02;2.991547e-02;9.251840e-02;1.854103e-02
1.126284e-01;2.030352e-01;9.605502e-02;8.697907e-03;5.448703e-02;3.741557e-02;3.944091e-02;2.375661e-01;4.329484e-02;2.997066e-02;1.215031e-01;1.590525e-02
1.100860e-01;2.349776e-01;9.153555e-02;9.067155e-03;4.795228e-02;3.792087e-02;7.548559e-02;1.849847e-01;4.133977e-02;2.821779e-02;1.210258e-01;1.740685e-02
1.082359e-01;3.065062e-01;8.789255e-02;1.507001e-02;3.523998e-02;2.758986e-02;1.097055e-01;1.295635e-01;4.633007e-02;3.126778e-02;8.576624e-02;1.683240e-02
8.344544e-02;3.668847e-01;1.271742e-01;3.545002e-02;2.613355e-02;1.597127e-02;1.128152e-01;9.217133e-02;5.856232e-02;3.156069e-02;3.833689e-02;1.149442e-02
6.184318e-02;3.865143e-01;1.519476e-01;7.267951e-02;2.610991e-02;2.940977e-02;8.043021e-02;6.413841e-02;7.689822e-02;2.476972e-02;1.431848e-02;1.094065e-02
4.930947e-02;4.159845e-01;1.509049e-01;1.074858e-01;2.489198e-02;2.911236e-02;4.026834e-02;5.351330e-02;8.956487e-02;1.962367e-02;1.085122e-02;8.489580e-03
4.383887e-02;4.169149e-01;1.580229e-01;1.101430e-01;2.843996e-02;3.408272e-02;3.441676e-02;4.260429e-02;9.015840e-02;2.146238e-02;9.841255e-03;1.007465e-02
3.949652e-02;4.239129e-01;2.359300e-01;7.625449e-02;2.484273e-02;3.920330e-02;2.118151e-02;2.957796e-02;7.014316e-02;1.501263e-02;1.170392e-02;1.274095e-02
3.786211e-02;3.758137e-01;3.645920e-01;4.248042e-02;2.918898e-02;2.104140e-02;1.503271e-02;3.473525e-02;3.440945e-02;2.386949e-02;9.706777e-03;1.126781e-02
4.065292e-02;2.677257e-01;4.909695e-01;3.927562e-02;3.050804e-02;1.383046e-02;1.927462e-02;3.239851e-02;2.160494e-02;2.465671e-02;1.166706e-02;7.435843e-03
4.726164e-02;2.294048e-01;5.169048e-01;4.749438e-02;2.559798e-02;1.741949e-02;1.919567e-02;3.699855e-02;2.563655e-02;1.670375e-02;8.433781e-03;8.948573e-03
5.334977e-02;2.129722e-01;4.560402e-01;7.557125e-02;2.256957e-02;2.156249e-02;1.522048e-02;4.859173e-02;3.981639e-02;1.981035e-02;1.897788e-02;1.551773e-02
4.208610e-02;1.959304e-01;4.396951e-01;7.993299e-02;2.878972e-02;3.391946e-02;2.092498e-02;4.906906e-02;4.970429e-02;2.131694e-02;2.027150e-02;1.835937e-02
4.477054e-02;2.678056e-01;4.039567e-01;4.303563e-02;2.879035e-02;4.242592e-02;1.875318e-02;4.397890e-02;4.485801e-02;1.844615e-02;2.474537e-02;1.843370e-02
4.709881e-02;2.985821e-01;3.670903e-01;3.955000e-02;2.692564e-02;5.054940e-02;2.096343e-02;4.550199e-02;3.769334e-02;2.796661e-02;1.988043e-02;1.819798e-02
6.217735e-02;3.219587e-01;3.279965e-01;4.251472e-02;2.758724e-02;3.510380e-02;3.049020e-02;4.979032e-02;3.442772e-02;2.458492e-02;2.308811e-02;2.028047e-02
7.084170e-02;3.328868e-01;2.911631e-01;3.529759e-02;2.544377e-02;2.957379e-02;3.705782e-02;6.693475e-02;4.156904e-02;2.504665e-02;2.481599e-02;1.936908e-02
5.184717e-02;2.382000e-01;3.698255e-01;3.601279e-02;2.265506e-02;4.731375e-02;3.807842e-02;7.203215e-02;4.983858e-02;2.934765e-02;2.038050e-02;2.446842e-02
6.384627e-02;2.310152e-01;4.323014e-01;4.837511e-02;1.647480e-02;2.725245e-02;2.515874e-02;4.936830e-02;3.565001e-02;2.561128e-02;1.897841e-02;2.596796e-02
6.951675e-02;2.951646e-01;4.322546e-01;3.684624e-02;1.243052e-02;2.909827e-02;2.207816e-02;3.465476e-02;2.090392e-02;1.573961e-02;1.061426e-02;2.069824e-02
6.037602e-02;3.369545e-01;4.205330e-01;3.476477e-02;1.756636e-02;2.315186e-02;2.727674e-02;3.108729e-02;1.836769e-02;1.016726e-02;5.929357e-03;1.382520e-02
5.388395e-02;3.476751e-01;3.866737e-01;4.388229e-02;1.890524e-02;2.347609e-02;3.602270e-02;3.906098e-02;2.485046e-02;8.595586e-03;6.435217e-03;1.053866e-02
8.179381e-02;2.608579e-01;3.339913e-01;6.131078e-02;1.779215e-02;4.276523e-02;5.100029e-02;7.009540e-02;4.172961e-02;1.250083e-02;1.086854e-02;1.529423e-02
6.761812e-02;3.434134e-01;3.166953e-01;3.742056e-02;8.124053e-03;3.933841e-02;2.914784e-02;7.897874e-02;4.446877e-02;1.045145e-02;9.327963e-03;1.501535e-02
5.391233e-02;4.004735e-01;2.972822e-01;3.350702e-02;1.069120e-02;2.918822e-02;1.884466e-02;9.014805e-02;3.439333e-02;8.276983e-03;1.142549e-02;1.185694e-02
5.477381e-02;4.259889e-01;2.908156e-01;2.039526e-02;1.434653e-02;2.686675e-02;9.609966e-03;9.751612e-02;2.274507e-02;9.102094e-03;1.678624e-02;1.105365e-02
7.118809e-02;4.499841e-01;2.088862e-01;1.417846e-02;2.458685e-02;2.686771e-02;1.851672e-02;1.064327e-01;3.088665e-02;1.035910e-02;2.307943e-02;1.503395e-02
7.687488e-02;4.197780e-01;1.740808e-01;2.471628e-02;3.543922e-02;2.357338e-02;2.735051e-02;1.167977e-01;4.688117e-02;1.450487e-02;1.884179e-02;2.116136e-02
5.601806e-02;3.783162e-01;1.913571e-01;2.942988e-02;3.458790e-02;4.033191e-02;3.290233e-02;1.373260e-01;3.791562e-02;1.848578e-02;2.426604e-02;1.906314e-02
4.706834e-02;3.064530e-01;2.691496e-01;2.431052e-02;2.263686e-02;5.918673e-02;5.125135e-02;1.416342e-01;3.125126e-02;9.959008e-03;1.541684e-02;2.168231e-02
6.301154e-02;2.328064e-01;3.076237e-01;3.609705e-02;1.586336e-02;4.986550e-02;3.776947e-02;1.327177e-01;4.507498e-02;1.893679e-02;3.362508e-02;2.660841e-02
7.304944e-02;3.587960e-01;2.102033e-01;4.410854e-02;2.505571e-02;5.048363e-02;1.828285e-02;9.403149e-02;4.964800e-02;2.136818e-02;3.326913e-02;2.170376e-02
5.654700e-02;4.281405e-01;2.554145e-01;3.067970e-02;2.428146e-02;2.415532e-02;2.053499e-02;6.882157e-02;3.888693e-02;1.491154e-02;1.423178e-02;2.339472e-02
4.200672e-02;4.172229e-01;3.355467e-01;2.352492e-02;1.740726e-02;3.388971e-02;1.860762e-02;4.548059e-02;2.720797e-02;1.170502e-02;7.073415e-03;2.032717e-02
4.761272e-02;4.281987e-01;3.050807e-01;2.394750e-02;2.118612e-02;4.373102e-02;2.450333e-02;3.460319e-02;2.373472e-02;1.229312e-02;1.492423e-02;2.018471e-02
9.493392e-02;4.563193e-01;1.046962e-01;3.918369e-02;3.338095e-02;5.939436e-02;2.363707e-02;7.355332e-02;3.766849e-02;1.386470e-02;3.902550e-02;2.434246e-02
8.778358e-02;4.046233e-01;2.150853e-01;3.607152e-02;3.356627e-02;4.962514e-02;1.542590e-02;6.375207e-02;3.509826e-02;8.839795e-03;3.280089e-02;1.732804e-02
6.694332e-02;4.024760e-01;2.993447e-01;2.995884e-02;2.228788e-02;3.154556e-02;1.572475e-02;4.138258e-02;3.048423e-02;1.415468e-02;3.317387e-02;1.252357e-02
4.414709e-02;2.948689e-01;1.954374e-01;7.541695e-02;6.765701e-02;1.082813e-01;2.862714e-02;5.686994e-02;4.660400e-02;2.328224e-02;4.130825e-02;1.749974e-02
2.628461e-02;2.127785e-01;2.928750e-01;9.366698e-02;6.570133e-02;1.019367e-01;2.722592e-02;5.821595e-02;4.270819e-02;2.774733e-02;3.116361e-02;1.969592e-02
2.829430e-02;2.018434e-01;4.127364e-01;9.650492e-02;3.910059e-02;6.050910e-02;2.466488e-02;4.475866e-02;3.374269e-02;2.320261e-02;2.180145e-02;1.284102e-02
3.394597e-02;1.939633e-01;4.810145e-01;9.174313e-02;2.384800e-02;4.927837e-02;2.080106e-02;4.111285e-02;2.502944e-02;1.651102e-02;1.710157e-02;5.650807e-03
3.980540e-02;1.729199e-01;4.698451e-01;7.038932e-02;3.805874e-02;9.366977e-02;1.844190e-02;4.125089e-02;1.792186e-02;1.346591e-02;1.642165e-02;7.809489e-03
4.722954e-02;1.770923e-01;4.243573e-01;5.515890e-02;3.797508e-02;1.137656e-01;3.717685e-02;4.368181e-02;2.173797e-02;1.233649e-02;1.927217e-02;1.021599e-02
5.072264e-02;1.887705e-01;4.619940e-01;6.500485e-02;2.869500e-02;5.822694e-02;4.966035e-02;3.256898e-02;1.872593e-02;1.843457e-02;2.079540e-02;6.400829e-03
4.035816e-02;1.611144e-01;4.826488e-01;6.167626e-02;4.652008e-02;3.529401e-02;6.984375e-02;2.597601e-02;2.019635e-02;3.053784e-02;1.737041e-02;8.463824e-03
4.513071e-02;1.272281e-01;4.645893e-01;8.897854e-02;5.366014e-02;3.741787e-02;6.389131e-02;2.858415e-02;2.959871e-02;2.994764e-02;1.905315e-02;1.192035e-02
3.885060e-02;1.250846e-01;4.390878e-01;1.600605e-01;4.761937e-02;4.412124e-02;3.434275e-02;1.665336e-02;3.362405e-02;2.580391e-02;2.489033e-02;9.861453e-03
1.989287e-02;7.008872e-02;4.661992e-01;2.104382e-01;4.532609e-02;5.738191e-02;1.323368e-02;9.758850e-03;3.896346e-02;2.814937e-02;3.269417e-02;7.873434e-03
2.189147e-02;1.607161e-01;4.652105e-01;1.482806e-01;3.248223e-02;5.208796e-02;1.597319e-02;1.310014e-02;3.306074e-02;2.469503e-02;2.336012e-02;9.141877e-03
3.115376e-02;2.133230e-01;4.124058e-01;9.853999e-02;2.363984e-02;8.831457e-02;2.326864e-02;2.610080e-02;2.761410e-02;2.205914e-02;2.139602e-02;1.218435e-02
4.332088e-02;2.025704e-01;2.886137e-01;1.279223e-01;4.393948e-02;1.089026e-01;2.929844e-02;4.839361e-02;4.072927e-02;2.279189e-02;2.771003e-02;1.580740e-02
3.080881e-02;2.142271e-01;3.686446e-01;1.022380e-01;4.061357e-02;7.011355e-02;2.545124e-02;4.456781e-02;4.706987e-02;3.232814e-02;1.209175e-02;1.184567e-02
2.329808e-02;1.767262e-01;4.558299e-01;1.032999e-01;1.773700e-02;7.721107e-02;1.360397e-02;4.147778e-02;3.104075e-02;2.630526e-02;2.158471e-02;1.188535e-02
3.049533e-02;1.921864e-01;4.426683e-01;1.043623e-01;3.829575e-02;6.958877e-02;1.238022e-02;1.789777e-02;2.562701e-02;2.193451e-02;2.485574e-02;1.970789e-02
3.097027e-02;1.554905e-01;4.351974e-01;7.719979e-02;4.854298e-02;5.144862e-02;3.297834e-02;3.031248e-02;3.429665e-02;2.702709e-02;2.961062e-02;4.692528e-02
2.506285e-02;1.557063e-01;3.887647e-01;5.873998e-02;4.019394e-02;6.843037e-02;5.267198e-02;4.317760e-02;3.088901e-02;2.317767e-02;4.534790e-02;6.783777e-02
3.824153e-02;1.597555e-01;3.964771e-01;8.198102e-02;1.355552e-02;6.421178e-02;3.861929e-02;4.474035e-02;2.598296e-02;2.516245e-02;4.468243e-02;6.659002e-02
4.646997e-02;2.024923e-01;4.006611e-01;1.033164e-01;3.468310e-02;3.719585e-02;1.700461e-02;3.350702e-02;1.933730e-02;1.877176e-02;4.837626e-02;3.818430e-02
4.439837e-02;1.483730e-01;1.354247e-01;9.792557e-02;6.022212e-02;1.515970e-01;4.449093e-02;6.883536e-02;3.604338e-02;4.985495e-02;9.706116e-02;6.577347e-02
2.955709e-02;8.051255e-02;1.403942e-01;1.082432e-01;5.977425e-02;1.600030e-01;4.199119e-02;6.867982e-02;2.726865e-02;5.953194e-02;1.557608e-01;6.828333e-02
1.871068e-02;8.255184e-02;2.187685e-01;1.267137e-01;4.343945e-02;1.070769e-01;2.777579e-02;4.609249e-02;1.542563e-02;7.020376e-02;1.960209e-01;4.722038e-02
2.080924e-02;9.087297e-02;3.177915e-01;1.322386e-01;1.999107e-02;4.568421e-02;1.801240e-02;2.002891e-02;1.493833e-02;1.122532e-01;1.869193e-01;2.046037e-02
2.503276e-02;1.166276e-01;3.873411e-01;1.057601e-01;1.502121e-02;3.474986e-02;2.670544e-02;1.454223e-02;1.449343e-02;1.275184e-01;1.110165e-01;2.119142e-02
3.237093e-02;1.686657e-01;4.248815e-01;7.881951e-02;1.604975e-02;3.881809e-02;3.160546e-02;1.053103e-02;1.561180e-02;1.144338e-01;4.352724e-02;2.468524e-02
2.910071e-02;2.169933e-01;4.221163e-01;6.544473e-02;1.391233e-02;6.891178e-02;3.766621e-02;2.219606e-02;1.167049e-02;8.326339e-02;1.520052e-02;1.352411e-02
2.025736e-02;2.328165e-01;4.410017e-01;6.096078e-02;2.662770e-02;6.992765e-02;3.365051e-02;2.440914e-02;7.779477e-03;5.885211e-02;1.680945e-02;6.907581e-03
2.180814e-02;2.197841e-01;5.007158e-01;5.290649e-02;2.522255e-02;3.354180e-02;3.606635e-02;2.063051e-02;6.847198e-03;6.138327e-02;1.654634e-02;4.547445e-03
2.085463e-02;2.050345e-01;5.396132e-01;3.699327e-02;2.159490e-02;1.902695e-02;3.838100e-02;1.750586e-02;1.066441e-02;7.476043e-02;1.224521e-02;3.325589e-03
1.997494e-02;2.169041e-01;5.013857e-01;2.602416e-02;2.722334e-02;2.474117e-02;4.572490e-02;1.202808e-02;5.046810e-03;7.582986e-02;4.153671e-02;3.580161e-03
2.175651e-02;2.039972e-01;4.710365e-01;3.292475e-02;2.376217e-02;3.249364e-02;5.513908e-02;1.148157e-02;7.297599e-03;7.625699e-02;5.605534e-02;7.798644e-03
2.710555e-02;1.966853e-01;4.882435e-01;3.109026e-02;2.231675e-02;1.934503e-02;5.104950e-02;2.233799e-02;1.266694e-02;7.428540e-02;4.188544e-02;1.298829e-02
2.854051e-02;1.205617e-01;4.369897e-01;5.564842e-02;4.066680e-02;8.811110e-02;5.174626e-02;3.471598e-02;2.706417e-02;7.013404e-02;2.853790e-02;1.728344e-02
2.121269e-02;9.160901e-02;4.378268e-01;8.781239e-02;4.633531e-02;9.345752e-02;4.736348e-02;2.887857e-02;4.384488e-02;6.807420e-02;2.197994e-02;1.160519e-02
1.298915e-02;1.306573e-01;4.722575e-01;8.823939e-02;2.778453e-02;7.398396e-02;3.529510e-02;2.523519e-02;4.546056e-02;5.107943e-02;2.777498e-02;9.242949e-03
1.312926e-02;1.681307e-01;4.992814e-01;6.373845e-02;1.047671e-02;4.791186e-02;4.146986e-02;2.564921e-02;3.716346e-02;5.244114e-02;3.138124e-02;9.226674e-03
1.620613e-02;1.844413e-01;5.221881e-01;3.906788e-02;1.130732e-02;3.964162e-02;6.319418e-02;1.529273e-02;1.856974e-02;5.491590e-02;2.815516e-02;7.019960e-03
1.697942e-02;2.133219e-01;5.453647e-01;2.979889e-02;1.370581e-02;2.356013e-02;6.349295e-02;1.482879e-02;1.120542e-02;5.188357e-02;1.237517e-02;3.483341e-03
1.538227e-02;2.497488e-01;5.384719e-01;3.431251e-02;1.163705e-02;1.435612e-02;4.032449e-02;1.651442e-02;1.060042e-02;4.855056e-02;1.566271e-02;4.438738e-03
1.615283e-02;2.675867e-01;5.189764e-01;3.603855e-02;1.281513e-02;2.728914e-02;1.756768e-02;1.838968e-02;1.287026e-02;4.813511e-02;1.907103e-02;5.107454e-03
1.739335e-02;2.930038e-01;4.707472e-01;4.225107e-02;7.246133e-03;3.689412e-02;1.401187e-02;2.737142e-02;1.903839e-02;3.710981e-02;2.372794e-02;1.120498e-02
1.943579e-02;3.126116e-01;4.311245e-01;6.980427e-02;9.406430e-03;4.188380e-02;1.481574e-02;1.865040e-02;2.780404e-02;2.446710e-02;1.893145e-02;1.106480e-02
2.218175e-02;3.476707e-01;3.915827e-01;7.777742e-02;5.896799e-03;4.535525e-02;1.360061e-02;1.411665e-02;3.896993e-02;3.171833e-02;5.599711e-03;5.530119e-03
4.067575e-02;3.757937e-01;3.589390e-01;5.578736e-02;8.348703e-03;4.316993e-02;1.206926e-02;2.190123e-02;4.708676e-02;1.479706e-02;1.440721e-02;7.024051e-03
6.562866e-02;3.480866e-01;3.253159e-01;3.526902e-02;1.813921e-02;2.225548e-02;2.246865e-02;4.958045e-02;4.697971e-02;1.461209e-02;3.954203e-02;1.212224e-02
9.443736e-02;2.682676e-01;2.765111e-01;2.109588e-02;3.281273e-02;2.091998e-02;3.461746e-02;1.165085e-01;4.020059e-02;2.731312e-02;5.443371e-02;1.288199e-02
1.405736e-01;1.599740e-01;2.405317e-01;2.427411e-02;4.365267e-02;2.137172e-02;2.684241e-02;2.190963e-01;2.895936e-02;3.730720e-02;4.261117e-02;1.480578e-02
1.431599e-01;1.305882e-01;2.158091e-01;3.691644e-02;3.152903e-02;4.582995e-02;4.934862e-02;2.569383e-01;2.421765e-02;2.490203e-02;1.591247e-02;2.484841e-02
1.090148e-01;1.669465e-01;1.908263e-01;6.162641e-02;1.958979e-02;5.249070e-02;8.442895e-02;2.119059e-01;2.253766e-02;1.873672e-02;9.979054e-03;5.191728e-02
8.062902e-02;1.461791e-01;1.258332e-01;9.210365e-02;1.162428e-02;5.013023e-02;1.653674e-01;1.640911e-01;2.189226e-02;2.649889e-02;1.787993e-02;9.777101e-02
5.160182e-02;1.083427e-01;8.144667e-02;1.058838e-01;1.315437e-02;4.770698e-02;2.494510e-01;1.109031e-01;1.892675e-02;2.310803e-02;1.973285e-02;1.697418e-01
3.603644e-02;1.206311e-01;8.555949e-02;9.297717e-02;9.598046e-03;3.900182e-02;2.984351e-01;6.283590e-02;1.396748e-02;1.604368e-02;1.155631e-02;2.133575e-01
2.134397e-02;9.908696e-02;7.276559e-02;7.075184e-02;7.631395e-03;3.913347e-02;3.461363e-01;5.604837e-02;1.623419e-02;9.887807e-03;1.657360e-02;2.444065e-01
3.838772e-02;4.075297e-02;6.891724e-02;5.405842e-02;8.234050e-03;5.910130e-02;3.852785e-01;4.012863e-02;2.232466e-02;1.595784e-02;2.736351e-02;2.394952e-01
4.255501e-02;9.194845e-02;9.510822e-02;4.360676e-02;1.090324e-02;8.972088e-02;3.487791e-01;2.085266e-02;2.608254e-02;1.640656e-02;4.603399e-02;1.680025e-01
3.539133e-02;8.074249e-02;1.116403e-01;3.057541e-02;1.416875e-02;1.156167e-01;3.279979e-01;2.805291e-02;2.913692e-02;1.249374e-02;5.594881e-02;1.582348e-01
2.791312e-02;7.334846e-02;1.215991e-01;3.197346e-02;1.517087e-02;1.320957e-01;3.035555e-01;2.837258e-02;2.699263e-02;1.419243e-02;7.382613e-02;1.509600e-01
2.750013e-02;1.138736e-01;1.385723e-01;2.599676e-02;1.007492e-02;1.286492e-01;2.650021e-01;2.893352e-02;2.056847e-02;1.064062e-02;7.021017e-02;1.599783e-01
1.858919e-02;6.567775e-02;1.357700e-01;1.585879e-02;1.527772e-02;1.542002e-01;2.696147e-01;3.710846e-02;2.498654e-02;1.782009e-02;7.192190e-02;1.731747e-01
2.457318e-02;8.329072e-02;1.233432e-01;2.571452e-02;1.573620e-02;1.763841e-01;2.509979e-01;5.253351e-02;3.125682e-02;2.216000e-02;8.062221e-02;1.133875e-01
2.770589e-02;5.456919e-02;1.194042e-01;2.911542e-02;1.234754e-02;1.648970e-01;2.722481e-01;5.449419e-02;3.423411e-02;2.523750e-02;7.449208e-02;1.312547e-01
4.582544e-02;1.114262e-01;1.154491e-01;1.633774e-02;1.157639e-02;1.263973e-01;2.810640e-01;3.189059e-02;2.975542e-02;2.129076e-02;4.873110e-02;1.602559e-01
4.606769e-02;1.001182e-01;1.119978e-01;2.392577e-02;1.044005e-02;1.156923e-01;3.342314e-01;3.191847e-02;4.121117e-02;1.824423e-02;3.344842e-02;1.327044e-01
5.003247e-02;1.632386e-01;1.480571e-01;3.744825e-02;1.566320e-02;6.192487e-02;3.034639e-01;6.852909e-02;3.397318e-02;1.392970e-02;4.438672e-02;5.935284e-02
6.900372e-02;1.511889e-01;1.521031e-01;4.412746e-02;1.356923e-02;4.436225e-02;2.862423e-01;6.572238e-02;4.662929e-02;3.180287e-02;3.047891e-02;6.476966e-02
6.863407e-02;2.504047e-01;2.754190e-01;2.050711e-02;7.625975e-03;3.143233e-02;1.754899e-01;3.703098e-02;4.159215e-02;2.232366e-02;2.612173e-02;4.341841e-02
7.414937e-02;2.878102e-01;2.900362e-01;2.802711e-02;8.881626e-03;2.323228e-02;1.172601e-01;6.254332e-02;3.235817e-02;1.685734e-02;1.504551e-02;4.379873e-02
8.934925e-02;2.600679e-01;1.986848e-01;3.851613e-02;1.983143e-02;4.513847e-02;7.172659e-02;1.175431e-01;4.046464e-02;2.461474e-02;2.511512e-02;6.894779e-02
7.700133e-02;2.909071e-01;2.300788e-01;3.524023e-02;1.658219e-02;3.864677e-02;1.146343e-01;8.345078e-02;3.112451e-02;1.609779e-02;2.678772e-02;3.944860e-02
5.603123e-02;2.883240e-01;2.464329e-01;2.732347e-02;1.119611e-02;4.817349e-02;1.464465e-01;5.016896e-02;1.891283e-02;1.224798e-02;3.057144e-02;6.417111e-02
5.311551e-02;1.905027e-01;2.143768e-01;2.918040e-02;1.098532e-02;7.316366e-02;1.750061e-01;6.354582e-02;2.611580e-02;1.382550e-02;3.466717e-02;1.155152e-01
6.382611e-02;9.017317e-02;1.912873e-01;3.864644e-02;9.292006e-03;8.499412e-02;2.555732e-01;5.305446e-02;2.442978e-02;1.987717e-02;5.100618e-02;1.178400e-01
5.351743e-02;1.893715e-01;2.010833e-01;2.911282e-02;1.035750e-02;9.018108e-02;2.681838e-01;1.761606e-02;2.300724e-02;2.619676e-02;3.175640e-02;5.961612e-02
3.361155e-02;1.734817e-01;2.227376e-01;2.239146e-02;1.136943e-02;1.010489e-01;2.880623e-01;4.406466e-02;2.865044e-02;1.628517e-02;1.644821e-02;4.184857e-02
3.642746e-02;1.687424e-01;2.191755e-01;1.681877e-02;1.327061e-02;9.058552e-02;2.828107e-01;2.475339e-02;2.247069e-02;1.541517e-02;2.010120e-02;8.942854e-02
4.001219e-02;2.356633e-01;2.846550e-01;1.853659e-02;9.981255e-03;6.533120e-02;1.555472e-01;4.450480e-02;2.006424e-02;1.975964e-02;1.580685e-02;9.013779e-02
4.877027e-02;2.448322e-01;3.540443e-01;3.072371e-02;1.380706e-02;5.247886e-02;6.319348e-02;3.583086e-02;1.370640e-02;2.094747e-02;3.073369e-02;9.093168e-02
5.200831e-02;2.154786e-01;2.973306e-01;3.348609e-02;2.648870e-02;7.150435e-02;7.909425e-02;1.999696e-02;3.223932e-02;1.833584e-02;4.776687e-02;1.062701e-01
4.694019e-02;1.251520e-01;2.218819e-01;3.219892e-02;4.311553e-02;9.341846e-02;1.032383e-01;1.012858e-01;9.175456e-02;3.876700e-02;2.713604e-02;7.511130e-02
4.203996e-02;1.387308e-01;1.430469e-01;5.109860e-02;4.390346e-02;1.039244e-01;7.926089e-02;1.685801e-01;1.095669e-01;4.296840e-02;3.004124e-02;4.683831e-02
6.499280e-02;2.015272e-01;1.483414e-01;6.446636e-02;4.118006e-02;6.634250e-02;4.599224e-02;1.927806e-01;8.849390e-02;2.823430e-02;2.792685e-02;2.972176e-02
9.580088e-02;2.523520e-01;2.007980e-01;5.393551e-02;3.606219e-02;4.969890e-02;2.775126e-02;1.883253e-01;3.999330e-02;1.256736e-02;1.562567e-02;2.708961e-02
1.070942e-01;2.652525e-01;2.286777e-01;2.603408e-02;2.428351e-02;6.281893e-02;2.650593e-02;1.586091e-01;4.279198e-02;1.254330e-02;1.296520e-02;3.242354e-02
9.738483e-02;2.508530e-01;2.227221e-01;1.807266e-02;1.987520e-02;6.226036e-02;3.461074e-02;1.284086e-01;7.974851e-02;2.270714e-02;1.661482e-02;4.674206e-02
1.040860e-01;1.892085e-01;1.972388e-01;2.238394e-02;1.848542e-02;5.570129e-02;4.381904e-02;1.222774e-01;1.317960e-01;4.058757e-02;2.542036e-02;4.899579e-02
1.011843e-01;2.712100e-01;1.966521e-01;2.509531e-02;2.534978e-02;6.717344e-02;2.592876e-02;1.000803e-01;9.551843e-02;3.224697e-02;2.456256e-02;3.499807e-02
8.049291e-02;2.354368e-01;2.531036e-01;5.352815e-02;2.388178e-02;6.500662e-02;2.992379e-02;1.070762e-01;6.715715e-02;1.556638e-02;2.109668e-02;4.772993e-02
1.176099e-01;1.410084e-01;2.075546e-01;6.261801e-02;4.680843e-02;8.238273e-02;5.568925e-02;1.383791e-01;4.799101e-02;2.380874e-02;1.498110e-02;6.116870e-02
1.360039e-01;1.664026e-01;1.732548e-01;5.405708e-02;5.013731e-02;7.912897e-02;6.839418e-02;1.257663e-01;4.711177e-02;2.180346e-02;1.762788e-02;6.031172e-02
1.409035e-01;1.656260e-01;2.290069e-01;5.769021e-02;4.045482e-02;4.713221e-02;5.691516e-02;9.307089e-02;5.863625e-02;1.987891e-02;3.055221e-02;6.013283e-02
8.255818e-02;2.746428e-01;2.738313e-01;3.193419e-02;2.395562e-02;5.681330e-02;3.334416e-02;7.792246e-02;4.764629e-02;1.285133e-02;3.899431e-02;4.550597e-02
8.156528e-02;3.299139e-01;2.583394e-01;2.395413e-02;1.882318e-02;3.667990e-02;3.184645e-02;8.477014e-02;3.407522e-02;1.648577e-02;5.138144e-02;3.216511e-02
9.910715e-02;3.276423e-01;2.155457e-01;2.023985e-02;2.508363e-02;2.130515e-02;5.022403e-02;9.881144e-02;3.025985e-02;2.843148e-02;5.777662e-02;2.557288e-02
1.054835e-01;2.743660e-01;1.385161e-01;2.156812e-02;2.810477e-02;4.570542e-02;6.764226e-02;1.357909e-01;3.855503e-02;5.439823e-02;5.181682e-02;3.805291e-02
1.417064e-01;2.447475e-01;1.035278e-01;1.883901e-02;2.299020e-02;4.712828e-02;3.534345e-02;1.951490e-01;4.774129e-02;6.993481e-02;2.814455e-02;4.474767e-02
1.761035e-01;2.364514e-01;1.188967e-01;1.177583e-02;4.470215e-02;3.493144e-02;3.440418e-02;2.283345e-01;3.696083e-02;3.765413e-02;2.202761e-02;1.775777e-02
1.870224e-01;2.234970e-01;1.202695e-01;2.125380e-02;5.652303e-02;1.798265e-02;3.447759e-02;2.434886e-01;3.474078e-02;1.768575e-02;2.258613e-02;2.047269e-02
1.648316e-01;2.055606e-01;1.289073e-01;2.433969e-02;4.965620e-02;2.348820e-02;6.683529e-02;2.116246e-01;3.584409e-02;2.251109e-02;2.544718e-02;4.095412e-02
1.307276e-01;1.507079e-01;1.251590e-01;2.590374e-02;4.113343e-02;6.055267e-02;1.170603e-01;1.688022e-01;5.689064e-02;3.233447e-02;2.836479e-02;6.236336e-02
8.347417e-02;2.228773e-01;1.550842e-01;2.491991e-02;3.454304e-02;6.257003e-02;9.034581e-02;1.199538e-01;8.870263e-02;4.734295e-02;1.877342e-02;5.141272e-02
8.400299e-02;2.919200e-01;2.069444e-01;2.620993e-02;2.932793e-02;4.536119e-02;2.651901e-02;8.841103e-02;8.574482e-02;5.143407e-02;2.329549e-02;4.082917e-02
1.186686e-01;3.261128e-01;2.002899e-01;1.854374e-02;1.646166e-02;3.480050e-02;3.277950e-02;1.030791e-01;6.087602e-02;3.648543e-02;1.937169e-02;3.253110e-02
1.222678e-01;4.235060e-01;1.701474e-01;1.379784e-02;1.142373e-02;6.215783e-03;3.404522e-02;9.479006e-02;3.969285e-02;1.964550e-02;1.957113e-02;4.489658e-02
1.015639e-01;3.112420e-01;2.027737e-01;1.799023e-02;2.478052e-02;2.029411e-02;2.444697e-02;1.508770e-01;4.671702e-02;1.875311e-02;3.573437e-02;4.482701e-02
1.196284e-01;2.495224e-01;1.555409e-01;2.966802e-02;3.835666e-02;4.062132e-02;1.984347e-02;1.968597e-01;4.176021e-02;2.730714e-02;4.484745e-02;3.604435e-02
1.173427e-01;1.823474e-01;1.457691e-01;5.651631e-02;5.984826e-02;4.577503e-02;5.415222e-02;1.430149e-01;6.126605e-02;3.757610e-02;4.416284e-02;5.222911e-02
1.130647e-01;1.871673e-01;9.515861e-02;7.518828e-02;6.309929e-02;8.911163e-02;6.668970e-02;9.653959e-02;6.748945e-02;5.055295e-02;4.045079e-02;5.548776e-02
1.246941e-01;1.703773e-01;9.203495e-02;7.374953e-02;4.960935e-02;1.086438e-01;5.386891e-02;1.114451e-01;7.133485e-02;4.814889e-02;4.894267e-02;4.715053e-02
1.082737e-01;2.038062e-01;1.474314e-01;4.105651e-02;2.413367e-02;7.400788e-02;9.165112e-02;1.118156e-01;6.070590e-02;3.195064e-02;3.576036e-02;6.940705e-02
7.780325e-02;2.045523e-01;1.081040e-01;3.844583e-02;2.184502e-02;4.900005e-02;1.857948e-01;7.837721e-02;4.054303e-02;3.800853e-02;2.855215e-02;1.289739e-01
7.180189e-02;1.533594e-01;6.826914e-02;5.063744e-02;1.618468e-02;3.405416e-02;2.861503e-01;4.060388e-02;3.263048e-02;3.457967e-02;1.599163e-02;1.957373e-01
5.238619e-02;1.397386e-01;2.749962e-02;5.385349e-02;7.827625e-03;4.675116e-02;3.416253e-01;5.216701e-02;2.550624e-02;2.387748e-02;1.630221e-02;2.124650e-01
4.626194e-02;1.824615e-01;5.823465e-02;4.896743e-02;1.280478e-02;3.506762e-02;3.107021e-01;5.465253e-02;2.611815e-02;2.100781e-02;1.688274e-02;1.868387e-01
8.520199e-02;2.074306e-01;5.356219e-02;4.298163e-02;2.393329e-02;3.355610e-02;2.285822e-01;6.327721e-02;4.492858e-02;2.597653e-02;4.596933e-02;1.446004e-01
1.058127e-01;1.928413e-01;1.051130e-01;3.239343e-02;2.998504e-02;7.966513e-02;1.296281e-01;6.471188e-02;7.114749e-02;2.790982e-02;7.392440e-02;8.686783e-02
1.006908e-01;2.566019e-01;1.771169e-01;3.064907e-02;2.288374e-02;7.662225e-02;5.986080e-02;5.701678e-02;8.381455e-02;2.711299e-02;5.988879e-02;4.774141e-02
9.688549e-02;2.816736e-01;1.734556e-01;3.440511e-02;2.112415e-02;5.487103e-02;7.937611e-02;8.058129e-02;6.256286e-02;2.223692e-02;3.712632e-02;5.570156e-02
1.066501e-01;2.670014e-01;1.879011e-01;3.834730e-02;1.896495e-02;4.349444e-02;8.120570e-02;8.617045e-02;3.869730e-02;2.902365e-02;3.227734e-02;7.026626e-02
1.105761e-01;2.629997e-01;1.364628e-01;2.052292e-02;2.420492e-02;7.236188e-02;7.943461e-02;9.859551e-02;6.547747e-02;3.337516e-02;2.920195e-02;6.678702e-02
7.743644e-02;1.989693e-01;1.310621e-01;1.579616e-02;2.603610e-02;4.192285e-02;9.231929e-02;2.214982e-01;1.166677e-01;1.761484e-02;1.667697e-02;4.399999e-02
4.920969e-02;1.444728e-01;1.207503e-01;2.152830e-02;2.189570e-02;5.280048e-02;8.036133e-02;2.989599e-01;1.517710e-01;1.656806e-02;1.056936e-02;3.111296e-02
4.345369e-02;1.245319e-01;1.008291e-01;2.270149e-02;2.304763e-02;9.645549e-02;8.089609e-02;2.883426e-01;1.482379e-01;2.755388e-02;1.572553e-02;2.822458e-02
5.532734e-02;2.324505e-01;9.331036e-02;3.177164e-02;1.957420e-02;1.046315e-01;1.078351e-01;1.682790e-01;8.987970e-02;3.589858e-02;2.626625e-02;3.477594e-02
7.882524e-02;3.006540e-01;1.405633e-01;3.789166e-02;1.849533e-02;7.475420e-02;1.393045e-01;4.631328e-02;3.838295e-02;3.917225e-02;4.662950e-02;3.901381e-02
8.424000e-02;2.634857e-01;1.800106e-01;3.244461e-02;3.275025e-02;2.345334e-02;1.485216e-01;6.913458e-02;3.167903e-02;3.188000e-02;5.571161e-02;4.668859e-02
1.082951e-01;2.745968e-01;1.652842e-01;3.352568e-02;2.809993e-02;5.154113e-02;1.284170e-01;3.449941e-02;3.370070e-02;3.816287e-02;5.222664e-02;5.165056e-02
1.118868e-01;3.345539e-01;1.913767e-01;3.516190e-02;1.968601e-02;3.604880e-02;6.447555e-02;3.625809e-02;3.961352e-02;2.821224e-02;4.020516e-02;6.252132e-02
1.101908e-01;3.430124e-01;1.420221e-01;4.631131e-02;1.943090e-02;4.294198e-02;5.994280e-02;4.837537e-02;4.446363e-02;2.559834e-02;4.368204e-02;7.402825e-02
8.945963e-02;2.981044e-01;1.105959e-01;4.012467e-02;1.558064e-02;7.117572e-02;9.345167e-02;7.977989e-02;4.866059e-02;4.071264e-02;5.161685e-02;6.073739e-02
8.846849e-02;2.922785e-01;1.287321e-01;2.781179e-02;1.835668e-02;6.224158e-02;9.097710e-02;1.064106e-01;4.113679e-02;4.158407e-02;4.796465e-02;5.403763e-02
1.137194e-01;3.311094e-01;1.002923e-01;3.378246e-02;2.171070e-02;4.980728e-02;5.616472e-02;1.044524e-01;5.442226e-02;4.282799e-02;3.694196e-02;5.476898e-02
1.182627e-01;3.484889e-01;1.119696e-01;3.742793e-02;1.523228e-02;5.559263e-02;6.956569e-02;8.536323e-02;6.152603e-02;3.151653e-02;2.565298e-02;3.940148e-02
8.581852e-02;2.812649e-01;1.082666e-01;4.265029e-02;2.905548e-02;1.049246e-01;9.211598e-02;8.051547e-02;7.238847e-02;2.491603e-02;4.593832e-02;3.214533e-02
4.981842e-02;1.616066e-01;1.504706e-01;5.765233e-02;8.494455e-02;1.283198e-01;5.983003e-02;1.046259e-01;9.278564e-02;4.109324e-02;3.826653e-02;3.058638e-02
4.104084e-02;1.027420e-01;8.687786e-02;9.335186e-02;1.381464e-01;1.281610e-01;3.823695e-02;1.161031e-01;1.387083e-01;6.065148e-02;3.222535e-02;2.375477e-02
4.987879e-02;5.745753e-02;2.649675e-02;1.692761e-01;1.808627e-01;8.103792e-02;2.754924e-02;1.017398e-01;2.086678e-01;5.868738e-02;2.055696e-02;1.778910e-02
6.473255e-02;5.684591e-02;5.329977e-02;2.138417e-01;1.293394e-01;1.730803e-02;3.481594e-02;1.293331e-01;2.398455e-01;3.656487e-02;1.108066e-02;1.299255e-02
6.800096e-02;5.372544e-02;6.651213e-02;2.302408e-01;7.374540e-02;1.340904e-02;3.165620e-02;1.664394e-01;2.480112e-01;2.760775e-02;9.863242e-03;1.078836e-02
5.622023e-02;4.753837e-02;1.150310e-01;2.244264e-01;4.541307e-02;8.000568e-03;3.093886e-02;1.916437e-01;2.365161e-01;1.563959e-02;1.029985e-02;1.833225e-02
5.462226e-02;3.907393e-02;1.244366e-01;2.148600e-01;3.432032e-02;1.190792e-02;3.490151e-02;2.049876e-01;2.310375e-01;1.354028e-02;1.213876e-02;2.417331e-02
7.544842e-02;1.811398e-02;1.019876e-01;2.085707e-01;2.877780e-02;1.340199e-02;3.080972e-02;2.130308e-01;2.600110e-01;1.837297e-02;1.211120e-02;1.936367e-02
8.988883e-02;2.093345e-02;8.790106e-02;1.923564e-01;2.184679e-02;2.985201e-02;1.927555e-02;2.219068e-01;2.781551e-01;2.003665e-02;9.294567e-03;8.552759e-03
9.643156e-02;1.153131e-02;8.135296e-02;1.923151e-01;3.150547e-02;4.257960e-02;9.350257e-03;2.161079e-01;2.758704e-01;1.822471e-02;1.182431e-02;1.290637e-02
