2.793371e-02;1.592315e-01;1.646562e-01;6.143216e-02;6.462111e-02;1.410409e-01;5.632423e-02;1.302776e-01;7.227411e-02;3.454697e-02;4.777074e-02;3.989067e-02
2.141527e-02;1.103029e-01;2.279712e-01;9.832907e-02;7.565860e-02;1.692125e-01;3.789296e-02;1.009338e-01;4.423280e-02;2.921051e-02;5.815870e-02;2.668156e-02
1.797870e-02;1.070979e-01;2.737004e-01;1.398540e-01;7.209430e-02;1.499765e-01;2.472945e-02;7.087978e-02;3.131213e-02;2.084805e-02;7.297177e-02;1.855706e-02
1.170739e-02;8.389037e-02;3.530153e-01;2.151573e-01;5.314241e-02;9.539263e-02;1.210521e-02;4.277101e-02;1.614579e-02;7.939609e-03;1.007517e-01;7.981297e-03
6.669443e-03;8.394118e-02;4.019861e-01;2.561235e-01;3.311308e-02;6.639776e-02;7.883792e-03;1.623025e-02;6.807266e-03;9.431618e-03;1.071929e-01;4.223142e-03
6.722108e-03;8.692615e-02;3.931074e-01;2.594349e-01;4.761560e-02;7.201754e-02;4.418811e-03;1.463388e-02;3.562361e-03;8.527162e-03;9.842521e-02;4.608892e-03
4.183484e-03;7.732832e-02;3.804205e-01;2.704192e-01;5.674154e-02;7.934962e-02;5.128996e-03;1.241807e-02;5.533633e-03;8.144222e-03;9.360810e-02;6.724360e-03
5.439413e-03;9.902526e-02;4.262844e-01;2.497932e-01;5.014202e-02;6.390326e-02;6.639257e-03;1.003308e-02;8.135414e-03;6.082586e-03;7.169215e-02;2.830036e-03
8.397079e-03;1.167865e-01;4.805290e-01;2.049273e-01;3.211642e-02;6.717819e-02;8.663579e-03;1.456182e-02;1.114069e-02;1.182872e-02;3.965597e-02;4.214744e-03
1.578787e-02;1.329100e-01;5.247303e-01;1.506467e-01;2.702606e-02;4.348265e-02;1.875985e-02;1.834117e-02;1.167617e-02;2.388910e-02;2.725716e-02;5.493063e-03
1.840784e-02;1.726525e-01;5.674091e-01;7.929281e-02;2.544870e-02;1.288135e-02;2.088887e-02;1.302734e-02;9.942615e-03;4.829770e-02;2.620359e-02;5.547647e-03
1.676062e-02;2.208633e-01;5.909388e-01;2.078752e-02;2.614917e-02;1.819834e-02;1.852609e-02;8.030813e-03;8.600073e-03;5.799812e-02;1.046670e-02;2.680467e-03
1.644008e-02;2.661951e-01;5.353803e-01;4.458889e-02;1.765989e-02;2.657134e-02;1.148094e-02;1.259825e-02;1.176068e-02;4.532647e-02;8.020232e-03;3.977749e-03
1.954531e-02;3.283015e-01;4.939979e-01;3.511900e-02;1.756371e-02;1.660784e-02;5.781658e-03;1.945211e-02;1.579914e-02;2.889323e-02;1.376490e-02;5.173658e-03
2.474752e-02;3.689999e-01;4.575554e-01;3.067168e-02;1.180406e-02;1.993687e-02;4.942067e-03;2.385879e-02;1.908465e-02;1.273666e-02;1.796871e-02;7.693649e-03
3.203200e-02;3.818808e-01;4.342192e-01;3.340301e-02;6.362041e-03;2.810224e-02;7.002437e-03;1.959594e-02;1.838800e-02;1.435122e-02;1.770662e-02;6.956437e-03
3.892265e-02;3.696121e-01;4.498084e-01;3.920783e-02;1.738943e-02;1.841491e-02;6.770291e-03;1.445547e-02;1.467682e-02;1.084993e-02;1.363436e-02;6.257726e-03
3.910077e-02;3.209660e-01;4.828188e-01;4.342623e-02;1.663205e-02;2.237058e-02;1.411368e-02;1.711287e-02;1.672935e-02;8.546927e-03;1.115320e-02;7.029518e-03
2.159295e-02;2.971822e-01;5.019389e-01;4.158663e-02;1.087125e-02;3.038327e-02;1.709482e-02;1.867634e-02;1.960094e-02;1.930883e-02;1.497479e-02;6.789032e-03
2.271746e-02;2.881706e-01;4.986662e-01;5.179860e-02;1.290401e-02;3.499181e-02;1.016112e-02;1.738664e-02;1.589284e-02;2.024160e-02;2.129097e-02;5.778194e-03
2.658747e-02;2.489807e-01;4.653952e-01;6.725149e-02;7.167648e-03;4.526753e-02;2.686540e-02;3.187653e-02;2.307163e-02;2.953438e-02;1.508416e-02;1.291777e-02
2.759377e-02;2.036617e-01;3.958635e-01;8.001354e-02;2.131987e-02;4.261998e-02;3.886020e-02;5.054960e-02;3.510332e-02;4.732857e-02;2.758039e-02;2.950547e-02
3.853862e-02;1.945395e-01;3.375210e-01;9.739023e-02;3.861632e-02;6.316125e-02;2.491450e-02;5.194135e-02;4.627014e-02;4.869676e-02;1.387284e-02;4.453747e-02
6.134024e-02;2.018972e-01;2.865682e-01;1.167518e-01;2.831172e-02;5.743174e-02;1.840645e-02;3.306723e-02;3.957888e-02;4.559400e-02;6.948635e-02;4.156616e-02
4.552985e-02;1.736141e-01;3.004100e-01;1.013331e-01;2.331343e-02;6.381328e-02;4.936119e-02;3.727034e-02;2.123477e-02;5.483190e-02;9.270206e-02;3.658587e-02
3.169781e-02;1.845976e-01;3.203738e-01;1.039758e-01;1.992816e-02;6.274942e-02;7.317004e-02;3.532960e-02;2.631609e-02;3.831443e-02;4.096709e-02;6.258003e-02
3.563997e-02;1.699179e-01;2.715150e-01;9.698531e-02;2.390002e-02;6.700665e-02;4.025014e-02;7.738910e-02;4.673582e-02;7.783095e-02;4.923510e-02;4.359408e-02
2.978431e-02;1.885953e-01;2.078913e-01;6.146127e-02;3.136128e-02;7.520520e-02;4.272897e-02;6.524373e-02;9.333273e-02;1.146797e-01;5.037176e-02;3.934444e-02
2.210061e-02;2.344567e-01;2.141314e-01;4.578934e-02;1.757536e-02;6.963207e-02;3.089239e-02;3.918177e-02;1.310182e-01;1.162268e-01;3.184380e-02;4.715147e-02
2.445866e-02;2.965567e-01;1.891294e-01;4.025794e-02;4.725026e-03;5.706480e-02;1.514420e-02;2.567994e-02;1.775241e-01;9.317357e-02;1.620557e-02;6.008007e-02
3.538731e-02;3.158148e-01;1.595958e-01;4.468138e-02;1.068993e-02;4.541056e-02;1.624157e-02;4.274157e-02;2.004359e-01;4.089959e-02;1.474937e-02;7.335221e-02
3.950355e-02;3.348917e-01;1.313865e-01;4.954600e-02;1.431361e-02;4.178445e-02;2.665789e-02;6.694046e-02;2.086551e-01;1.142544e-02;1.397489e-02;6.092046e-02
4.616650e-02;3.695100e-01;7.607716e-02;4.822281e-02;1.997955e-02;3.884998e-02;3.708638e-02;9.384990e-02;2.087734e-01;2.437206e-02;1.193089e-02;2.518138e-02
4.595043e-02;3.783941e-01;8.920111e-02;4.696961e-02;1.717452e-02;3.432605e-02;4.833165e-02;1.185001e-01;1.732749e-01;2.604742e-02;1.000783e-02;1.182233e-02
6.739490e-02;2.987322e-01;1.573488e-01;3.731132e-02;1.587944e-02;4.281746e-02;7.654651e-02;1.069525e-01;1.236553e-01;3.197709e-02;2.530439e-02;1.608003e-02
9.400191e-02;2.896470e-01;1.783941e-01;4.312593e-02;1.168646e-02;5.528838e-02;1.029049e-01;7.249245e-02;6.464804e-02;4.048707e-02;3.038635e-02;1.693732e-02
5.612197e-02;3.693545e-01;2.001082e-01;9.391304e-02;1.108069e-02;2.704190e-02;7.077156e-02;5.101276e-02;6.521322e-02;2.711713e-02;1.482564e-02;1.343933e-02
4.409431e-02;3.764671e-01;1.957029e-01;1.172238e-01;1.248722e-02;2.213468e-02;5.565140e-02;5.146885e-02;7.269780e-02;3.807359e-02;5.817872e-03;8.180513e-03
5.831577e-02;3.909893e-01;1.669714e-01;9.108462e-02;1.827120e-02;1.671363e-02;7.218599e-02;5.975705e-02;7.377261e-02;3.598725e-02;7.473483e-03;8.477712e-03
7.414033e-02;4.138637e-01;1.292109e-01;4.045806e-02;1.749637e-02;3.851381e-02;9.987299e-02;5.477381e-02;7.587070e-02;3.674972e-02;7.524321e-03;1.152525e-02
7.941359e-02;4.444008e-01;1.432252e-01;3.587815e-02;1.959891e-02;3.447714e-02;8.143321e-02;2.517378e-02;7.946982e-02;3.689445e-02;5.955218e-03;1.407972e-02
6.895565e-02;4.677267e-01;1.632672e-01;4.559117e-02;1.577776e-02;3.892783e-02;5.318189e-02;3.088211e-02;7.295659e-02;2.229529e-02;1.191510e-02;8.522672e-03
5.877520e-02;4.849471e-01;1.973073e-01;5.062293e-02;1.431669e-02;4.274643e-02;3.113971e-02;2.915600e-02;5.701704e-02;1.353078e-02;1.437758e-02;6.063206e-03
5.208916e-02;4.951255e-01;2.251731e-01;5.015200e-02;8.751174e-03;5.705278e-02;1.975474e-02;1.322312e-02;4.883926e-02;1.281457e-02;8.914802e-03;8.109737e-03
5.129528e-02;4.793165e-01;2.779357e-01;4.330987e-02;8.189542e-03;5.202511e-02;1.034603e-02;1.066978e-02;3.290262e-02;1.905243e-02;4.228554e-03;1.072856e-02
5.563569e-02;4.594128e-01;3.154063e-01;3.264106e-02;1.079115e-02;4.269112e-02;9.273177e-03;1.298666e-02;2.091066e-02;1.944628e-02;8.220171e-03;1.258491e-02
6.706047e-02;3.960858e-01;3.180770e-01;2.603528e-02;1.613509e-02;4.883192e-02;1.465345e-02;3.190004e-02;2.811499e-02;2.164107e-02;1.015010e-02;2.131478e-02
8.926129e-02;3.169571e-01;2.734414e-01;2.979427e-02;1.460898e-02;2.643568e-02;2.675496e-02;6.091468e-02;8.746552e-02;2.188156e-02;1.852859e-02;3.395599e-02
7.366532e-02;3.276173e-01;1.532179e-01;3.106730e-02;1.570518e-02;6.714694e-02;4.023639e-02;7.946839e-02;1.288410e-01;4.135233e-02;1.651744e-02;2.516456e-02
6.019754e-02;4.265433e-01;2.050627e-01;3.066628e-02;1.021255e-02;4.627785e-02;2.709224e-02;5.365097e-02;9.030283e-02;2.870281e-02;5.418133e-03;1.587274e-02
5.115549e-02;4.738407e-01;2.324819e-01;2.844549e-02;1.785539e-02;2.780058e-02;2.920974e-02;3.766610e-02;5.570071e-02;3.025664e-02;6.707176e-03;8.880088e-03
4.410718e-02;5.091529e-01;2.344299e-01;3.127317e-02;1.298482e-02;1.891240e-02;2.429055e-02;4.412231e-02;3.187507e-02;2.961568e-02;9.707819e-03;9.528210e-03
4.621794e-02;4.338278e-01;1.913195e-01;4.029812e-02;2.751651e-02;4.394960e-02;2.111116e-02;6.540337e-02;5.762326e-02;4.219342e-02;9.335869e-03;2.120342e-02
3.867832e-02;3.109965e-01;2.831226e-01;5.255695e-02;3.238109e-02;7.164795e-02;3.931505e-02;4.824325e-02;5.628796e-02;3.323620e-02;8.529419e-03;2.500469e-02
4.248255e-02;3.541703e-01;2.917026e-01;4.964965e-02;2.148762e-02;5.967843e-02;2.799938e-02;4.663689e-02;5.511060e-02;2.161632e-02;1.052951e-02;1.893614e-02
6.147021e-02;4.469182e-01;2.670139e-01;3.915416e-02;1.118314e-02;2.572282e-02;2.608152e-02;3.106505e-02;5.220295e-02;1.443080e-02;1.276552e-02;1.199171e-02
9.977142e-02;4.855291e-01;2.001091e-01;2.059237e-02;1.793816e-02;1.365357e-02;3.378971e-02;4.548207e-02;4.383441e-02;6.531272e-03;2.360300e-02;9.165857e-03
1.536573e-01;4.207854e-01;1.446626e-01;1.377836e-02;4.466930e-02;2.022416e-02;2.699275e-02;8.068633e-02;3.446883e-02;1.063613e-02;3.266436e-02;1.677447e-02
1.821566e-01;3.156994e-01;1.314430e-01;2.338976e-02;6.023074e-02;2.941068e-02;3.082044e-02;1.112323e-01;4.107724e-02;1.066533e-02;3.732267e-02;2.655178e-02
1.647052e-01;2.526936e-01;2.109754e-01;3.006376e-02;4.984131e-02;3.515788e-02;3.185193e-02;9.131062e-02;3.955228e-02;1.893602e-02;3.751117e-02;3.740078e-02
1.287141e-01;2.394844e-01;2.189741e-01;2.327479e-02;2.709288e-02;5.550421e-02;4.219694e-02;8.924317e-02;6.355155e-02;2.909659e-02;3.804455e-02;4.482261e-02
1.141182e-01;1.451703e-01;1.663734e-01;4.088439e-02;3.327189e-02;7.989310e-02;4.817976e-02;1.073837e-01;1.284387e-01;5.008599e-02;4.405728e-02;4.214324e-02
9.078164e-02;2.533980e-01;2.221356e-01;4.589501e-02;3.220126e-02;6.836647e-02;2.778257e-02;8.027340e-02;9.973036e-02;3.163970e-02;2.975635e-02;1.803960e-02
9.564075e-02;2.646051e-01;2.556906e-01;4.454895e-02;3.394027e-02;5.523329e-02;2.972971e-02;9.198107e-02;5.902267e-02;2.452192e-02;2.865592e-02;1.642980e-02
1.019572e-01;1.730537e-01;2.629839e-01;4.476088e-02;2.864177e-02;7.604869e-02;4.804657e-02;1.062056e-01;6.147871e-02;2.772809e-02;2.394102e-02;4.515382e-02
7.474074e-02;2.564179e-01;2.154583e-01;4.241282e-02;2.925036e-02;8.111179e-02;4.736597e-02;9.770557e-02;5.287979e-02;3.257633e-02;2.408022e-02;4.600015e-02
5.723813e-02;2.397675e-01;1.725634e-01;5.430497e-02;3.736972e-02;6.992014e-02;5.955875e-02;9.199405e-02;8.351712e-02;4.397584e-02;3.877842e-02;5.101194e-02
4.486551e-02;2.863808e-01;2.123777e-01;4.692701e-02;3.414391e-02;6.583003e-02;5.345985e-02;6.336485e-02;7.788513e-02;3.889135e-02;3.382946e-02;4.204438e-02
7.483004e-02;3.276560e-01;2.285241e-01;3.052818e-02;2.714841e-02;6.279246e-02;3.466168e-02;5.263416e-02;6.936140e-02;3.385996e-02;2.215902e-02;3.584458e-02
8.984935e-02;2.353821e-01;1.691376e-01;7.520542e-02;5.763057e-02;1.041862e-01;4.143701e-02;7.261246e-02;7.540991e-02;1.974625e-02;2.826344e-02;3.113972e-02
5.248296e-02;2.413663e-01;2.486804e-01;7.226264e-02;4.484320e-02;1.159847e-01;4.182874e-02;5.807343e-02;5.644298e-02;2.297734e-02;2.290705e-02;2.215020e-02
4.302230e-02;2.822813e-01;2.850367e-01;7.417112e-02;2.876526e-02;8.775904e-02;3.111018e-02;5.285349e-02;5.456120e-02;2.231072e-02;1.816041e-02;1.996836e-02
4.129646e-02;3.496336e-01;2.484005e-01;7.446474e-02;2.145621e-02;6.988344e-02;1.423759e-02;6.465521e-02;5.768975e-02;2.060487e-02;1.710340e-02;2.057422e-02
8.500791e-02;4.316342e-01;1.126391e-01;4.395925e-02;4.361486e-02;5.615216e-02;5.183528e-02;6.888583e-02;4.074990e-02;1.865362e-02;1.687109e-02;2.999672e-02
9.111251e-02;4.127713e-01;1.796145e-01;2.298344e-02;2.966871e-02;4.970214e-02;6.036160e-02;6.053935e-02;3.906571e-02;1.556893e-02;1.659793e-02;2.201388e-02
8.061046e-02;4.498185e-01;1.818614e-01;3.657608e-02;1.740433e-02;2.310987e-02;6.866446e-02;5.507220e-02;3.658793e-02;2.076836e-02;1.719737e-02;1.232903e-02
7.758685e-02;4.463835e-01;1.800285e-01;3.269697e-02;1.950201e-02;1.955746e-02;7.791413e-02;6.439382e-02;3.403245e-02;2.338558e-02;1.808897e-02;6.429768e-03
8.643641e-02;4.000113e-01;1.356734e-01;4.701034e-02;3.486469e-02;2.364913e-02;8.495674e-02;7.762607e-02;4.331822e-02;3.748887e-02;2.248937e-02;6.475379e-03
1.019128e-01;3.811163e-01;1.033518e-01;4.171338e-02;5.775115e-02;2.777968e-02;8.058068e-02;8.479203e-02;4.589568e-02;4.223694e-02;2.381867e-02;9.050914e-03
1.234062e-01;3.613541e-01;8.134736e-02;2.702738e-02;1.112632e-01;3.015785e-02;7.317840e-02;1.000905e-01;3.411498e-02;2.541561e-02;2.378045e-02;8.863877e-03
1.369559e-01;3.358641e-01;7.891204e-02;1.521697e-02;1.557476e-01;2.935121e-02;5.596554e-02;1.201307e-01;2.517479e-02;1.322253e-02;2.188985e-02;1.156879e-02
1.431467e-01;2.816148e-01;1.159037e-01;1.058325e-02;2.026183e-01;1.823828e-02;2.879583e-02;1.245154e-01;2.386385e-02;1.558601e-02;2.009599e-02;1.503797e-02
1.505389e-01;1.883446e-01;1.389824e-01;1.386424e-02;2.091114e-01;2.062856e-02;2.106970e-02;1.545243e-01;3.043647e-02;2.934088e-02;2.089899e-02;2.225952e-02
1.581698e-01;1.609134e-01;1.248335e-01;2.031730e-02;1.814567e-01;2.129254e-02;2.025765e-02;1.969141e-01;3.591579e-02;3.136689e-02;2.136140e-02;2.720096e-02
1.455846e-01;2.651626e-01;1.128168e-01;1.433415e-02;1.139374e-01;4.432483e-02;4.774999e-02;1.619500e-01;3.473586e-02;2.140310e-02;1.117142e-02;2.682937e-02
1.311383e-01;3.386400e-01;1.452203e-01;1.209689e-02;6.461442e-02;2.268765e-02;1.072647e-01;8.424502e-02;3.083942e-02;2.948964e-02;1.019876e-02;2.356480e-02
1.354718e-01;3.591614e-01;1.247597e-01;7.555412e-03;5.451253e-02;3.669603e-02;1.225856e-01;3.660304e-02;4.955015e-02;3.656778e-02;1.357606e-02;2.296042e-02
1.252137e-01;3.580794e-01;1.308480e-01;1.309223e-02;7.472316e-02;4.773625e-02;8.413908e-02;5.858827e-02;5.612791e-02;2.725273e-02;1.076534e-02;1.343393e-02
1.235231e-01;3.325607e-01;1.788561e-01;1.387321e-02;1.001260e-01;4.968726e-02;4.348585e-02;8.364324e-02;3.543856e-02;1.751064e-02;8.127435e-03;1.316779e-02
1.389047e-01;3.215594e-01;1.737381e-01;1.517484e-02;1.302194e-01;2.804325e-02;1.867337e-02;1.116757e-01;2.156028e-02;1.474775e-02;1.055415e-02;1.514910e-02
1.480322e-01;3.416347e-01;1.288171e-01;1.525178e-02;1.439382e-01;2.702598e-02;1.661625e-02;1.176302e-01;2.153656e-02;1.141493e-02;1.172343e-02;1.637871e-02
1.346900e-01;3.157751e-01;2.145981e-01;1.475364e-02;1.320147e-01;2.337527e-02;1.126708e-02;1.019487e-01;1.710303e-02;7.668668e-03;9.632722e-03;1.717303e-02
1.462958e-01;2.662733e-01;2.714410e-01;1.899633e-02;1.005259e-01;2.167057e-02;1.127149e-02;1.039051e-01;2.396506e-02;9.078986e-03;9.367718e-03;1.720885e-02
1.206626e-01;4.146533e-01;1.980911e-01;2.061345e-02;3.296420e-02;3.737933e-02;1.793570e-02;7.806992e-02;2.991499e-02;1.683425e-02;8.126577e-03;2.475453e-02
9.306841e-02;4.546133e-01;1.699219e-01;3.210908e-02;2.209543e-02;2.442982e-02;2.270163e-02;6.683066e-02;3.951168e-02;2.174057e-02;1.277950e-02;4.019798e-02
7.751733e-02;3.907829e-01;1.507202e-01;2.351500e-02;3.907818e-02;5.751753e-02;2.637139e-02;8.134765e-02;5.975245e-02;2.586797e-02;1.958186e-02;4.794757e-02
9.815241e-02;3.026769e-01;1.340776e-01;2.427212e-02;5.042525e-02;8.417820e-02;5.496382e-02;9.146626e-02;7.128564e-02;2.994478e-02;2.158233e-02;3.697467e-02
1.159271e-01;3.294672e-01;2.189267e-01;2.338420e-02;4.062665e-02;5.724650e-02;5.271891e-02;5.019680e-02;4.862710e-02;2.351976e-02;2.180606e-02;1.755302e-02
1.088305e-01;3.675895e-01;2.590968e-01;1.984787e-02;3.860186e-02;4.109344e-02;3.908608e-02;3.114880e-02;3.346041e-02;1.924219e-02;1.662122e-02;2.538131e-02
1.342027e-01;3.567759e-01;2.019279e-01;2.682611e-02;5.531939e-02;3.213909e-02;3.545652e-02;5.876669e-02;3.704187e-02;2.116204e-02;1.502053e-02;2.536120e-02
1.342422e-01;3.735117e-01;1.620270e-01;3.755119e-02;5.560311e-02;4.909293e-02;1.631872e-02;5.964691e-02;3.580994e-02;2.570468e-02;1.908273e-02;3.140897e-02
1.064196e-01;4.048360e-01;2.358688e-01;3.161913e-02;4.245551e-02;2.722120e-02;1.402503e-02;4.224384e-02;2.786244e-02;2.551722e-02;1.933812e-02;2.259311e-02
1.045908e-01;4.331378e-01;2.314183e-01;2.862867e-02;3.405734e-02;1.670538e-02;1.383225e-02;4.771748e-02;3.222210e-02;2.578119e-02;1.688667e-02;1.502201e-02
1.090089e-01;4.335101e-01;2.055675e-01;1.792548e-02;2.486282e-02;2.954075e-02;3.157482e-02;5.266297e-02;3.481248e-02;2.869865e-02;1.401688e-02;1.781864e-02
9.543806e-02;3.761931e-01;2.074394e-01;2.296991e-02;3.389838e-02;5.306742e-02;3.856552e-02;5.778594e-02;4.569601e-02;2.982010e-02;1.740919e-02;2.171696e-02
6.217495e-02;3.424031e-01;2.958937e-01;4.112039e-02;2.728179e-02;7.214006e-02;3.094000e-02;4.802106e-02;3.308728e-02;1.679623e-02;1.028808e-02;1.985347e-02
4.333008e-02;3.731791e-01;3.090739e-01;4.188954e-02;2.249586e-02;8.821055e-02;1.382673e-02;3.310362e-02;4.553406e-02;6.738385e-03;5.909212e-03;1.670897e-02
4.354760e-02;4.037441e-01;2.913128e-01;3.241729e-02;1.668097e-02;9.773234e-02;1.018084e-02;1.903715e-02;6.521219e-02;6.461344e-03;2.828789e-03;1.084467e-02
5.149008e-02;4.291714e-01;2.812347e-01;2.153483e-02;9.613480e-03;7.291048e-02;1.517756e-02;1.627754e-02;8.566314e-02;6.228017e-03;4.010823e-03;6.688008e-03
5.089445e-02;4.374591e-01;2.728275e-01;1.922931e-02;6.474313e-03;4.727061e-02;1.401551e-02;2.454599e-02;1.078483e-01;8.626981e-03;2.768329e-03;8.039617e-03
3.181162e-02;4.312306e-01;2.767040e-01;1.689875e-02;1.184588e-02;4.717690e-02;1.373723e-02;3.149093e-02;1.163272e-01;1.079840e-02;3.673430e-03;8.305076e-03
4.341809e-02;4.495713e-01;2.690759e-01;1.692871e-02;1.448406e-02;3.529942e-02;1.340347e-02;3.375013e-02;9.891375e-02;1.297947e-02;4.809091e-03;7.366606e-03
5.346792e-02;4.861392e-01;2.692656e-01;1.756291e-02;1.170544e-02;2.733150e-02;1.265385e-02;2.037638e-02;7.598270e-02;1.064353e-02;6.883392e-03;7.987546e-03
5.498700e-02;4.823608e-01;3.065600e-01;1.406597e-02;9.461346e-03;2.815900e-02;8.690269e-03;1.459958e-02;5.856540e-02;7.682750e-03;6.489028e-03;8.378819e-03
5.754663e-02;4.629785e-01;3.099427e-01;1.004667e-02;1.096594e-02;2.873508e-02;1.544751e-02;3.925589e-02;4.121151e-02;8.939550e-03;6.658624e-03;8.271388e-03
6.098288e-02;3.802786e-01;3.284927e-01;9.324230e-03;1.360549e-02;3.876908e-02;1.988178e-02;6.382955e-02;4.693735e-02;1.379279e-02;1.294422e-02;1.116133e-02
4.658890e-02;2.726067e-01;3.694557e-01;2.537813e-02;1.876423e-02;6.010245e-02;1.920844e-02;6.565863e-02;6.949028e-02;1.954670e-02;1.513192e-02;1.806793e-02
5.038693e-02;2.593537e-01;3.552837e-01;2.856071e-02;2.206633e-02;6.461753e-02;2.914254e-02;5.423366e-02;7.818496e-02;2.568849e-02;1.366672e-02;1.881468e-02
6.906132e-02;3.136787e-01;2.716159e-01;2.735268e-02;1.827042e-02;7.834294e-02;3.147345e-02;4.909864e-02;6.608080e-02;4.565522e-02;1.207861e-02;1.729131e-02
7.833459e-02;3.082358e-01;1.854090e-01;3.001461e-02;2.422656e-02;1.367476e-01;2.828420e-02;4.823281e-02;6.452706e-02;5.793113e-02;1.656209e-02;2.149446e-02
8.050695e-02;3.298610e-01;1.826083e-01;3.264408e-02;2.408019e-02;1.139543e-01;2.362514e-02;5.626360e-02;6.974153e-02;5.204359e-02;1.555759e-02;1.911385e-02
8.555380e-02;3.649419e-01;1.906457e-01;4.465091e-02;2.441188e-02;8.822165e-02;2.368345e-02;3.900182e-02;6.077995e-02;5.291580e-02;1.135437e-02;1.383884e-02
8.088405e-02;3.642110e-01;1.949066e-01;6.564104e-02;3.753923e-02;5.878505e-02;2.707539e-02;3.289676e-02;7.496967e-02;4.207775e-02;9.226386e-03;1.178706e-02
7.092943e-02;2.868842e-01;2.367757e-01;6.919187e-02;4.005130e-02;8.042274e-02;3.502788e-02;5.623472e-02;6.607417e-02;2.679231e-02;1.275293e-02;1.886278e-02
6.346036e-02;2.299888e-01;2.592443e-01;4.693103e-02;4.834577e-02;1.105552e-01;2.764069e-02;8.478191e-02;5.376021e-02;3.185748e-02;2.065411e-02;2.278012e-02
7.880620e-02;3.103264e-01;2.799136e-01;2.766546e-02;3.890781e-02;7.866657e-02;1.577627e-02;6.938951e-02;3.545903e-02;2.364681e-02;1.905767e-02;2.238468e-02
1.178425e-01;3.358558e-01;2.705441e-01;1.492329e-02;3.321270e-02;3.204002e-02;2.561205e-02;6.223594e-02;2.942167e-02;2.391489e-02;2.129302e-02;3.310410e-02
1.206077e-01;3.063409e-01;2.389404e-01;1.423450e-02;2.553667e-02;4.633497e-02;3.833411e-02;4.846920e-02;5.289184e-02;2.742020e-02;2.622755e-02;5.466186e-02
6.351759e-02;3.705186e-01;2.231318e-01;1.716601e-02;1.517346e-02;5.220762e-02;3.222350e-02;5.996095e-02;7.182395e-02;2.687692e-02;2.393344e-02;4.346609e-02
6.377880e-02;4.248604e-01;2.318887e-01;1.785226e-02;1.708844e-02;4.348903e-02;1.235395e-02;4.607284e-02;6.612319e-02;2.704409e-02;2.157409e-02;2.787413e-02
7.585147e-02;4.642871e-01;2.234817e-01;1.867050e-02;1.892078e-02;3.715692e-02;1.703053e-02;4.285137e-02;3.951112e-02;2.221979e-02;2.079388e-02;1.922483e-02
9.222047e-02;4.808022e-01;1.578443e-01;1.863243e-02;2.006809e-02;4.770372e-02;3.010347e-02;5.376387e-02;3.513262e-02;2.047318e-02;1.930287e-02;2.395278e-02
9.090140e-02;4.341691e-01;2.303926e-01;2.296015e-02;1.863620e-02;4.706939e-02;2.296009e-02;4.892961e-02;3.092944e-02;1.971309e-02;1.593029e-02;1.740870e-02
8.566182e-02;3.753697e-01;2.910673e-01;2.521572e-02;1.417780e-02;4.280434e-02;2.227415e-02;6.539886e-02;2.957973e-02;1.902937e-02;1.347821e-02;1.594301e-02
7.702167e-02;3.410817e-01;3.045860e-01;2.997621e-02;1.585921e-02;4.889105e-02;3.332397e-02;7.264203e-02;2.434244e-02;1.960713e-02;8.672535e-03;2.399606e-02
7.065714e-02;2.658290e-01;2.612254e-01;5.725402e-02;1.561430e-02;4.601054e-02;5.641881e-02;8.957160e-02;5.913721e-02;4.257694e-02;1.097848e-02;2.472656e-02
7.021450e-02;2.908320e-01;1.752809e-01;6.357764e-02;1.698547e-02;5.785389e-02;7.319224e-02;6.983652e-02;6.836626e-02;5.505484e-02;3.328783e-02;2.551798e-02
7.808568e-02;2.975529e-01;2.030359e-01;5.542216e-02;3.279826e-02;4.948446e-02;5.578004e-02;4.318184e-02;5.295833e-02;5.562571e-02;4.335830e-02;3.271642e-02
1.003660e-01;2.761725e-01;2.222676e-01;4.109976e-02;3.933620e-02;4.973349e-02;3.469374e-02;6.746931e-02;4.878732e-02;4.785781e-02;3.970314e-02;3.251299e-02
8.209559e-02;1.599952e-01;1.979315e-01;5.141129e-02;3.042585e-02;1.261215e-01;6.547754e-02;8.774002e-02;5.882578e-02;6.167679e-02;4.412025e-02;3.417868e-02
5.189702e-02;1.825987e-01;1.726365e-01;5.464434e-02;3.416282e-02;1.305011e-01;6.870782e-02;9.979717e-02;8.973280e-02;5.115202e-02;3.433289e-02;2.983689e-02
5.519005e-02;2.211702e-01;1.695905e-01;4.547900e-02;2.675088e-02;1.067841e-01;7.030270e-02;9.765936e-02;1.042063e-01;4.195475e-02;3.369586e-02;2.721626e-02
1.035382e-01;1.996780e-01;1.491338e-01;2.447557e-02;3.801820e-02;8.002912e-02;5.522612e-02;1.431156e-01;1.058418e-01;2.376886e-02;5.399779e-02;2.317693e-02
1.678300e-01;1.485779e-01;1.377865e-01;1.689972e-02;6.096213e-02;4.247810e-02;1.790084e-02;2.424439e-01;7.560120e-02;1.257016e-02;5.664370e-02;2.030585e-02
2.077048e-01;1.009040e-01;1.470499e-01;2.623077e-02;6.051161e-02;1.938472e-02;1.559679e-02;3.079832e-01;4.157296e-02;1.205392e-02;4.024161e-02;2.076565e-02
2.142012e-01;6.339269e-02;1.537411e-01;3.236744e-02;5.501324e-02;1.643356e-02;4.094126e-02;3.387550e-01;1.882085e-02;1.992285e-02;2.373694e-02;2.267387e-02
1.924586e-01;4.379391e-02;1.812346e-01;3.297990e-02;4.178811e-02;2.209073e-02;5.667426e-02;3.543967e-01;2.018454e-02;1.741167e-02;1.276311e-02;2.422383e-02
1.682420e-01;5.608223e-02;1.848356e-01;3.665028e-02;3.059101e-02;1.975619e-02;7.978269e-02;3.543211e-01;2.248693e-02;1.520613e-02;1.501588e-02;1.703003e-02
1.572629e-01;5.983282e-02;1.534788e-01;4.240925e-02;4.384151e-02;1.800803e-02;1.083093e-01;3.562358e-01;2.293253e-02;1.579700e-02;1.181740e-02;1.007457e-02
1.482484e-01;4.785239e-02;1.243785e-01;3.266051e-02;5.171845e-02;1.594360e-02;1.431042e-01;3.775842e-01;1.868425e-02;1.087105e-02;4.216121e-03;2.473828e-02
1.390267e-01;5.353250e-02;1.360881e-01;2.306292e-02;5.553859e-02;1.212686e-02;1.524616e-01;3.660918e-01;2.341027e-02;6.335082e-03;7.069645e-03;2.525583e-02
1.428757e-01;6.488967e-02;1.402168e-01;2.072789e-02;6.565146e-02;1.795213e-02;1.446657e-01;3.356867e-01;2.166295e-02;9.283630e-03;1.189546e-02;2.449202e-02
1.589301e-01;1.078794e-01;1.473481e-01;1.312913e-02;7.427809e-02;1.607788e-02;1.005588e-01;3.075848e-01;3.220888e-02;6.271127e-03;9.054868e-03;2.667882e-02
1.713976e-01;1.195337e-01;1.385741e-01;1.432166e-02;1.045675e-01;2.206213e-02;5.681179e-02;2.601980e-01;4.360320e-02;1.504237e-02;1.665630e-02;3.723166e-02
1.487748e-01;1.801434e-01;1.551422e-01;1.659568e-02;1.228750e-01;1.984527e-02;4.327170e-02;1.897119e-01;3.838976e-02;1.790787e-02;1.909485e-02;4.824756e-02
1.228162e-01;2.354513e-01;1.625123e-01;1.432052e-02;1.169402e-01;2.913290e-02;5.280611e-02;1.376003e-01;3.340610e-02;1.508476e-02;2.225278e-02;5.767663e-02
1.021272e-01;2.086540e-01;1.457663e-01;1.551882e-02;1.014105e-01;3.470683e-02;4.561026e-02;1.650808e-01;6.476737e-02;2.467079e-02;2.828480e-02;6.340231e-02
1.050448e-01;8.463349e-02;1.523276e-01;2.814751e-02;9.302142e-02;2.785288e-02;3.231531e-02;2.674902e-01;9.281728e-02;2.873494e-02;3.849887e-02;4.911569e-02
1.381666e-01;1.196461e-01;1.674632e-01;2.797561e-02;9.216875e-02;2.318992e-02;2.779731e-02;2.721069e-01;6.539421e-02;2.079498e-02;3.111205e-02;1.418437e-02
1.352448e-01;1.930270e-01;1.588201e-01;3.818523e-02;5.174779e-02;4.539422e-02;6.327714e-02;1.950086e-01;6.164490e-02;1.988374e-02;1.450111e-02;2.326537e-02
1.171050e-01;1.745906e-01;1.321831e-01;4.774524e-02;3.936636e-02;5.846900e-02;9.944738e-02;1.851520e-01;7.744359e-02;2.985334e-02;1.259328e-02;2.605116e-02
1.112564e-01;1.290566e-01;1.603778e-01;5.543309e-02;5.065574e-02;7.261494e-02;6.670850e-02;2.025263e-01;8.462816e-02;1.754383e-02;3.198762e-02;1.721110e-02
1.374340e-01;1.325526e-01;1.747512e-01;4.134420e-02;5.253468e-02;5.554859e-02;4.121513e-02;1.874880e-01;6.362598e-02;3.718091e-02;3.476519e-02;4.155949e-02
1.625871e-01;1.635311e-01;1.171658e-01;4.827233e-02;7.595544e-02;5.366639e-02;5.389836e-02;1.831847e-01;4.393597e-02;3.871059e-02;1.930845e-02;3.978372e-02
1.791077e-01;1.337437e-01;1.041320e-01;6.093459e-02;6.408618e-02;5.808945e-02;5.889559e-02;2.090313e-01;4.568977e-02;2.833558e-02;1.391260e-02;4.404146e-02
1.756366e-01;9.304500e-02;8.949240e-02;6.084674e-02;3.565444e-02;6.328420e-02;9.550224e-02;2.592360e-01;5.406719e-02;1.979038e-02;9.531222e-03;4.391360e-02
1.531370e-01;1.714549e-01;8.812344e-02;3.310797e-02;2.655799e-02;4.795659e-02;9.998563e-02;2.670085e-01;5.079015e-02;2.089396e-02;5.412125e-03;3.557173e-02
9.818983e-02;2.045992e-01;2.210049e-01;1.803315e-02;3.101378e-02;6.479403e-02;8.880752e-02;2.060792e-01;2.672546e-02;1.386285e-02;1.126570e-02;1.562437e-02
6.659068e-02;2.881367e-01;2.582959e-01;1.768062e-02;2.130917e-02;6.749813e-02;6.154847e-02;1.470247e-01;2.854192e-02;1.311114e-02;1.940585e-02;1.085684e-02
7.521740e-02;3.490314e-01;2.331466e-01;9.977849e-03;2.618024e-02;3.477130e-02;5.513852e-02;1.333057e-01;2.442208e-02;1.001136e-02;3.921377e-02;9.583763e-03
9.357795e-02;3.812152e-01;2.138777e-01;5.024566e-03;3.907616e-02;1.441497e-02;4.553227e-02;8.551953e-02;2.279360e-02;1.640789e-02;7.452792e-02;8.032205e-03
8.095672e-02;3.603787e-01;1.886053e-01;9.748418e-03;4.076850e-02;1.177942e-02;5.458000e-02;7.376918e-02;3.843884e-02;1.713098e-02;1.158118e-01;8.032071e-03
7.439854e-02;3.171755e-01;1.209080e-01;1.025562e-02;3.780176e-02;1.514757e-02;7.628581e-02;1.376221e-01;4.546412e-02;1.005694e-02;1.483095e-01;6.574573e-03
1.106573e-01;2.936696e-01;6.786151e-02;8.298283e-03;3.199511e-02;1.667534e-02;9.374499e-02;1.422578e-01;5.781054e-02;1.432346e-02;1.554364e-01;7.269563e-03
1.107991e-01;3.285054e-01;1.098162e-01;1.047180e-02;1.820564e-02;1.823937e-02;7.749894e-02;1.030527e-01;7.507868e-02;1.480859e-02;1.217576e-01;1.176607e-02
8.973595e-02;3.620986e-01;1.651688e-01;9.574958e-03;1.405872e-02;2.348886e-02;5.674814e-02;1.007698e-01;7.588112e-02;1.164720e-02;7.728771e-02;1.354016e-02
8.952020e-02;3.396424e-01;1.830522e-01;8.719660e-03;2.059820e-02;2.165614e-02;4.981504e-02;1.358587e-01;6.820562e-02;1.793054e-02;5.019495e-02;1.480643e-02
9.083399e-02;2.940099e-01;1.646800e-01;1.126804e-02;2.358989e-02;3.098901e-02;7.564227e-02;1.660967e-01;5.617499e-02;2.185228e-02;4.549837e-02;1.936461e-02
9.905164e-02;2.517080e-01;9.434104e-02;2.895519e-02;2.612882e-02;4.675166e-02;8.263448e-02;1.758138e-01;5.811055e-02;3.768612e-02;5.641910e-02;4.239965e-02
9.341107e-02;2.907245e-01;1.768473e-01;2.339722e-02;1.966714e-02;4.570895e-02;8.886159e-02;8.655266e-02;4.153195e-02;3.190632e-02;5.384975e-02;4.754156e-02
9.361541e-02;2.975245e-01;1.857022e-01;1.733181e-02;1.850179e-02;2.509904e-02;1.000727e-01;9.480125e-02;3.303520e-02;3.209559e-02;4.706054e-02;5.515991e-02
8.398651e-02;2.578787e-01;1.048917e-01;2.756432e-02;1.539748e-02;3.538854e-02;1.131352e-01;1.706827e-01;3.551919e-02;4.040129e-02;5.022233e-02;6.493203e-02
9.113640e-02;3.020353e-01;1.653372e-01;2.244700e-02;2.680826e-02;3.440321e-02;7.877000e-02;1.476014e-01;3.493702e-02;3.242082e-02;1.954909e-02;4.455438e-02
8.331022e-02;3.927517e-01;2.312543e-01;1.959703e-02;2.309928e-02;1.755803e-02;3.707940e-02;8.753645e-02;4.242758e-02;1.943595e-02;1.722809e-02;2.872198e-02
5.810385e-02;4.581823e-01;2.548469e-01;4.265950e-02;1.168381e-02;1.918683e-02;1.347530e-02;3.737360e-02;5.586280e-02;1.437830e-02;1.529534e-02;1.895152e-02
4.624468e-02;4.779789e-01;2.430367e-01;6.669763e-02;6.674376e-03;2.502803e-02;7.131553e-03;2.815102e-02;7.076023e-02;7.173093e-03;8.032748e-03;1.309103e-02
4.438060e-02;4.766758e-01;2.165456e-01;8.585715e-02;6.591645e-03;4.237137e-02;3.981867e-03;2.875163e-02;7.552932e-02;5.644468e-03;7.252381e-03;6.418196e-03
4.892989e-02;4.629756e-01;2.289606e-01;7.496201e-02;5.853229e-03;5.986889e-02;3.397960e-03;2.930811e-02;6.655873e-02;4.907925e-03;7.108001e-03;7.169031e-03
4.349100e-02;4.332432e-01;2.482506e-01;4.684757e-02;8.118874e-03;8.507020e-02;1.119367e-02;4.175199e-02;5.510752e-02;1.136832e-02;5.841514e-03;9.715607e-03
3.005117e-02;4.157462e-01;2.870333e-01;2.866342e-02;9.647726e-03;9.245790e-02;1.801782e-02;3.977825e-02;4.864167e-02;1.579069e-02;4.058150e-03;1.011363e-02
2.424163e-02;4.142840e-01;3.368434e-01;1.967664e-02;9.471348e-03;8.244029e-02;1.554393e-02;2.559312e-02;4.109764e-02;1.906576e-02;3.062877e-03;8.679334e-03
4.495750e-02;4.219185e-01;3.591102e-01;2.501668e-02;9.185349e-03;4.237254e-02;2.038239e-02;1.620008e-02;3.163241e-02;1.417195e-02;5.692462e-03;9.359946e-03
4.656991e-02;4.044109e-01;3.618150e-01;2.118945e-02;1.316720e-02;3.197026e-02;2.359871e-02;3.033439e-02;3.485049e-02;1.152758e-02;5.650774e-03;1.491528e-02
2.403757e-02;3.592039e-01;3.700202e-01;2.596089e-02;1.362630e-02;3.478342e-02;3.256200e-02;5.605524e-02;4.723458e-02;1.327664e-02;8.320723e-03;1.491850e-02
3.905946e-02;3.463480e-01;3.141383e-01;2.656340e-02;1.071781e-02;4.408802e-02;4.594152e-02;8.507684e-02;4.752592e-02;1.477791e-02;1.566321e-02;1.009953e-02
5.482853e-02;3.529494e-01;2.633433e-01;2.787236e-02;1.959492e-02;4.423523e-02;7.464258e-02;7.014217e-02;3.994508e-02;1.579084e-02;2.401552e-02;1.264002e-02
5.057161e-02;2.721833e-01;2.181487e-01;4.773842e-02;3.070446e-02;6.718750e-02;5.922316e-02;9.194435e-02;6.084477e-02;4.748165e-02;3.528693e-02;1.868510e-02
4.659897e-02;2.713486e-01;1.669523e-01;3.743251e-02;5.094998e-02;8.402146e-02;4.981730e-02;1.327478e-01;5.859042e-02;5.141243e-02;2.258876e-02;2.753945e-02
3.845586e-02;2.733395e-01;3.181981e-01;5.601491e-02;3.487791e-02;8.857011e-02;3.829202e-02;6.432715e-02;3.361554e-02;2.654617e-02;9.254252e-03;1.850856e-02
2.992797e-02;2.380087e-01;4.176335e-01;6.351697e-02;2.897404e-02;7.081705e-02;2.998536e-02;4.819168e-02;2.857869e-02;1.985151e-02;1.183363e-02;1.268085e-02
2.048972e-02;2.476364e-01;5.023804e-01;5.727878e-02;1.871811e-02;2.465751e-02;1.795439e-02;4.332269e-02;2.168990e-02;2.279631e-02;9.501749e-03;1.357399e-02
1.928440e-02;2.942181e-01;4.823070e-01;4.222497e-02;2.114703e-02;2.265603e-02;1.066926e-02;3.811491e-02;2.274007e-02;1.941147e-02;7.989881e-03;1.923691e-02
4.441415e-02;3.540956e-01;4.101292e-01;3.059477e-02;2.315366e-02;2.192806e-02;1.215836e-02;2.252001e-02;3.221444e-02;1.781007e-02;8.682011e-03;2.229965e-02
5.607266e-02;3.281454e-01;3.761541e-01;3.623945e-02;2.126312e-02;2.477053e-02;1.854211e-02;4.687526e-02;4.344084e-02;1.793942e-02;1.241489e-02;1.814228e-02
3.950206e-02;3.127457e-01;3.390210e-01;5.536482e-02;3.143082e-02;4.278303e-02;2.929645e-02;7.097322e-02;3.066718e-02;1.857359e-02;1.330330e-02;1.633882e-02
5.958530e-02;3.588625e-01;2.881186e-01;5.744899e-02;3.978707e-02;4.529475e-02;1.839727e-02;7.467873e-02;2.070258e-02;1.437052e-02;9.479969e-03;1.327371e-02
5.567764e-02;4.078457e-01;3.055444e-01;4.347476e-02;1.949617e-02;3.046427e-02;2.775968e-02;6.946433e-02;1.290884e-02;9.720199e-03;6.020258e-03;1.162377e-02
4.598498e-02;4.180632e-01;2.907504e-01;3.315806e-02;1.556206e-02;4.659387e-02;2.106255e-02;5.988310e-02;2.304966e-02;1.434927e-02;1.980183e-02;1.174110e-02
6.089159e-02;4.759676e-01;2.423676e-01;2.655339e-02;1.225983e-02;2.283365e-02;1.091926e-02;5.473472e-02;3.184847e-02;1.580815e-02;3.064545e-02;1.517035e-02
5.428979e-02;4.035091e-01;3.088444e-01;3.912194e-02;1.347848e-02;2.330467e-02;2.054727e-02;5.938612e-02;2.303569e-02;1.392206e-02;2.474383e-02;1.581656e-02
4.138364e-02;2.948155e-01;3.571685e-01;6.721467e-02;2.139264e-02;3.844895e-02;3.353253e-02;7.091451e-02;1.783666e-02;1.844843e-02;2.238297e-02;1.646106e-02
4.941373e-02;1.873651e-01;3.620839e-01;7.232145e-02;3.102639e-02;5.579083e-02;2.802531e-02;1.137046e-01;2.651506e-02;2.049641e-02;2.671629e-02;2.654098e-02
3.988983e-02;3.392644e-01;2.889850e-01;4.224950e-02;1.965318e-02;8.162726e-02;1.635340e-02;7.934462e-02;3.195292e-02;2.089677e-02;2.309922e-02;1.668397e-02
2.904199e-02;3.093934e-01;3.737023e-01;3.686263e-02;2.150439e-02;9.409568e-02;9.773673e-03;5.359412e-02;2.904446e-02;1.886128e-02;1.491751e-02;9.208479e-03
2.680136e-02;3.260792e-01;3.848782e-01;3.414175e-02;2.197663e-02;9.290952e-02;1.083277e-02;4.172211e-02;2.739274e-02;1.599318e-02;9.795023e-03;7.477475e-03
3.673845e-02;4.023844e-01;3.819687e-01;2.555058e-02;1.707719e-02;5.562397e-02;7.128048e-03;2.267881e-02;2.668894e-02;1.144498e-02;5.675073e-03;7.040829e-03
5.320354e-02;4.747902e-01;3.363672e-01;1.893798e-02;1.095124e-02;3.839850e-02;8.960497e-03;1.491130e-02;2.775800e-02;4.753050e-03;4.592783e-03;6.375689e-03
5.876492e-02;4.755637e-01;3.422301e-01;1.488228e-02;7.108056e-03;2.811394e-02;1.209872e-02;2.202560e-02;2.370354e-02;6.997585e-03;2.924461e-03;5.587113e-03
6.030413e-02;4.630467e-01;3.428845e-01;1.344543e-02;1.029172e-02;2.206380e-02;1.835822e-02;2.618424e-02;2.081979e-02;1.180402e-02;5.914378e-03;4.883076e-03
6.880791e-02;4.218429e-01;3.384121e-01;2.093163e-02;1.395990e-02;2.169792e-02;3.048584e-02;2.507409e-02;2.083998e-02;1.591391e-02;1.103910e-02;1.099471e-02
9.311126e-02;1.870082e-01;3.938875e-01;3.588050e-02;1.960889e-02;8.619896e-02;2.989988e-02;5.329749e-02;3.706341e-02;1.878799e-02;1.987787e-02;2.537798e-02
7.897735e-02;3.136454e-01;3.530581e-01;2.679081e-02;1.671163e-02;6.286066e-02;7.183793e-03;4.115071e-02;3.592651e-02;1.900053e-02;2.134444e-02;2.335006e-02
7.277466e-02;4.396222e-01;2.829733e-01;2.834350e-02;2.078506e-02;2.746477e-02;1.132866e-02;2.139282e-02;3.342712e-02;1.691498e-02;2.234961e-02;2.262335e-02
6.484820e-02;4.637799e-01;2.450574e-01;3.098090e-02;1.877090e-02;2.055332e-02;2.035564e-02;4.922682e-02;3.749321e-02;1.621797e-02;1.835668e-02;1.435909e-02
7.628866e-02;3.496130e-01;2.331170e-01;3.430469e-02;2.095575e-02;3.146777e-02;5.301399e-02;6.012327e-02;3.526758e-02;2.984924e-02;3.731588e-02;3.868329e-02
9.615864e-02;2.279671e-01;1.914934e-01;3.997603e-02;2.951578e-02;6.524583e-02;6.720197e-02;6.237542e-02;3.722873e-02;3.887658e-02;6.354696e-02;8.041354e-02
1.055305e-01;1.784567e-01;1.861084e-01;4.124625e-02;3.135211e-02;8.995982e-02;6.632213e-02;5.668786e-02;4.471289e-02;2.942384e-02;6.616089e-02;1.040387e-01
8.801594e-02;2.104935e-01;2.528172e-01;3.031334e-02;2.193538e-02;1.130889e-01;3.545670e-02;5.096991e-02;5.166310e-02;1.301451e-02;4.180125e-02;9.043029e-02
5.329601e-02;2.204531e-01;2.417725e-01;4.237666e-02;3.271466e-02;1.345440e-01;4.978281e-02;5.586844e-02;5.647120e-02;2.314453e-02;5.266517e-02;3.691093e-02
2.774329e-02;1.737384e-01;3.285206e-01;8.005764e-02;4.568041e-02;1.199354e-01;2.603909e-02;3.794464e-02;2.176888e-02;5.623519e-02;4.953968e-02;3.279676e-02
2.736451e-02;2.240724e-01;3.879664e-01;7.006671e-02;3.819138e-02;7.913124e-02;1.621727e-02;2.622337e-02;2.113573e-02;5.566511e-02;3.312727e-02;2.083868e-02
2.462430e-02;2.933960e-01;4.528062e-01;5.036534e-02;1.952815e-02;3.551550e-02;7.567246e-03;1.545926e-02;1.702849e-02;5.504549e-02;1.754392e-02;1.112007e-02
2.233604e-02;3.602024e-01;4.688777e-01;2.584260e-02;4.601070e-03;1.392075e-02;5.821094e-03;1.327627e-02;1.932306e-02;4.760971e-02;1.124464e-02;6.944635e-03
2.709464e-02;3.915751e-01;4.296097e-01;1.568667e-02;3.101483e-03;3.591049e-02;8.892369e-03;1.767188e-02;2.076951e-02;3.131318e-02;1.111680e-02;7.258190e-03
3.686521e-02;3.735609e-01;4.064818e-01;2.456786e-02;8.743695e-03;5.250792e-02;1.043419e-02;1.945750e-02;2.733414e-02;1.617652e-02;1.227772e-02;1.159258e-02
4.631263e-02;3.574688e-01;4.123482e-01;2.643374e-02;1.015807e-02;5.757792e-02;1.037403e-02;1.920882e-02;2.374286e-02;1.681940e-02;9.835347e-03;9.720262e-03
4.573234e-02;4.288968e-01;4.075443e-01;2.243418e-02;3.428980e-03;2.116495e-02;1.152465e-02;1.353475e-02;1.664165e-02;1.713858e-02;3.042998e-03;8.915912e-03
5.543352e-02;4.472580e-01;3.892101e-01;2.030844e-02;5.319666e-03;9.551419e-03;1.295303e-02;1.272188e-02;1.683334e-02;1.308638e-02;7.934924e-03;9.389333e-03
8.220362e-02;4.234188e-01;3.094389e-01;1.210393e-02;1.712193e-02;3.160148e-02;1.631577e-02;4.158513e-02;1.885761e-02;1.443699e-02;1.722040e-02;1.569543e-02
1.499323e-01;3.822177e-01;1.367052e-01;2.430445e-02;2.860445e-02;2.884937e-02;2.529335e-02;1.034299e-01;3.400698e-02;3.539996e-02;2.546353e-02;2.579287e-02
1.013872e-01;3.890506e-01;2.763385e-01;2.288082e-02;1.102540e-02;3.685037e-02;8.611581e-03;6.551588e-02;2.495460e-02;2.774350e-02;9.602403e-03;2.603919e-02
8.876937e-02;4.075281e-01;2.361785e-01;2.254474e-02;1.183682e-02;4.875127e-02;3.751697e-02;4.419969e-02;2.440703e-02;2.390704e-02;1.491211e-02;3.944840e-02
8.732188e-02;3.883854e-01;9.099990e-02;2.919544e-02;1.570940e-02;4.873532e-02;9.024488e-02;6.096011e-02;5.126075e-02;2.699422e-02;3.336157e-02;7.683112e-02
8.162834e-02;3.120914e-01;1.587893e-01;2.977500e-02;3.340499e-02;6.668036e-02;7.700469e-02;5.334488e-02;4.637738e-02;2.252406e-02;4.234733e-02;7.603230e-02
5.963261e-02;2.423007e-01;1.314137e-01;3.745144e-02;7.897948e-02;1.123228e-01;7.106984e-02;7.402446e-02;5.918319e-02;2.475485e-02;4.214522e-02;6.672179e-02
5.088495e-02;1.725167e-01;1.015144e-01;2.804242e-02;9.966550e-02;1.606941e-01;7.948314e-02;7.792105e-02;9.017144e-02;3.374100e-02;5.202528e-02;5.334003e-02
5.457972e-02;1.393369e-01;9.419625e-02;3.313690e-02;6.278591e-02;2.171610e-01;4.942859e-02;5.441060e-02;1.082171e-01;4.612100e-02;9.189723e-02;4.872878e-02
4.637185e-02;1.362334e-01;1.181430e-01;4.432111e-02;1.911273e-02;2.580735e-01;5.234841e-02;5.211632e-02;8.735393e-02;4.293681e-02;1.070830e-01;3.590581e-02
3.042484e-02;1.485901e-01;1.048140e-01;3.100537e-02;2.427794e-02;2.685180e-01;4.988242e-02;5.387103e-02;9.018640e-02;4.063478e-02;1.166370e-01;4.115811e-02
3.315296e-02;1.202160e-01;7.900117e-02;1.314129e-02;2.245978e-02;3.073393e-01;4.020660e-02;5.624606e-02;1.028503e-01;4.887427e-02;1.177355e-01;5.877660e-02
3.920323e-02;1.380386e-01;1.366696e-01;1.252768e-02;3.450781e-02;2.611404e-01;3.831503e-02;5.710505e-02;1.024369e-01;5.553593e-02;7.836673e-02;4.615318e-02
2.851637e-02;1.438758e-01;1.170871e-01;1.801900e-02;5.060733e-02;2.533095e-01;2.809841e-02;8.325683e-02;1.056545e-01;5.992627e-02;8.097813e-02;3.067065e-02
2.258472e-02;1.339548e-01;6.527769e-02;1.870769e-02;5.442369e-02;2.510576e-01;2.624672e-02;1.089723e-01;1.261593e-01;5.669907e-02;1.000164e-01;3.589998e-02
3.593137e-02;1.682000e-01;9.233914e-02;1.119670e-02;5.711481e-02;2.397742e-01;2.413896e-02;7.876050e-02;1.073295e-01;5.138011e-02;1.065653e-01;2.726939e-02
2.682058e-02;1.914599e-01;1.049433e-01;1.246513e-02;4.273093e-02;2.366616e-01;2.915951e-02;5.354128e-02;1.003300e-01;4.565917e-02;1.191439e-01;3.708464e-02
2.262043e-02;1.750962e-01;1.273790e-01;9.930995e-03;2.461290e-02;2.361376e-01;1.229856e-02;5.857046e-02;1.070087e-01;5.503960e-02;1.347830e-01;3.652254e-02
