2.145196e-01;1.309842e-01;6.898114e-02;7.345796e-02;2.466234e-02;3.111727e-02;1.451192e-01;1.108045e-01;2.755997e-02;4.414817e-02;1.015749e-01;2.707081e-02
1.726454e-01;9.813771e-02;5.789041e-02;7.826314e-02;3.044675e-02;3.463909e-02;2.040690e-01;1.517541e-01;1.710186e-02;3.180378e-02;1.065721e-01;1.667651e-02
1.311364e-01;1.544375e-01;2.787757e-02;3.456764e-02;3.202459e-02;5.105988e-02;2.759838e-01;1.760260e-01;1.538950e-02;2.282171e-02;7.298432e-02;5.691187e-03
1.125292e-01;1.275858e-01;1.500240e-02;3.170736e-02;2.597934e-02;7.439915e-02;3.160713e-01;1.455591e-01;1.240108e-02;1.773256e-02;1.163584e-01;4.674335e-03
1.606131e-01;1.048980e-01;1.870439e-02;2.577326e-02;2.132067e-02;7.393698e-02;2.900915e-01;1.256848e-01;1.527863e-02;1.340432e-02;1.416036e-01;8.690733e-03
1.592089e-01;8.658314e-02;3.013603e-02;2.150782e-02;4.614126e-02;7.021265e-02;2.518284e-01;9.693287e-02;2.605247e-02;9.628573e-03;1.857889e-01;1.597901e-02
6.719229e-02;5.868280e-02;3.731366e-02;2.942547e-02;6.438763e-02;6.781110e-02;2.666652e-01;8.171067e-02;2.965319e-02;1.607544e-02;2.635507e-01;1.753191e-02
1.087941e-01;3.359180e-02;4.638688e-02;2.972172e-02;4.259943e-02;4.440898e-02;1.988210e-01;7.654783e-02;2.466572e-02;1.867125e-02;3.623472e-01;1.344417e-02
1.181117e-01;4.078340e-02;4.107948e-02;3.509887e-02;3.812369e-02;3.220784e-02;1.409714e-01;7.499737e-02;1.428678e-02;1.968582e-02;4.297561e-01;1.489751e-02
7.079430e-02;4.623665e-02;3.975071e-02;3.015121e-02;3.682238e-02;3.766787e-02;1.656423e-01;8.082694e-02;1.735308e-02;2.904443e-02;4.324867e-01;1.322337e-02
6.750165e-02;7.072259e-02;4.063100e-02;4.331736e-02;3.695437e-02;4.531912e-02;1.682440e-01;8.901811e-02;1.812051e-02;3.627602e-02;3.750377e-01;8.857593e-03
9.202100e-02;1.320843e-01;5.156695e-02;4.933591e-02;3.394143e-02;3.973581e-02;1.061458e-01;1.142277e-01;1.566356e-02;3.707319e-02;3.219722e-01;6.232086e-03
8.548316e-02;1.890159e-01;6.657381e-02;3.849054e-02;2.225414e-02;3.393586e-02;1.536971e-01;1.248284e-01;1.402277e-02;2.927960e-02;2.281829e-01;1.423578e-02
1.069532e-01;2.465045e-01;8.102451e-02;3.225033e-02;2.242928e-02;2.370161e-02;1.706781e-01;9.385307e-02;1.433309e-02;2.306358e-02;1.686518e-01;1.655685e-02
1.292228e-01;2.847149e-01;1.124544e-01;4.809979e-02;1.965171e-02;1.535113e-02;5.591625e-02;7.877142e-02;2.003322e-02;2.127398e-02;1.993274e-01;1.518294e-02
1.037032e-01;2.598446e-01;1.105037e-01;6.178979e-02;1.713460e-02;2.193005e-02;7.679016e-02;7.479669e-02;1.825149e-02;1.583441e-02;2.230082e-01;1.641304e-02
1.155437e-01;1.776157e-01;6.784546e-02;3.717605e-02;4.508462e-02;5.215145e-02;2.060767e-01;6.741446e-02;2.096841e-02;2.542495e-02;1.693780e-01;1.532044e-02
1.506557e-01;1.067398e-01;3.570982e-02;4.508926e-02;4.990451e-02;8.069038e-02;2.336813e-01;1.250538e-01;1.980736e-02;2.495229e-02;1.005210e-01;2.719482e-02
2.359549e-01;4.876903e-02;1.735707e-02;3.337452e-02;3.922463e-02;7.449567e-02;2.154642e-01;1.080822e-01;2.404794e-02;1.778768e-02;1.369525e-01;4.848963e-02
3.161485e-01;4.744659e-02;1.913937e-02;2.100592e-02;3.340977e-02;5.246393e-02;1.479846e-01;5.657320e-02;2.937795e-02;7.620700e-03;1.930180e-01;7.581140e-02
3.495687e-01;4.467633e-02;2.533154e-02;2.119906e-02;4.733247e-02;4.974389e-02;1.073813e-01;2.433679e-02;4.101795e-02;1.096995e-02;1.850750e-01;9.336695e-02
3.005122e-01;2.994420e-02;2.829558e-02;2.472518e-02;6.381787e-02;5.608325e-02;1.185976e-01;2.257304e-02;4.521731e-02;1.691851e-02;1.955091e-01;9.780620e-02
1.187779e-01;4.106781e-02;3.333537e-02;3.137905e-02;6.776356e-02;5.208727e-02;1.194192e-01;5.355187e-02;3.148326e-02;2.560006e-02;3.339603e-01;9.157426e-02
1.870873e-01;4.120965e-02;2.495176e-02;3.411192e-02;5.914311e-02;3.197615e-02;1.128634e-01;6.931420e-02;5.410733e-02;1.602891e-02;3.132660e-01;5.594031e-02
2.645579e-01;2.485612e-02;2.784589e-02;3.358509e-02;6.321672e-02;4.448443e-02;1.389655e-01;6.767149e-02;7.391705e-02;1.066286e-02;2.223631e-01;2.787380e-02
2.779508e-01;1.063477e-02;3.153349e-02;3.786164e-02;5.529788e-02;6.142005e-02;1.799484e-01;8.008882e-02;6.834105e-02;1.047775e-02;1.688604e-01;1.758491e-02
3.020448e-01;2.659672e-02;3.125811e-02;2.951134e-02;5.506594e-02;8.119527e-02;2.273920e-01;7.214691e-02;4.332790e-02;1.224166e-02;9.716316e-02;2.205615e-02
2.216799e-01;5.185600e-02;3.433789e-02;2.500137e-02;4.358712e-02;7.417299e-02;2.248461e-01;5.178701e-02;2.353687e-02;1.798005e-02;2.137321e-01;1.748259e-02
1.043224e-01;7.465030e-02;4.421237e-02;2.994497e-02;4.018123e-02;5.379532e-02;2.134695e-01;8.574767e-02;3.393573e-02;1.843011e-02;2.837695e-01;1.754099e-02
1.389057e-01;8.228154e-02;4.613813e-02;2.562164e-02;5.067946e-02;4.924799e-02;2.169719e-01;8.769872e-02;5.274803e-02;1.803861e-02;2.041517e-01;2.751656e-02
1.816166e-01;3.687117e-02;3.472701e-02;2.775525e-02;7.677469e-02;1.034900e-01;2.510574e-01;5.747321e-02;6.322945e-02;3.068581e-02;1.016452e-01;3.467415e-02
1.614823e-01;2.050929e-02;2.503978e-02;2.796181e-02;6.813782e-02;1.091037e-01;2.247820e-01;2.777159e-02;4.857339e-02;4.119616e-02;2.074884e-01;3.795373e-02
1.625450e-01;2.316705e-02;2.541999e-02;3.621586e-02;4.324339e-02;7.444897e-02;1.968552e-01;7.006386e-02;3.401915e-02;3.184518e-02;2.673007e-01;3.487563e-02
1.255541e-01;5.323679e-02;4.510398e-02;4.217735e-02;2.921855e-02;4.360205e-02;1.824909e-01;7.197931e-02;2.244340e-02;2.082363e-02;3.303063e-01;3.306361e-02
1.453274e-01;1.023432e-01;4.236093e-02;2.850023e-02;3.104216e-02;3.712331e-02;2.143818e-01;7.265016e-02;1.492414e-02;1.523267e-02;2.729585e-01;2.315554e-02
1.233450e-01;1.230007e-01;4.390863e-02;3.175559e-02;2.784062e-02;6.170233e-02;2.000317e-01;1.327913e-01;3.694648e-02;3.779157e-02;1.617015e-01;1.918455e-02
8.822577e-02;1.313140e-01;2.518185e-02;2.573084e-02;3.129033e-02;6.769389e-02;2.440400e-01;1.870030e-01;2.198638e-02;3.676170e-02;1.213046e-01;1.946773e-02
1.781432e-01;1.427861e-01;1.794148e-02;2.149192e-02;2.817233e-02;7.468958e-02;2.594503e-01;1.345089e-01;1.374693e-02;2.657769e-02;8.654717e-02;1.594437e-02
2.666979e-01;1.462806e-01;2.388747e-02;2.176818e-02;3.326091e-02;9.200987e-02;2.599232e-01;7.641230e-02;9.875777e-03;2.041833e-02;3.731058e-02;1.215499e-02
3.170804e-01;1.150771e-01;2.630913e-02;4.440814e-02;3.777087e-02;9.037010e-02;2.547224e-01;5.040481e-02;1.014307e-02;1.597241e-02;3.033185e-02;7.409804e-03
2.901460e-01;1.061159e-01;2.414071e-02;5.643241e-02;2.663138e-02;6.781595e-02;2.778026e-01;1.006490e-01;8.840244e-03;1.073015e-02;2.573589e-02;4.959835e-03
2.191533e-01;1.517157e-01;2.514584e-02;3.720830e-02;1.522855e-02;5.817797e-02;3.142091e-01;1.435549e-01;9.848014e-03;7.997064e-03;1.466453e-02;3.096760e-03
1.366070e-01;1.907924e-01;1.754337e-02;2.109662e-02;2.102089e-02;5.816349e-02;3.296152e-01;1.886501e-01;1.417792e-02;8.763755e-03;1.061017e-02;2.958990e-03
6.852607e-02;2.083496e-01;1.279369e-02;2.442022e-02;3.558835e-02;5.207349e-02;3.264646e-01;2.277081e-01;1.305381e-02;8.452005e-03;1.858101e-02;3.989006e-03
3.764930e-02;1.973994e-01;1.690336e-02;2.471542e-02;3.715175e-02;3.684353e-02;3.227954e-01;2.771630e-01;1.213373e-02;8.284851e-03;2.499644e-02;3.963838e-03
3.280665e-02;1.438831e-01;4.200771e-02;5.255802e-02;2.032582e-02;2.535269e-02;2.803963e-01;3.530646e-01;1.248097e-02;1.061207e-02;2.067138e-02;5.840702e-03
2.100798e-02;7.278490e-02;6.786150e-02;3.963496e-02;1.184588e-02;2.523047e-02;2.939275e-01;4.245957e-01;1.577713e-02;8.838143e-03;1.202840e-02;6.467410e-03
5.811507e-02;7.331131e-02;5.899069e-02;1.273810e-02;9.168934e-03;3.453876e-02;3.078263e-01;3.772069e-01;1.548354e-02;9.983020e-03;3.666510e-02;5.972378e-03
9.758087e-02;9.584978e-02;4.136865e-02;5.945573e-03;9.629511e-03;3.388548e-02;2.839381e-01;3.069080e-01;1.183502e-02;1.486818e-02;9.347165e-02;4.719265e-03
1.092760e-01;1.027982e-01;2.822069e-02;1.995763e-02;1.890462e-02;2.515284e-02;2.840280e-01;2.530921e-01;2.461877e-02;3.820174e-02;8.924908e-02;6.500348e-03
7.207280e-02;9.651642e-02;3.714103e-02;4.963820e-02;3.432804e-02;3.678065e-02;2.206997e-01;1.789557e-01;7.689784e-02;9.569002e-02;8.090346e-02;2.037614e-02
6.456012e-02;8.266097e-02;3.905812e-02;5.540710e-02;3.404494e-02;4.634727e-02;1.626647e-01;1.990815e-01;8.495059e-02;1.106023e-01;1.019207e-01;1.870175e-02
3.454686e-02;7.240650e-02;2.563255e-02;3.673128e-02;2.014108e-02;4.535133e-02;3.029824e-01;2.779919e-01;4.868429e-02;6.687114e-02;5.612854e-02;1.253210e-02
3.426114e-02;8.311907e-02;1.526755e-02;1.573116e-02;1.248302e-02;4.780253e-02;4.192097e-01;3.111103e-01;1.409319e-02;1.847891e-02;1.997093e-02;8.472567e-03
5.587054e-02;9.646763e-02;1.317395e-02;8.246433e-03;1.089787e-02;5.586932e-02;4.613457e-01;2.587636e-01;8.716961e-03;9.632327e-03;1.708539e-02;3.930306e-03
8.771073e-02;1.059506e-01;1.091786e-02;8.381472e-03;1.241230e-02;7.307430e-02;4.797480e-01;1.880282e-01;7.884154e-03;9.709127e-03;1.098341e-02;5.199886e-03
1.390930e-01;7.997091e-02;1.045049e-02;1.244324e-02;2.301697e-02;9.730582e-02;4.612855e-01;1.188732e-01;8.314361e-03;1.473740e-02;2.574929e-02;8.759798e-03
1.755051e-01;5.431088e-02;1.765378e-02;1.538963e-02;3.016709e-02;1.139934e-01;4.310062e-01;7.835250e-02;9.026276e-03;1.706659e-02;4.261731e-02;1.491123e-02
1.341681e-01;4.655894e-02;2.899909e-02;2.615936e-02;3.204715e-02;1.030785e-01;3.817330e-01;1.181800e-01;1.432023e-02;1.203040e-02;7.928493e-02;2.344030e-02
7.144170e-02;5.949843e-02;3.511878e-02;3.490088e-02;3.409503e-02;6.383085e-02;2.857054e-01;1.997398e-01;1.904602e-02;1.293876e-02;1.609857e-01;2.269864e-02
7.376298e-02;7.238020e-02;3.799777e-02;5.127154e-02;4.247253e-02;4.841395e-02;2.194802e-01;1.890728e-01;1.954175e-02;1.958043e-02;1.970912e-01;2.893471e-02
9.117240e-02;8.006962e-02;3.838809e-02;5.150093e-02;4.938327e-02;6.938808e-02;2.436930e-01;1.794466e-01;1.780993e-02;2.760277e-02;1.195027e-01;3.204267e-02
5.647107e-02;8.611616e-02;5.711455e-02;5.853165e-02;5.638395e-02;8.969982e-02;2.844960e-01;1.577822e-01;2.369326e-02;3.407092e-02;4.771837e-02;4.792203e-02
6.273266e-02;8.817510e-02;7.917150e-02;5.052393e-02;4.514167e-02;8.565604e-02;2.893893e-01;1.365037e-01;2.899067e-02;3.798876e-02;5.549125e-02;4.023541e-02
7.874331e-02;4.604312e-02;7.802147e-02;4.951363e-02;4.039510e-02;7.945871e-02;2.931329e-01;1.226996e-01;2.080512e-02;6.150679e-02;9.032306e-02;3.935715e-02
4.875153e-02;4.955947e-02;5.320216e-02;5.459320e-02;5.717788e-02;8.334952e-02;2.465610e-01;1.371789e-01;2.637436e-02;9.358134e-02;1.134786e-01;3.619204e-02
3.409728e-02;3.663369e-02;4.641889e-02;5.479791e-02;5.783595e-02;8.790287e-02;2.087793e-01;1.797513e-01;3.599825e-02;1.013654e-01;1.235294e-01;3.288985e-02
9.866369e-02;7.930294e-02;4.241995e-02;4.851402e-02;6.318059e-02;5.819586e-02;1.238851e-01;1.949905e-01;3.896648e-02;6.121524e-02;1.413075e-01;4.935807e-02
1.471573e-01;9.926163e-02;4.676723e-02;5.515257e-02;5.094320e-02;5.058006e-02;1.437947e-01;1.241603e-01;5.911448e-02;4.254674e-02;1.338448e-01;4.667688e-02
7.813302e-02;8.874811e-02;4.460580e-02;1.073806e-01;8.113818e-02;7.507467e-02;1.268181e-01;1.343243e-01;5.552433e-02;4.611457e-02;1.446591e-01;1.747925e-02
8.121721e-02;7.038550e-02;3.791504e-02;1.100694e-01;1.139858e-01;1.142813e-01;1.442382e-01;1.237513e-01;4.173711e-02;3.105151e-02;1.129656e-01;1.840211e-02
8.230916e-02;6.477940e-02;3.855959e-02;9.113440e-02;1.148159e-01;1.149310e-01;1.785453e-01;1.209295e-01;3.350938e-02;3.132395e-02;9.732363e-02;3.183878e-02
1.025008e-01;1.269000e-01;3.742213e-02;4.591886e-02;5.286774e-02;6.448016e-02;2.393066e-01;1.607076e-01;2.062257e-02;3.704550e-02;8.239315e-02;2.983481e-02
1.402990e-01;1.436712e-01;2.762729e-02;2.821030e-02;2.753396e-02;5.217363e-02;2.479905e-01;1.407233e-01;2.273732e-02;4.058046e-02;1.069109e-01;2.154201e-02
1.922385e-01;1.387425e-01;1.663413e-02;3.284269e-02;3.066683e-02;5.776822e-02;2.507823e-01;8.816390e-02;2.045494e-02;4.403880e-02;1.033833e-01;2.428372e-02
2.584364e-01;1.318400e-01;1.232497e-02;4.759600e-02;3.068805e-02;7.695168e-02;2.375523e-01;5.692383e-02;1.543137e-02;4.533619e-02;5.710318e-02;2.981601e-02
3.252371e-01;8.400960e-02;1.489287e-02;3.798537e-02;2.948494e-02;8.661662e-02;2.003938e-01;6.958458e-02;1.945104e-02;4.266549e-02;6.064256e-02;2.903609e-02
3.840648e-01;3.369623e-02;2.046839e-02;1.596448e-02;2.604920e-02;8.476084e-02;2.022003e-01;7.510544e-02;3.034436e-02;3.484114e-02;6.894620e-02;2.355866e-02
4.385235e-01;5.322968e-02;2.647566e-02;1.273890e-02;2.804019e-02;8.130756e-02;1.902828e-01;4.352196e-02;3.029758e-02;2.689128e-02;4.321759e-02;2.547324e-02
4.590645e-01;3.891304e-02;2.554848e-02;1.808240e-02;3.459093e-02;9.427518e-02;1.836696e-01;1.969417e-02;2.733099e-02;2.311797e-02;5.646846e-02;1.924442e-02
3.808275e-01;3.708146e-02;2.071018e-02;3.001505e-02;2.605302e-02;1.050385e-01;2.409709e-01;4.237599e-02;2.454665e-02;2.066353e-02;6.085515e-02;1.086206e-02
2.678937e-01;4.566966e-02;1.876706e-02;4.779744e-02;3.132239e-02;1.121330e-01;3.040466e-01;6.490186e-02;2.311712e-02;1.898736e-02;5.938163e-02;5.982095e-03
1.665948e-01;6.227257e-02;1.861450e-02;4.771563e-02;4.879267e-02;1.075101e-01;3.591116e-01;9.694473e-02;2.314162e-02;1.812037e-02;4.661238e-02;4.568983e-03
9.381180e-02;5.872044e-02;2.084677e-02;2.509407e-02;6.090989e-02;9.561829e-02;3.321765e-01;1.312350e-01;1.897826e-02;2.150156e-02;1.362961e-01;4.811251e-03
1.316245e-01;8.104814e-02;2.487012e-02;1.492547e-02;5.265949e-02;8.631805e-02;2.657550e-01;9.273206e-02;1.635928e-02;2.585959e-02;1.998529e-01;7.995296e-03
1.857252e-01;1.096335e-01;3.306105e-02;3.484273e-02;3.310359e-02;6.448303e-02;2.152743e-01;1.207715e-01;1.462416e-02;2.237090e-02;1.429873e-01;2.312284e-02
2.382144e-01;1.058968e-01;5.526764e-02;4.568958e-02;2.589696e-02;6.190106e-02;1.467165e-01;8.114069e-02;2.402091e-02;1.921523e-02;1.546919e-01;4.134832e-02
1.489883e-01;1.012951e-01;4.879192e-02;3.274319e-02;3.790470e-02;6.185447e-02;2.254211e-01;1.074981e-01;3.031666e-02;2.215180e-02;1.550353e-01;2.799934e-02
4.597819e-02;6.636430e-02;5.547665e-02;9.055500e-02;7.566431e-02;8.438592e-02;2.592913e-01;1.063674e-01;5.202783e-02;4.646740e-02;1.040906e-01;1.333108e-02
7.085657e-02;6.120147e-02;4.714065e-02;9.475398e-02;7.256257e-02;6.024968e-02;2.742434e-01;1.119520e-01;5.783258e-02;4.132368e-02;8.895273e-02;1.893078e-02
8.792572e-02;8.147381e-02;3.910713e-02;9.198438e-02;6.768560e-02;5.044133e-02;2.984173e-01;9.312000e-02;5.377175e-02;3.541345e-02;7.860654e-02;2.205299e-02
1.037317e-01;1.025452e-01;4.510465e-02;9.420999e-02;5.556643e-02;8.187901e-02;2.720629e-01;7.674227e-02;4.397858e-02;2.786882e-02;7.642513e-02;1.988533e-02
1.256348e-01;1.000790e-01;5.261077e-02;1.049778e-01;3.960680e-02;1.022622e-01;1.874730e-01;1.141829e-01;3.950990e-02;3.579885e-02;8.631641e-02;1.154760e-02
1.741607e-01;7.048390e-02;4.195153e-02;8.511324e-02;5.638018e-02;1.046149e-01;1.499765e-01;1.324354e-01;4.157885e-02;5.506938e-02;6.584154e-02;2.239378e-02
1.538311e-01;8.682185e-02;3.377654e-02;5.091996e-02;6.840881e-02;7.934862e-02;2.034269e-01;9.621440e-02;4.008023e-02;4.989656e-02;1.049063e-01;3.236869e-02
9.779616e-02;1.179597e-01;2.885339e-02;3.378751e-02;6.880675e-02;6.835949e-02;1.625602e-01;1.115816e-01;6.636775e-02;5.184912e-02;1.426051e-01;4.947330e-02
1.486951e-01;1.229507e-01;2.748019e-02;3.550151e-02;4.453702e-02;6.324600e-02;1.227390e-01;9.626194e-02;5.759188e-02;4.876181e-02;1.810595e-01;5.117540e-02
1.555227e-01;1.091784e-01;3.680226e-02;3.967514e-02;3.454209e-02;6.127408e-02;1.252799e-01;1.148752e-01;4.542948e-02;3.607216e-02;1.906755e-01;5.067308e-02
1.365790e-01;1.158357e-01;5.363539e-02;4.447450e-02;5.194863e-02;7.291768e-02;1.242031e-01;8.804486e-02;5.142027e-02;4.515553e-02;1.669045e-01;4.888085e-02
1.303065e-01;1.061648e-01;7.632715e-02;7.680774e-02;6.806504e-02;8.807549e-02;1.246009e-01;6.627353e-02;6.208813e-02;5.532333e-02;1.026701e-01;4.329728e-02
1.140864e-01;8.357403e-02;3.234813e-02;5.291639e-02;4.309248e-02;4.226189e-02;1.614787e-01;1.881590e-01;6.657626e-02;6.808990e-02;1.199263e-01;2.749042e-02
1.150906e-01;9.155580e-02;3.555801e-02;6.827595e-02;4.426568e-02;5.410999e-02;1.736343e-01;1.511023e-01;6.132853e-02;6.168893e-02;1.199818e-01;2.340817e-02
1.167234e-01;7.232352e-02;4.321543e-02;8.494028e-02;4.337443e-02;7.100760e-02;2.078356e-01;1.200621e-01;5.849379e-02;6.363238e-02;9.397748e-02;2.441399e-02
7.600962e-02;5.841150e-02;3.139209e-02;7.474360e-02;3.162328e-02;9.397944e-02;2.658658e-01;1.776578e-01;3.937250e-02;5.866446e-02;7.083355e-02;2.144636e-02
5.196896e-02;6.363525e-02;1.924398e-02;6.082209e-02;2.470175e-02;1.115404e-01;2.820460e-01;2.072788e-01;2.962285e-02;6.149464e-02;6.934159e-02;1.830360e-02
6.033571e-02;4.895667e-02;1.707432e-02;4.579807e-02;1.433569e-02;1.616176e-01;3.362951e-01;1.589848e-01;3.767536e-02;5.462015e-02;5.132489e-02;1.298158e-02
8.822666e-02;3.536006e-02;1.239159e-02;3.238194e-02;1.924930e-02;1.991747e-01;3.288005e-01;1.370312e-01;4.596164e-02;5.386584e-02;4.027952e-02;7.277007e-03
1.253979e-01;2.961684e-02;1.570015e-02;2.676746e-02;3.077545e-02;1.876744e-01;2.513402e-01;1.473427e-01;5.854821e-02;9.249602e-02;2.970433e-02;4.636284e-03
1.271574e-01;1.278577e-02;1.485236e-02;3.079369e-02;2.614623e-02;1.475045e-01;2.532218e-01;1.790224e-01;7.484113e-02;1.032751e-01;2.524408e-02;5.155543e-03
1.065181e-01;2.574395e-02;1.631573e-02;3.410963e-02;3.306032e-02;1.313526e-01;2.751872e-01;1.760875e-01;7.900023e-02;9.055565e-02;2.111050e-02;1.095860e-02
1.093368e-01;2.055033e-02;1.985128e-02;3.610425e-02;4.101113e-02;1.212340e-01;2.890206e-01;1.926867e-01;4.158249e-02;8.309039e-02;3.091161e-02;1.462035e-02
1.138886e-01;6.235932e-02;1.805821e-02;2.758712e-02;3.035047e-02;1.048485e-01;3.056901e-01;1.771403e-01;4.790486e-02;6.296918e-02;3.906087e-02;1.014248e-02
1.198111e-01;1.121099e-01;1.420396e-02;1.666927e-02;1.577892e-02;8.305445e-02;3.598400e-01;1.428759e-01;4.903592e-02;3.302909e-02;4.475367e-02;8.837812e-03
1.729817e-01;1.416071e-01;1.063015e-02;6.770276e-03;1.118853e-02;5.987727e-02;3.345535e-01;1.357417e-01;5.025117e-02;1.238696e-02;5.612873e-02;7.882961e-03
2.271211e-01;1.560117e-01;9.918124e-03;5.007840e-03;7.738583e-03;4.585183e-02;2.755010e-01;1.332240e-01;3.666515e-02;1.151785e-02;8.467618e-02;6.766538e-03
2.461056e-01;1.556444e-01;1.498073e-02;6.446144e-03;1.318913e-02;4.566707e-02;2.527209e-01;1.288009e-01;2.382291e-02;1.089165e-02;9.124531e-02;1.048526e-02
2.750043e-01;1.177144e-01;1.931505e-02;1.424748e-02;1.880087e-02;4.876235e-02;2.835032e-01;8.743624e-02;1.967622e-02;1.563996e-02;8.441400e-02;1.548599e-02
2.697802e-01;5.603660e-02;1.343773e-02;9.790569e-03;1.864526e-02;4.300482e-02;3.841905e-01;1.042279e-01;2.886374e-02;2.515156e-02;2.673702e-02;2.013410e-02
1.801259e-01;4.777813e-02;2.324126e-02;3.212882e-02;3.196783e-02;5.929040e-02;3.229830e-01;1.510255e-01;3.198117e-02;2.364406e-02;7.168143e-02;2.415257e-02
9.867319e-02;3.988774e-02;3.781103e-02;7.289685e-02;6.072662e-02;1.035625e-01;2.489136e-01;1.262010e-01;5.075878e-02;5.383466e-02;6.147581e-02;4.525824e-02
5.813539e-02;5.712289e-02;3.926876e-02;1.088497e-01;7.006732e-02;1.281846e-01;1.842231e-01;7.704227e-02;6.172751e-02;6.312704e-02;1.009969e-01;5.125453e-02
8.987671e-02;7.942663e-02;4.009070e-02;1.298078e-01;5.862173e-02;1.142542e-01;1.652699e-01;6.552488e-02;5.842945e-02;6.615372e-02;1.052553e-01;2.728895e-02
9.159390e-02;6.342635e-02;4.412176e-02;1.136589e-01;5.285352e-02;8.727733e-02;1.355887e-01;1.192584e-01;6.156486e-02;1.208544e-01;7.997020e-02;2.983165e-02
5.407012e-02;4.545146e-02;2.720098e-02;1.052044e-01;4.061062e-02;9.344871e-02;1.427144e-01;1.347087e-01;8.651124e-02;1.463104e-01;8.984894e-02;3.391992e-02
7.669712e-02;4.538814e-02;4.858926e-02;1.301224e-01;6.407510e-02;7.133851e-02;1.594604e-01;1.105849e-01;7.575682e-02;8.801257e-02;9.536406e-02;3.461061e-02
8.863574e-02;4.983149e-02;7.432873e-02;1.547362e-01;9.101915e-02;8.827583e-02;1.345580e-01;9.597376e-02;4.460577e-02;3.219423e-02;1.065502e-01;3.929095e-02
7.478518e-02;5.955781e-02;9.762525e-02;1.731481e-01;8.808531e-02;9.452017e-02;1.110633e-01;9.673744e-02;3.410361e-02;2.340923e-02;1.084892e-01;3.847543e-02
7.770837e-02;8.145736e-02;1.134309e-01;1.593896e-01;3.851714e-02;8.101936e-02;1.114229e-01;8.225241e-02;4.347192e-02;4.585388e-02;1.208833e-01;4.459286e-02
8.793712e-02;8.155368e-02;8.002537e-02;4.831106e-02;8.024321e-02;9.704250e-02;1.444814e-01;9.521840e-02;4.327302e-02;5.934076e-02;1.406870e-01;4.188643e-02
1.194420e-01;6.827311e-02;3.058299e-02;8.296793e-02;5.030600e-02;4.931783e-02;8.508394e-02;1.283900e-01;7.777906e-02;7.115697e-02;1.384117e-01;9.828846e-02
1.169582e-01;9.049795e-02;4.089328e-02;4.970122e-02;3.319063e-02;2.058076e-02;8.525017e-02;1.638748e-01;8.867916e-02;6.434876e-02;1.118825e-01;1.341426e-01
1.130432e-01;1.164626e-01;3.430566e-02;4.306561e-02;2.925424e-02;2.237440e-02;8.557805e-02;1.751328e-01;8.667062e-02;6.311103e-02;1.009394e-01;1.300624e-01
1.238452e-01;1.640913e-01;2.869128e-02;4.468849e-02;2.481414e-02;4.865192e-02;5.540529e-02;1.794798e-01;6.599989e-02;6.337170e-02;8.640457e-02;1.145564e-01
1.425242e-01;1.776935e-01;1.836954e-02;4.506531e-02;3.252833e-02;6.186215e-02;9.641001e-02;1.481440e-01;1.647248e-02;5.828437e-02;1.163837e-01;8.626235e-02
1.663198e-01;1.533453e-01;2.271101e-02;3.013852e-02;3.761048e-02;5.417926e-02;1.430347e-01;8.560006e-02;5.069803e-02;4.448099e-02;1.571669e-01;5.471488e-02
1.589073e-01;1.371509e-01;2.753737e-02;6.355308e-02;4.068935e-02;6.328627e-02;1.365858e-01;9.260896e-02;5.529050e-02;3.452322e-02;1.273275e-01;6.253978e-02
1.854505e-01;1.112161e-01;2.525458e-02;8.246752e-02;3.807744e-02;5.846942e-02;1.443159e-01;8.926702e-02;4.200539e-02;2.462256e-02;1.301708e-01;6.868283e-02
1.940401e-01;9.183112e-02;3.896081e-02;7.639988e-02;3.593241e-02;4.906525e-02;1.710139e-01;8.486811e-02;4.934097e-02;1.799895e-02;1.334320e-01;5.711652e-02
1.425019e-01;1.001359e-01;3.266234e-02;4.465036e-02;3.157647e-02;5.775394e-02;1.901238e-01;7.927006e-02;5.069041e-02;2.487360e-02;1.732979e-01;7.246333e-02
1.546364e-01;7.453405e-02;1.825973e-02;7.444518e-02;3.069231e-02;4.497534e-02;2.260482e-01;8.509038e-02;3.735364e-02;3.692513e-02;1.575946e-01;5.944509e-02
1.186641e-01;8.336707e-02;3.677383e-02;5.721620e-02;4.097958e-02;5.974531e-02;2.782196e-01;9.050129e-02;2.454008e-02;6.128378e-02;8.134966e-02;6.735949e-02
1.344775e-01;9.273095e-02;3.376674e-02;1.995810e-02;3.497781e-02;7.002594e-02;3.417699e-01;4.956225e-02;3.734266e-02;4.919122e-02;1.070558e-01;2.914116e-02
1.010109e-01;7.404244e-02;2.952253e-02;1.665078e-02;3.291771e-02;5.503045e-02;3.674457e-01;1.575909e-01;3.746853e-02;4.097344e-02;6.395964e-02;2.338690e-02
4.965599e-02;4.126323e-02;2.857842e-02;1.959446e-02;1.760110e-02;4.070011e-02;3.967222e-01;2.848024e-01;3.253915e-02;3.520764e-02;1.849807e-02;3.483718e-02
4.015399e-02;6.955372e-02;2.886024e-02;2.434467e-02;1.492786e-02;2.571098e-02;3.428647e-01;3.440788e-01;2.395553e-02;2.735501e-02;2.090888e-02;3.728560e-02
3.986054e-02;1.231392e-01;1.724832e-02;2.791382e-02;1.802298e-02;1.418031e-02;3.004290e-01;3.394791e-01;2.062323e-02;2.020193e-02;5.679830e-02;2.210323e-02
3.684247e-02;1.636017e-01;2.939493e-02;2.690945e-02;2.036511e-02;1.589935e-02;2.977400e-01;2.909944e-01;1.767496e-02;1.775322e-02;7.822780e-02;4.596664e-03
2.238926e-02;1.869337e-01;4.581601e-02;2.387391e-02;2.444660e-02;1.740047e-02;2.891106e-01;2.752397e-01;1.914717e-02;1.547131e-02;6.600337e-02;1.416790e-02
3.520555e-02;1.851718e-01;6.000679e-02;1.876326e-02;2.910494e-02;1.625279e-02;2.626901e-01;2.839452e-01;1.358058e-02;1.332910e-02;5.248723e-02;2.946269e-02
2.660806e-02;1.632418e-01;6.544393e-02;2.192533e-02;3.770176e-02;2.067525e-02;2.686749e-01;3.160400e-01;9.802529e-03;1.072237e-02;3.830334e-02;2.086081e-02
2.526577e-02;1.391415e-01;4.895850e-02;2.145032e-02;5.384139e-02;3.359527e-02;3.175431e-01;3.039111e-01;6.285581e-03;6.385377e-03;3.847001e-02;5.152082e-03
1.265987e-02;1.318651e-01;2.214440e-02;1.493235e-02;6.895559e-02;5.238096e-02;3.484949e-01;2.813325e-01;7.457749e-03;5.834760e-03;4.608011e-02;7.861647e-03
1.631358e-02;1.317241e-01;1.514083e-02;1.788568e-02;6.890898e-02;4.504374e-02;3.636197e-01;2.510540e-01;6.804185e-03;5.232428e-03;6.329907e-02;1.497376e-02
2.157625e-02;1.475226e-01;1.679682e-02;1.352159e-02;3.959045e-02;2.867342e-02;3.989048e-01;2.115542e-01;1.139210e-02;8.064836e-03;9.227093e-02;1.013212e-02
2.413268e-02;1.538028e-01;1.494769e-02;8.549620e-03;1.685641e-02;3.195072e-02;4.278384e-01;1.652456e-01;2.358137e-02;9.642276e-03;1.195687e-01;3.883739e-03
2.473895e-02;1.404450e-01;1.070219e-02;8.320300e-03;2.488530e-02;3.314942e-02;4.312828e-01;1.521821e-01;2.680030e-02;1.200464e-02;1.310125e-01;4.476607e-03
3.451565e-02;1.280822e-01;1.109409e-02;1.180829e-02;2.852198e-02;3.959732e-02;4.297183e-01;1.258137e-01;3.324644e-02;1.284832e-02;1.421909e-01;2.562733e-03
4.380821e-02;1.088028e-01;1.456963e-02;3.142878e-02;2.895284e-02;4.563410e-02;4.180152e-01;1.041629e-01;3.099031e-02;1.995311e-02;1.459016e-01;7.780445e-03
5.077521e-02;8.734723e-02;1.488687e-02;6.999180e-02;2.159666e-02;5.839836e-02;4.035574e-01;9.076790e-02;2.455761e-02;2.702638e-02;1.346288e-01;1.646579e-02
7.624014e-02;7.421274e-02;1.100267e-02;1.071889e-01;1.636373e-02;7.599667e-02;3.687202e-01;8.156133e-02;1.907271e-02;4.948131e-02;1.002096e-01;1.994995e-02
9.757775e-02;5.603437e-02;7.364612e-03;1.254452e-01;1.379133e-02;1.089603e-01;3.218399e-01;7.457370e-02;1.920549e-02;1.016830e-01;5.116470e-02;2.235963e-02
1.342539e-01;3.672614e-02;6.114640e-03;1.001511e-01;1.931587e-02;1.471218e-01;2.739723e-01;7.739130e-02;2.129464e-02;1.463014e-01;1.839901e-02;1.895785e-02
1.671555e-01;3.090520e-02;8.296154e-03;4.963284e-02;2.609709e-02;1.478612e-01;2.308545e-01;8.611429e-02;4.880569e-02;1.539544e-01;2.679117e-02;2.353190e-02
1.742660e-01;2.462395e-02;2.786163e-02;1.880958e-02;2.869441e-02;1.181515e-01;1.931130e-01;7.243317e-02;1.100810e-01;1.341219e-01;5.307186e-02;4.477205e-02
1.295279e-01;1.504543e-02;5.365475e-02;2.916844e-02;4.698133e-02;6.344711e-02;1.434625e-01;7.871079e-02;1.909570e-01;9.481531e-02;7.956198e-02;7.466748e-02
7.174673e-02;3.296846e-02;6.969631e-02;4.478732e-02;5.470508e-02;5.901561e-02;8.912919e-02;1.228006e-01;1.943436e-01;5.672367e-02;1.147173e-01;8.936609e-02
5.604140e-02;4.359416e-02;6.976792e-02;5.470603e-02;5.333003e-02;6.932064e-02;1.252861e-01;1.828276e-01;1.094735e-01;4.408943e-02;1.141716e-01;7.739163e-02
8.753543e-02;6.714714e-02;5.664502e-02;4.033417e-02;5.821401e-02;7.279794e-02;1.801567e-01;1.830264e-01;3.232800e-02;3.989861e-02;1.303324e-01;5.158416e-02
1.097772e-01;8.500893e-02;4.361777e-02;2.840331e-02;5.933622e-02;8.086606e-02;2.145659e-01;1.402334e-01;5.216511e-02;3.263869e-02;1.143864e-01;3.900100e-02
9.287220e-02;8.295156e-02;5.405834e-02;4.096507e-02;6.706653e-02;8.944076e-02;2.114740e-01;1.474462e-01;6.606786e-02;4.210790e-02;8.175612e-02;2.379342e-02
5.435703e-02;7.058990e-02;9.211405e-02;1.019123e-01;5.503563e-02;1.004928e-01;1.112942e-01;1.534984e-01;8.037791e-02;7.554954e-02;7.047033e-02;3.430785e-02
7.148369e-02;7.171541e-02;9.731297e-02;1.005907e-01;3.456357e-02;9.324230e-02;8.871800e-02;1.334759e-01;7.623754e-02;7.590715e-02;1.106164e-01;4.613638e-02
1.425896e-01;7.260848e-02;8.281060e-02;6.626680e-02;4.862114e-02;5.234876e-02;1.036044e-01;1.132528e-01;5.414411e-02;5.706180e-02;1.462216e-01;6.047009e-02
1.610555e-01;8.516624e-02;5.799883e-02;5.590121e-02;3.989540e-02;1.015147e-01;1.422322e-01;5.175304e-02;4.431681e-02;7.003660e-02;1.370727e-01;5.305666e-02
1.178136e-01;9.052913e-02;3.925206e-02;5.335418e-02;4.467785e-02;1.210105e-01;1.593601e-01;1.070956e-01;4.110060e-02;9.726478e-02;9.068725e-02;3.785434e-02
9.234445e-02;8.113255e-02;5.367178e-02;6.504182e-02;4.376917e-02;1.188197e-01;1.546540e-01;1.000846e-01;5.728496e-02;8.938298e-02;1.031204e-01;4.069363e-02
9.222911e-02;1.062236e-01;5.406669e-02;7.278103e-02;6.739486e-02;7.254881e-02;1.919001e-01;1.249606e-01;6.342923e-02;6.447632e-02;7.115172e-02;1.883796e-02
