7.291571e-02;9.121536e-02;7.432994e-02;8.709995e-02;6.968818e-02;8.424872e-02;6.602197e-02;6.849646e-02;7.048752e-02;1.094167e-01;8.600820e-02;1.200712e-01
3.945355e-02;1.048748e-01;6.720639e-02;6.139450e-02;8.376334e-02;1.153058e-01;5.451927e-02;6.851094e-02;4.641212e-02;1.252960e-01;1.316749e-01;1.015884e-01
1.904537e-02;1.268194e-01;5.973741e-02;3.983872e-02;7.138639e-02;1.576192e-01;4.129456e-02;7.795562e-02;2.846233e-02;1.430716e-01;1.730609e-01;6.170848e-02
8.039583e-03;1.132506e-01;9.026344e-02;2.670908e-02;3.389553e-02;1.799311e-01;3.988956e-02;9.819231e-02;5.046595e-02;1.270143e-01;2.035473e-01;2.880113e-02
2.257070e-02;9.108946e-02;8.298235e-02;2.533293e-02;5.245484e-02;2.074691e-01;2.717477e-02;8.540389e-02;5.875034e-02;1.039607e-01;2.099539e-01;3.285697e-02
1.970987e-02;8.297943e-02;6.177349e-02;2.271548e-02;5.447391e-02;2.484822e-01;4.255856e-02;4.850979e-02;7.060502e-02;9.371236e-02;2.405936e-01;1.388630e-02
8.185203e-03;6.604300e-02;6.744415e-02;2.710884e-02;6.288960e-02;2.498410e-01;3.981149e-02;6.703912e-02;8.931883e-02;7.151171e-02;2.207689e-01;3.003813e-02
1.324154e-02;6.654949e-02;7.278509e-02;3.522125e-02;7.819705e-02;1.943861e-01;4.519186e-02;1.109534e-01;1.325681e-01;6.986433e-02;1.412046e-01;3.983732e-02
2.072218e-02;9.629564e-02;8.357645e-02;3.508355e-02;5.792888e-02;1.507515e-01;5.215872e-02;1.098556e-01;1.199726e-01;9.143283e-02;1.201591e-01;6.206298e-02
3.796525e-02;9.032486e-02;7.122827e-02;5.414988e-02;5.072263e-02;1.622958e-01;3.354052e-02;9.400700e-02;1.159660e-01;7.671615e-02;1.420922e-01;7.099153e-02
3.811795e-02;1.089312e-01;7.818790e-02;4.743209e-02;4.711548e-02;1.148421e-01;6.648222e-02;1.154289e-01;8.824556e-02;5.177357e-02;1.890184e-01;5.442470e-02
2.548607e-02;1.168092e-01;1.034978e-01;4.403731e-02;4.847760e-02;9.819826e-02;9.704133e-02;1.257760e-01;6.661084e-02;5.006576e-02;1.718182e-01;5.218162e-02
2.071972e-02;1.307800e-01;1.141365e-01;4.600666e-02;5.027897e-02;8.036470e-02;1.022736e-01;1.468705e-01;8.912509e-02;5.527728e-02;1.162670e-01;4.789988e-02
2.582430e-02;1.253313e-01;9.497983e-02;4.380137e-02;5.572251e-02;1.110089e-01;8.737325e-02;1.705603e-01;9.051803e-02;8.017007e-02;8.429218e-02;3.041788e-02
2.464696e-02;1.035713e-01;7.289361e-02;4.879747e-02;6.520011e-02;1.259196e-01;5.470684e-02;1.880209e-01;8.040708e-02;1.330522e-01;6.695255e-02;3.583136e-02
2.713240e-02;7.432097e-02;5.433932e-02;4.907104e-02;8.432949e-02;1.305760e-01;6.841361e-02;1.463439e-01;7.311458e-02;1.377062e-01;1.123931e-01;4.225943e-02
3.116499e-02;5.711731e-02;6.099312e-02;3.679388e-02;7.656690e-02;1.426463e-01;5.927076e-02;9.947328e-02;6.500015e-02;1.649943e-01;1.833110e-01;2.266799e-02
5.013447e-02;5.340284e-02;7.151831e-02;5.016038e-02;7.594440e-02;1.453369e-01;7.226501e-02;8.065543e-02;6.868480e-02;1.700203e-01;1.375521e-01;2.432499e-02
6.620767e-02;3.345509e-02;1.011185e-01;4.275043e-02;7.453976e-02;2.069454e-01;6.904122e-02;7.679699e-02;8.628313e-02;1.373118e-01;6.460885e-02;4.094116e-02
5.055478e-02;7.957236e-02;1.216381e-01;5.683106e-02;3.743405e-02;2.399685e-01;3.956630e-02;1.039075e-01;7.387765e-02;5.605006e-02;8.464158e-02;5.595799e-02
2.721968e-02;7.629132e-02;1.403808e-01;5.053909e-02;4.120583e-02;2.513365e-01;8.855622e-02;9.757703e-02;4.615648e-02;2.061486e-02;9.053915e-02;6.958304e-02
2.316727e-02;6.300928e-02;1.479614e-01;3.483257e-02;3.300801e-02;2.436430e-01;1.403740e-01;6.670699e-02;3.042260e-02;1.664396e-02;1.079088e-01;9.232208e-02
1.551855e-02;4.067763e-02;1.157378e-01;4.029063e-02;1.275584e-02;2.124619e-01;2.085593e-01;4.908388e-02;2.873433e-02;3.348943e-02;1.026858e-01;1.400048e-01
8.388762e-03;3.164411e-02;5.752493e-02;1.165074e-01;1.801474e-02;1.166576e-01;2.551623e-01;5.696430e-02;3.412059e-02;5.410413e-02;8.068639e-02;1.702248e-01
1.028242e-02;2.601228e-02;8.096524e-02;1.972598e-01;2.453083e-02;1.048900e-01;2.106201e-01;4.185133e-02;2.136514e-02;3.997821e-02;1.168313e-01;1.254134e-01
7.817468e-03;2.051656e-02;7.010242e-02;2.970537e-01;2.021484e-02;1.022816e-01;2.326743e-01;3.664670e-02;1.846838e-02;2.659087e-02;5.169657e-02;1.159367e-01
1.141414e-02;2.161189e-02;3.449933e-02;2.772049e-01;2.442683e-02;6.299254e-02;2.903092e-01;3.895296e-02;1.415752e-02;1.679535e-02;5.986313e-02;1.477722e-01
1.471655e-02;2.179500e-02;1.716745e-02;2.022889e-01;2.375344e-02;3.851089e-02;3.852042e-01;5.105975e-02;1.525852e-02;1.421676e-02;3.083314e-02;1.851954e-01
2.777128e-02;2.511468e-02;1.936409e-02;1.463295e-01;1.665320e-02;3.038847e-02;3.914878e-01;1.075356e-01;1.603273e-02;3.345886e-02;3.308887e-02;1.527749e-01
5.060361e-02;3.814511e-02;3.090079e-02;1.210439e-01;1.715131e-02;3.760414e-02;3.394983e-01;1.813957e-01;1.827156e-02;6.112392e-02;1.706650e-02;8.719523e-02
1.021833e-01;5.911880e-02;3.328491e-02;1.108166e-01;2.530832e-02;5.251978e-02;2.083056e-01;1.963613e-01;2.600744e-02;5.547158e-02;2.932976e-02;1.012926e-01
1.456672e-01;7.705583e-02;4.386326e-02;7.698103e-02;4.008200e-02;4.997842e-02;6.478710e-02;2.714835e-01;2.794484e-02;4.374360e-02;5.760724e-02;1.008060e-01
1.481423e-01;9.585907e-02;6.976412e-02;2.520199e-02;5.904966e-02;5.217211e-02;1.111950e-01;2.559349e-01;2.722195e-02;3.573851e-02;7.268783e-02;4.703260e-02
1.642762e-01;1.458229e-01;7.364393e-02;2.863054e-02;6.710725e-02;4.361666e-02;1.084877e-01;2.133752e-01;2.973350e-02;3.213737e-02;4.702073e-02;4.614791e-02
1.710409e-01;2.040989e-01;1.014566e-01;3.211925e-02;6.645150e-02;4.029374e-02;8.320163e-02;1.721918e-01;4.147037e-02;3.783258e-02;2.479650e-02;2.504629e-02
1.508470e-01;2.166956e-01;1.532819e-01;4.022969e-02;4.412778e-02;4.750210e-02;5.980934e-02;1.375870e-01;4.199123e-02;4.216159e-02;2.627848e-02;3.948834e-02
1.415210e-01;1.960505e-01;1.282822e-01;7.132369e-02;2.595287e-02;4.373299e-02;4.821669e-02;1.477149e-01;4.091137e-02;5.348971e-02;4.220257e-02;6.060131e-02
1.078488e-01;1.337044e-01;9.960049e-02;9.818482e-02;5.197464e-02;5.026114e-02;4.174761e-02;1.818663e-01;5.651845e-02;8.002368e-02;3.852345e-02;5.974616e-02
5.491839e-02;5.814932e-02;1.104404e-01;1.284871e-01;4.889454e-02;5.082051e-02;1.029049e-01;1.710432e-01;7.470632e-02;6.898852e-02;6.937236e-02;6.127451e-02
5.497278e-02;6.254589e-02;7.987770e-02;1.498636e-01;5.601273e-02;3.236649e-02;1.328654e-01;1.314524e-01;7.658482e-02;6.040585e-02;9.086918e-02;7.218314e-02
6.331703e-02;7.985229e-02;8.072148e-02;1.443162e-01;6.847172e-02;6.912074e-02;1.250637e-01;1.268274e-01;7.768424e-02;6.453723e-02;5.700929e-02;4.307868e-02
7.167982e-02;1.088053e-01;1.118447e-01;1.093000e-01;5.731350e-02;7.130846e-02;1.194929e-01;1.234727e-01;6.675764e-02;5.593533e-02;5.338162e-02;5.070793e-02
8.554148e-02;1.003864e-01;1.165664e-01;6.167315e-02;4.320477e-02;6.939055e-02;1.208847e-01;1.186292e-01;6.450282e-02;6.214895e-02;8.739617e-02;6.967543e-02
8.316415e-02;7.786927e-02;1.095872e-01;1.131652e-01;2.706403e-02;6.273920e-02;1.149714e-01;1.397857e-01;7.897902e-02;8.241104e-02;7.912219e-02;3.114154e-02
5.676749e-02;1.034445e-01;1.057333e-01;1.094858e-01;1.966929e-02;5.720542e-02;1.486786e-01;1.434350e-01;7.085453e-02;7.117480e-02;6.967606e-02;4.387512e-02
4.013994e-02;1.515192e-01;1.395649e-01;9.142546e-02;2.478192e-02;9.944528e-02;1.499708e-01;1.102183e-01;5.325483e-02;3.632984e-02;7.506301e-02;2.828646e-02
4.533292e-02;1.699619e-01;1.622189e-01;9.661133e-02;2.621058e-02;1.266735e-01;1.033800e-01;1.177277e-01;5.350603e-02;2.918914e-02;2.892116e-02;4.026689e-02
5.943316e-02;1.554582e-01;1.240946e-01;1.253892e-01;3.425897e-02;7.709020e-02;8.785681e-02;1.227133e-01;5.452779e-02;4.380801e-02;4.499220e-02;7.037760e-02
7.747567e-02;1.154610e-01;7.798422e-02;1.176938e-01;3.161384e-02;9.813582e-02;1.263258e-01;1.336106e-01;4.367127e-02;4.443420e-02;5.665855e-02;7.693522e-02
6.512729e-02;8.941862e-02;1.209990e-01;7.395595e-02;2.152066e-02;1.417093e-01;7.473100e-02;1.245703e-01;5.468253e-02;3.172790e-02;9.757758e-02;1.039799e-01
6.598733e-02;1.089142e-01;1.214356e-01;7.051951e-02;4.318644e-02;1.410972e-01;4.224250e-02;1.380150e-01;8.125194e-02;4.609879e-02;7.897934e-02;6.227206e-02
6.625810e-02;1.037670e-01;9.138104e-02;6.901899e-02;4.599229e-02;7.457405e-02;1.167668e-01;1.403771e-01;1.044340e-01;4.381878e-02;7.752697e-02;6.608488e-02
6.560869e-02;9.484997e-02;9.967042e-02;5.722683e-02;4.850876e-02;8.223551e-02;1.729742e-01;1.172909e-01;9.956003e-02;3.990286e-02;4.787494e-02;7.429688e-02
5.967727e-02;1.070160e-01;1.065193e-01;5.314387e-02;6.198948e-02;1.514371e-01;1.356475e-01;1.141064e-01;9.951919e-02;3.947964e-02;4.502486e-02;2.643934e-02
3.511599e-02;7.353342e-02;1.124824e-01;3.088791e-02;4.677655e-02;1.648181e-01;1.043537e-01;1.402190e-01;1.039818e-01;3.324844e-02;5.812712e-02;9.645568e-02
4.977264e-02;9.916028e-02;8.455339e-02;2.923833e-02;2.235121e-02;1.251416e-01;1.973811e-01;1.249330e-01;7.608245e-02;3.285363e-02;4.495642e-02;1.135760e-01
5.515807e-02;1.095595e-01;1.057265e-01;6.329855e-02;2.337205e-02;7.282328e-02;1.617132e-01;1.173530e-01;7.756805e-02;3.613847e-02;7.303177e-02;1.042576e-01
5.847951e-02;9.601023e-02;9.391039e-02;6.963945e-02;3.457059e-02;6.743324e-02;1.306480e-01;1.425061e-01;1.203743e-01;4.125223e-02;6.711115e-02;7.806487e-02
5.979843e-02;1.112914e-01;9.250277e-02;5.157555e-02;2.414455e-02;1.227129e-01;7.388257e-02;1.498088e-01;1.019868e-01;7.379387e-02;9.630387e-02;4.219850e-02
7.261453e-02;9.439170e-02;7.377378e-02;7.998306e-02;2.084432e-02;1.572906e-01;9.592953e-02;1.240219e-01;6.143896e-02;7.013875e-02;1.080678e-01;4.150512e-02
6.511064e-02;8.021018e-02;6.648967e-02;1.005170e-01;3.625474e-02;1.117658e-01;1.488486e-01;1.048235e-01;8.117402e-02;7.647019e-02;7.375647e-02;5.457915e-02
5.168204e-02;1.042597e-01;7.315035e-02;9.052160e-02;5.526613e-02;1.310557e-01;1.111688e-01;9.393495e-02;9.145308e-02;8.165015e-02;5.697388e-02;5.888360e-02
7.811856e-02;1.388696e-01;1.227425e-01;7.932616e-02;3.117194e-02;1.301691e-01;1.065491e-01;9.820995e-02;6.935094e-02;5.721296e-02;3.889371e-02;4.938553e-02
8.786042e-02;1.080709e-01;8.660860e-02;8.222866e-02;2.833485e-02;8.913217e-02;1.534773e-01;1.079616e-01;5.453089e-02;5.014367e-02;1.807855e-02;1.335725e-01
5.817586e-02;6.744542e-02;8.661517e-02;7.687750e-02;2.061170e-02;5.996776e-02;1.655381e-01;8.681461e-02;5.595455e-02;3.499285e-02;1.026503e-01;1.843561e-01
2.849514e-02;4.907909e-02;1.384532e-01;3.586417e-02;1.926116e-02;1.299572e-01;9.565493e-02;5.485842e-02;6.627300e-02;2.844821e-02;2.242544e-01;1.294010e-01
3.381864e-02;7.491456e-02;1.625464e-01;9.728231e-03;2.750743e-02;1.784973e-01;4.742141e-02;5.194023e-02;5.487429e-02;5.266441e-02;2.546742e-01;5.141282e-02
3.418664e-02;1.485275e-01;1.130338e-01;1.558983e-02;4.191796e-02;1.596414e-01;3.943085e-02;8.827306e-02;3.613988e-02;1.010876e-01;1.793699e-01;4.280165e-02
3.635632e-02;1.850126e-01;3.877429e-02;2.669606e-02;9.126627e-02;1.116189e-01;2.848194e-02;1.114598e-01;4.678111e-02;1.837119e-01;1.021153e-01;3.772555e-02
2.650171e-02;1.678213e-01;3.612617e-02;3.099154e-02;1.117009e-01;8.490496e-02;2.339595e-02;1.135159e-01;6.653053e-02;2.101447e-01;7.584938e-02;5.251687e-02
2.099342e-02;1.358253e-01;4.180471e-02;3.051710e-02;9.335618e-02;1.201459e-01;3.256194e-02;1.153447e-01;6.627981e-02;1.809586e-01;9.783100e-02;6.438134e-02
4.430172e-02;1.235788e-01;1.288343e-01;4.444590e-02;7.198928e-02;1.428900e-01;4.738244e-02;1.336939e-01;6.674688e-02;1.054419e-01;5.269111e-02;3.800369e-02
4.024439e-02;1.236602e-01;1.613606e-01;4.024377e-02;7.415304e-02;1.012155e-01;3.942586e-02;1.125259e-01;7.146845e-02;3.378343e-02;1.061903e-01;9.572849e-02
3.066850e-02;1.395201e-01;1.286974e-01;2.916468e-02;6.263215e-02;9.229960e-02;5.759621e-02;1.415429e-01;6.103397e-02;3.297010e-02;1.333555e-01;9.051880e-02
3.738842e-02;1.294580e-01;1.038462e-01;3.050472e-02;6.658216e-02;9.279101e-02;4.722712e-02;1.535421e-01;6.003822e-02;1.134630e-01;1.120341e-01;5.312507e-02
4.879300e-02;1.018381e-01;9.035985e-02;1.967827e-02;6.243967e-02;9.956157e-02;2.248814e-02;1.332158e-01;6.046075e-02;1.464903e-01;1.764704e-01;3.820415e-02
6.814438e-02;1.054946e-01;1.065143e-01;2.842081e-02;6.629772e-02;6.317652e-02;3.072686e-02;1.186152e-01;5.937114e-02;1.003614e-01;2.224084e-01;3.046866e-02
5.801846e-02;1.177381e-01;1.315005e-01;5.368057e-02;4.875647e-02;1.014656e-01;5.746136e-02;7.456242e-02;5.245823e-02;5.955348e-02;1.597425e-01;8.506236e-02
5.222943e-02;8.371677e-02;1.188857e-01;2.244389e-02;1.566829e-02;1.449182e-01;1.261057e-01;8.676407e-02;6.751277e-02;5.145255e-02;1.378586e-01;9.244405e-02
4.113368e-02;8.542605e-02;8.834403e-02;2.679620e-02;3.732986e-02;1.450979e-01;1.360906e-01;9.318243e-02;5.766750e-02;4.032501e-02;1.653983e-01;8.320847e-02
1.825509e-02;9.519304e-02;5.194078e-02;3.261692e-02;6.840667e-02;1.325338e-01;1.193548e-01;1.130821e-01;4.851168e-02;8.575209e-02;1.730253e-01;6.132770e-02
1.555132e-02;1.292352e-01;2.216588e-02;3.455074e-02;9.313074e-02;1.070143e-01;8.955282e-02;1.344588e-01;2.758633e-02;1.348807e-01;1.753789e-01;3.649415e-02
1.566678e-02;1.474592e-01;4.747238e-02;2.645553e-02;9.251517e-02;1.119184e-01;7.362543e-02;1.139798e-01;3.714121e-02;1.882792e-01;1.270254e-01;1.846155e-02
3.043975e-02;1.484817e-01;5.204447e-02;3.630852e-02;1.023320e-01;1.107030e-01;4.589417e-02;1.053018e-01;5.200021e-02;2.382645e-01;4.744947e-02;3.078041e-02
3.426602e-02;1.154281e-01;5.436110e-02;5.097790e-02;9.027462e-02;1.108935e-01;2.400222e-02;1.245903e-01;6.853008e-02;2.191519e-01;6.850349e-02;3.902067e-02
3.564350e-02;9.017071e-02;5.030928e-02;5.445667e-02;7.388148e-02;1.599896e-01;3.678862e-02;1.357675e-01;7.075560e-02;1.848289e-01;6.427776e-02;4.313040e-02
2.985316e-02;4.674224e-02;4.329465e-02;3.635872e-02;6.920227e-02;2.090941e-01;1.136882e-01;1.197043e-01;7.794269e-02;1.295302e-01;7.860023e-02;4.598924e-02
2.217647e-02;6.701250e-02;3.058322e-02;2.710466e-02;7.813728e-02;1.714201e-01;1.129139e-01;1.225055e-01;7.916455e-02;1.540640e-01;9.210149e-02;4.281625e-02
2.109685e-02;9.393509e-02;1.953651e-02;3.339991e-02;1.314337e-01;9.883063e-02;6.004309e-02;1.144113e-01;9.073342e-02;2.244930e-01;7.309584e-02;3.899071e-02
3.418812e-02;1.097144e-01;2.576223e-02;3.561974e-02;1.445116e-01;9.031116e-02;2.228069e-02;9.439258e-02;7.684470e-02;2.549700e-01;8.211209e-02;2.929263e-02
3.060237e-02;1.185562e-01;2.048014e-02;2.210679e-02;1.314410e-01;9.126379e-02;3.282065e-02;9.654842e-02;8.319821e-02;2.812222e-01;6.793872e-02;2.382147e-02
2.231060e-02;1.312420e-01;3.701222e-02;2.654004e-02;1.169607e-01;7.706387e-02;2.242311e-02;8.383519e-02;9.113253e-02;2.577455e-01;1.018682e-01;3.186611e-02
1.749374e-02;1.020052e-01;5.183320e-02;2.490633e-02;6.669820e-02;1.496195e-01;3.262050e-02;9.677173e-02;8.866418e-02;1.299781e-01;2.025802e-01;3.682924e-02
2.865995e-02;7.119929e-02;7.010356e-02;2.038360e-02;4.756354e-02;1.779746e-01;6.826295e-02;1.156445e-01;1.095913e-01;7.136752e-02;1.777064e-01;4.154276e-02
2.849193e-02;8.280780e-02;7.910241e-02;2.936735e-02;5.961372e-02;1.174845e-01;8.269734e-02;1.131659e-01;1.252456e-01;1.282127e-01;1.071513e-01;4.665932e-02
1.894143e-02;8.515472e-02;7.091730e-02;4.918956e-02;1.069166e-01;5.997832e-02;7.201903e-02;1.280628e-01;1.130142e-01;1.799385e-01;7.761132e-02;3.825615e-02
3.175441e-02;9.707272e-02;7.577142e-02;4.270558e-02;1.366249e-01;8.978813e-02;3.424625e-02;1.228056e-01;1.043026e-01;1.996498e-01;3.977360e-02;2.550498e-02
2.647458e-02;8.744729e-02;7.409768e-02;3.218436e-02;1.396241e-01;1.463102e-01;5.373998e-02;9.834884e-02;8.251012e-02;1.803453e-01;3.097318e-02;4.794442e-02
1.849435e-02;4.065640e-02;5.669533e-02;4.689724e-02;1.315167e-01;2.127672e-01;4.521062e-02;7.137543e-02;7.367717e-02;1.213744e-01;1.204214e-01;6.091378e-02
2.815921e-02;5.508359e-02;5.948040e-02;4.322992e-02;9.749212e-02;1.744252e-01;3.901084e-02;9.286609e-02;8.638747e-02;1.344289e-01;1.166616e-01;7.277460e-02
3.910466e-02;1.278209e-01;7.079345e-02;3.159348e-02;6.288998e-02;1.246600e-01;3.650103e-02;8.445680e-02;8.663943e-02;2.057522e-01;8.535177e-02;4.443623e-02
3.732125e-02;1.513793e-01;6.558289e-02;3.804629e-02;4.397986e-02;1.070089e-01;3.404914e-02;6.018817e-02;5.722716e-02;2.226045e-01;1.488595e-01;3.375293e-02
3.021883e-02;1.341155e-01;6.155248e-02;3.838055e-02;5.844363e-02;1.250742e-01;3.729253e-02;5.368823e-02;4.196616e-02;2.252500e-01;1.535408e-01;4.047711e-02
2.334566e-02;1.030799e-01;7.408594e-02;4.044892e-02;7.573543e-02;1.445211e-01;4.723757e-02;6.764346e-02;6.327621e-02;1.814373e-01;1.247507e-01;5.443786e-02
2.524890e-02;8.975274e-02;6.928115e-02;3.936643e-02;8.200420e-02;1.524593e-01;2.401198e-02;1.062965e-01;8.678337e-02;1.075544e-01;1.672128e-01;5.002830e-02
3.424185e-02;1.147848e-01;7.168704e-02;4.016624e-02;9.264249e-02;1.010488e-01;2.773274e-02;1.355070e-01;1.143889e-01;9.467206e-02;1.503920e-01;2.273613e-02
4.757024e-02;1.117880e-01;8.583508e-02;4.963182e-02;9.981696e-02;8.675425e-02;4.855850e-02;1.582941e-01;1.474113e-01;7.273024e-02;5.930067e-02;3.230883e-02
3.653315e-02;8.213773e-02;7.236826e-02;4.258090e-02;7.316332e-02;1.561843e-01;4.048800e-02;1.115828e-01;9.279740e-02;1.509769e-01;1.031873e-01;3.799987e-02
2.517733e-02;8.020580e-02;7.433323e-02;2.041308e-02;5.256376e-02;1.536870e-01;5.605051e-02;8.256468e-02;8.733254e-02;2.031785e-01;1.286400e-01;3.585352e-02
2.697603e-02;8.882416e-02;7.281753e-02;3.747837e-02;4.034250e-02;1.416608e-01;6.020530e-02;1.185075e-01;1.166415e-01;1.659817e-01;9.974495e-02;3.081969e-02
2.654476e-02;1.231441e-01;1.167760e-01;3.272062e-02;3.664356e-02;1.538767e-01;5.531719e-02;1.049879e-01;9.622242e-02;1.521674e-01;5.723315e-02;4.436627e-02
3.790639e-02;1.689106e-01;1.538704e-01;1.690678e-02;4.115437e-02;1.303482e-01;5.455997e-02;7.939056e-02;6.744482e-02;1.236693e-01;6.783001e-02;5.800856e-02
4.229867e-02;1.658497e-01;1.141072e-01;3.153199e-02;4.405373e-02;1.291600e-01;9.530979e-02;9.336149e-02;4.378781e-02;1.087567e-01;6.012136e-02;7.166161e-02
4.138464e-02;1.419191e-01;6.272162e-02;4.335409e-02;5.296168e-02;1.066791e-01;1.383520e-01;8.186182e-02;4.391754e-02;1.130840e-01;8.878592e-02;8.497857e-02
4.018221e-02;1.081504e-01;6.647539e-02;4.346470e-02;5.540531e-02;4.557777e-02;1.239207e-01;1.160824e-01;7.082507e-02;1.443667e-01;8.905143e-02;9.649792e-02
3.892783e-02;1.240633e-01;7.626572e-02;3.116127e-02;4.305837e-02;9.973014e-02;1.029276e-01;1.552525e-01;8.589928e-02;1.036915e-01;7.199777e-02;6.702478e-02
5.023334e-02;9.822579e-02;6.982484e-02;3.687284e-02;4.443675e-02;1.064900e-01;1.789459e-01;1.197075e-01;9.163403e-02;8.795948e-02;5.157979e-02;6.408972e-02
6.184372e-02;1.071851e-01;8.878368e-02;4.531710e-02;5.000725e-02;8.713704e-02;1.789901e-01;1.024085e-01;7.215153e-02;7.557478e-02;5.220501e-02;7.839622e-02
8.327181e-02;1.056969e-01;7.253507e-02;3.973849e-02;4.946284e-02;9.411807e-02;1.524393e-01;1.429124e-01;7.147696e-02;6.103144e-02;4.428732e-02;8.302937e-02
1.396262e-01;1.273784e-01;5.806995e-02;3.170415e-02;5.048920e-02;1.063490e-01;1.013394e-01;1.825782e-01;8.078096e-02;5.738587e-02;1.730375e-02;4.699484e-02
1.630335e-01;1.401076e-01;6.508809e-02;3.147180e-02;6.204043e-02;7.593784e-02;6.345589e-02;1.928174e-01;7.174078e-02;4.429667e-02;2.567741e-02;6.433254e-02
1.390140e-01;1.627245e-01;1.357644e-01;2.943220e-02;6.556065e-02;5.743113e-02;5.845397e-02;1.577596e-01;4.561249e-02;4.514528e-02;5.733057e-02;4.577114e-02
1.295429e-01;2.527705e-01;1.596673e-01;2.213025e-02;6.205070e-02;6.271875e-02;4.404124e-02;1.228421e-01;3.412168e-02;4.138656e-02;5.245696e-02;1.627113e-02
1.226560e-01;2.857854e-01;1.481070e-01;1.416023e-02;7.517489e-02;6.600751e-02;3.182760e-02;1.174930e-01;3.630305e-02;4.638633e-02;3.706899e-02;1.903007e-02
1.165337e-01;3.108019e-01;1.555391e-01;1.264256e-02;8.236992e-02;6.112612e-02;2.250390e-02;1.035548e-01;3.669985e-02;4.770439e-02;2.805010e-02;2.247365e-02
1.251411e-01;3.329880e-01;1.523841e-01;1.348951e-02;8.848023e-02;4.448511e-02;2.817228e-02;7.179153e-02;4.357661e-02;3.667404e-02;3.922375e-02;2.359368e-02
1.324874e-01;3.339276e-01;1.645278e-01;1.378243e-02;9.067950e-02;3.850920e-02;3.922587e-02;4.352864e-02;4.778594e-02;3.204436e-02;4.326102e-02;2.024014e-02
1.250869e-01;3.058977e-01;1.858474e-01;1.368744e-02;9.505643e-02;4.719374e-02;4.875509e-02;7.264941e-02;3.642916e-02;2.799055e-02;2.811436e-02;1.329195e-02
1.422593e-01;2.548370e-01;1.634639e-01;1.426549e-02;1.093778e-01;6.393564e-02;4.449568e-02;8.926187e-02;3.315716e-02;3.937162e-02;3.357406e-02;1.200046e-02
1.518693e-01;2.179862e-01;1.262033e-01;2.198864e-02;9.263325e-02;6.145729e-02;4.983396e-02;1.374153e-01;3.364432e-02;5.147308e-02;3.480132e-02;2.069411e-02
1.188290e-01;1.557731e-01;9.607665e-02;3.504867e-02;8.256409e-02;4.686385e-02;8.426443e-02;2.231860e-01;4.975680e-02;5.606206e-02;1.700609e-02;3.456923e-02
1.390322e-01;8.844445e-02;4.506602e-02;3.509821e-02;8.955856e-02;2.278199e-02;7.784606e-02;3.316349e-01;5.704862e-02;5.056752e-02;3.607989e-02;2.684161e-02
1.628127e-01;5.356142e-02;3.299167e-02;2.060844e-02;7.476546e-02;2.336414e-02;7.471985e-02;3.661315e-01;4.781042e-02;4.203724e-02;6.612115e-02;3.507598e-02
1.574347e-01;5.386885e-02;5.607205e-02;3.049386e-02;4.398629e-02;3.012557e-02;1.405395e-01;3.021050e-01;3.777767e-02;3.758602e-02;6.286459e-02;4.714586e-02
1.080748e-01;5.656500e-02;9.807415e-02;3.268154e-02;2.558061e-02;5.372730e-02;2.110814e-01;2.209149e-01;5.408971e-02;3.833405e-02;3.296444e-02;6.791215e-02
5.331773e-02;6.147988e-02;9.550744e-02;3.136570e-02;3.333711e-02;8.233382e-02;2.390265e-01;1.801362e-01;5.930491e-02;5.745755e-02;1.259138e-02;9.414178e-02
6.789853e-02;6.983300e-02;5.495058e-02;3.126558e-02;4.110651e-02;1.128898e-01;2.083367e-01;1.655848e-01;5.419852e-02;8.323446e-02;1.391343e-02;9.678806e-02
6.881910e-02;7.728875e-02;4.514371e-02;2.584559e-02;3.232043e-02;1.106333e-01;1.849217e-01;1.662278e-01;5.915330e-02;1.185147e-01;1.586134e-02;9.527019e-02
7.731918e-02;8.017997e-02;3.893840e-02;1.685240e-02;2.019289e-02;7.431446e-02;1.953356e-01;1.694845e-01;5.759537e-02;1.459527e-01;1.593249e-02;1.079021e-01
5.867470e-02;1.127247e-01;5.521205e-02;2.963688e-02;2.569043e-02;5.433410e-02;2.004638e-01;1.423580e-01;4.657735e-02;1.440279e-01;1.671855e-02;1.135816e-01
7.268437e-02;1.409299e-01;6.807930e-02;3.637270e-02;2.974857e-02;5.463254e-02;2.219572e-01;1.143712e-01;3.541396e-02;9.301767e-02;1.967646e-02;1.131160e-01
8.654404e-02;1.529723e-01;4.380305e-02;2.779169e-02;4.023097e-02;6.992774e-02;2.642689e-01;1.071869e-01;4.378757e-02;4.214167e-02;1.549055e-02;1.058546e-01
9.100665e-02;1.317671e-01;3.732201e-02;2.245020e-02;4.868879e-02;4.776857e-02;2.533979e-01;1.455123e-01;5.934330e-02;4.142504e-02;1.693497e-02;1.043832e-01
8.836998e-02;8.624826e-02;4.916557e-02;1.649345e-02;5.899657e-02;5.975680e-02;2.159295e-01;2.172392e-01;4.933949e-02;3.665354e-02;2.032282e-02;1.014848e-01
6.987844e-02;2.995655e-02;5.407533e-02;2.709611e-02;8.003081e-02;8.067963e-02;1.934945e-01;2.243290e-01;6.216854e-02;5.185246e-02;2.460851e-02;1.018302e-01
3.778358e-02;5.442701e-02;6.860727e-02;1.792718e-02;8.680798e-02;1.026749e-01;2.395981e-01;1.154122e-01;9.074111e-02;5.720632e-02;5.747322e-02;7.134119e-02
3.670806e-02;4.004567e-02;7.329845e-02;2.348906e-02;5.774749e-02;1.505258e-01;2.477789e-01;5.981999e-02;8.210494e-02;5.964860e-02;1.127978e-01;5.603522e-02
3.376716e-02;3.935407e-02;6.884823e-02;4.738782e-02;4.039491e-02;2.200656e-01;2.012959e-01;5.688800e-02;5.427158e-02;5.356927e-02;1.468610e-01;3.729650e-02
2.957176e-02;3.600220e-02;7.275882e-02;5.776960e-02;3.105462e-02;2.880603e-01;1.331215e-01;5.498572e-02;3.536731e-02;2.989160e-02;2.089763e-01;2.244026e-02
3.299059e-02;3.569930e-02;8.343288e-02;3.399365e-02;2.590775e-02;2.852796e-01;7.239008e-02;4.898839e-02;3.073162e-02;3.824548e-02;2.878272e-01;2.451349e-02
3.554052e-02;7.659643e-02;9.413081e-02;2.895457e-02;3.428454e-02;2.376896e-01;4.499904e-02;5.515578e-02;2.920256e-02;3.339934e-02;3.089680e-01;2.107880e-02
2.140103e-02;1.179757e-01;9.469198e-02;4.418772e-02;4.609365e-02;1.880475e-01;5.306923e-02;6.452784e-02;3.273409e-02;6.272472e-02;2.547177e-01;1.982887e-02
2.229608e-02;1.429455e-01;8.082296e-02;3.761197e-02;4.395821e-02;1.883243e-01;4.323908e-02;6.762571e-02;3.147419e-02;7.959373e-02;2.426616e-01;1.944670e-02
3.789149e-02;1.192769e-01;8.371133e-02;2.791535e-02;4.082338e-02;2.247681e-01;3.414920e-02;6.006519e-02;3.263029e-02;5.924146e-02;2.571532e-01;2.237416e-02
4.220895e-02;9.405210e-02;1.139549e-01;2.524259e-02;3.084097e-02;2.478444e-01;2.695453e-02;4.319933e-02;3.272457e-02;4.906795e-02;2.710367e-01;2.287307e-02
4.881490e-02;6.239368e-02;1.306288e-01;1.319789e-02;3.731811e-02;2.558192e-01;3.772570e-02;2.402119e-02;4.233155e-02;8.940883e-02;2.311665e-01;2.717365e-02
3.586106e-02;3.890366e-02;1.320229e-01;1.821548e-02;7.402407e-02;2.601905e-01;4.343369e-02;3.478933e-02;4.266351e-02;1.172530e-01;1.831556e-01;1.948717e-02
2.125409e-02;3.855482e-02;1.223077e-01;4.945410e-02;1.026947e-01;2.274346e-01;3.328025e-02;5.832295e-02;5.617893e-02;1.030204e-01;1.643306e-01;2.316686e-02
3.162427e-02;3.590692e-02;1.107779e-01;6.090964e-02;8.866511e-02;1.711617e-01;4.162695e-02;9.464231e-02;8.360075e-02;8.605921e-02;1.760479e-01;1.897736e-02
4.481420e-02;3.752077e-02;9.113289e-02;4.727257e-02;4.072767e-02;1.438277e-01;2.444873e-02;1.116828e-01;9.990410e-02;8.923169e-02;2.382835e-01;3.115339e-02
3.002536e-02;6.359952e-02;7.853031e-02;2.859629e-02;4.731105e-02;1.469427e-01;4.132392e-02;7.611657e-02;1.122786e-01;7.181247e-02;2.619232e-01;4.154002e-02
5.027181e-02;6.634489e-02;9.099097e-02;2.186958e-02;4.045912e-02;1.708206e-01;5.076528e-02;5.977821e-02;1.170352e-01;6.014846e-02;2.362031e-01;3.531281e-02
5.444842e-02;4.090878e-02;7.383558e-02;3.313289e-02;4.028388e-02;1.892290e-01;7.999731e-02;7.279735e-02;9.220057e-02;7.814693e-02;2.096221e-01;3.539711e-02
5.210398e-02;3.516573e-02;1.044120e-01;2.106639e-02;3.978110e-02;2.354843e-01;6.278038e-02;4.907531e-02;7.052870e-02;7.665679e-02;2.221144e-01;3.083098e-02
4.514579e-02;2.897524e-02;1.073615e-01;1.552313e-02;3.751972e-02;2.868814e-01;1.893708e-02;3.769058e-02;6.744257e-02;7.779238e-02;2.465196e-01;3.021108e-02
3.577064e-02;2.725681e-02;9.217060e-02;1.361378e-02;3.063299e-02;2.927476e-01;7.367894e-02;3.916523e-02;6.500334e-02;5.496853e-02;2.395328e-01;3.545876e-02
3.819076e-02;4.389229e-02;9.467683e-02;1.469815e-02;3.895460e-02;3.068853e-01;7.679289e-02;4.262703e-02;6.824797e-02;4.400157e-02;2.050525e-01;2.598011e-02
3.557647e-02;5.868083e-02;1.121207e-01;1.903449e-02;3.552641e-02;3.183045e-01;7.475118e-02;4.055466e-02;8.355901e-02;4.857804e-02;1.550078e-01;1.830582e-02
4.154143e-02;5.690624e-02;1.181318e-01;2.590022e-02;2.149560e-02;3.042361e-01;7.635887e-02;7.574875e-02;1.118086e-01;5.188019e-02;9.330396e-02;2.268815e-02
6.123893e-02;5.494699e-02;1.012971e-01;2.927351e-02;5.391693e-02;2.679237e-01;6.039986e-02;8.957789e-02;1.047628e-01;5.061576e-02;9.414488e-02;3.190155e-02
6.144603e-02;4.805611e-02;6.506916e-02;2.876412e-02;6.282607e-02;2.109575e-01;3.393882e-02;1.108957e-01;1.224196e-01;5.801925e-02;1.631059e-01;3.450174e-02
5.913365e-02;5.813143e-02;6.073490e-02;2.187614e-02;3.555800e-02;1.595155e-01;3.094164e-02;1.220271e-01;1.367889e-01;8.106404e-02;2.023416e-01;3.188709e-02
6.760915e-02;6.422733e-02;7.672673e-02;1.797922e-02;3.422420e-02;1.263785e-01;5.341073e-02;1.056114e-01;1.384765e-01;9.832025e-02;1.820201e-01;3.501591e-02
6.110194e-02;8.049023e-02;8.507654e-02;3.428985e-02;3.767180e-02;1.559245e-01;6.755951e-02;1.068668e-01;1.591642e-01;8.765294e-02;9.823184e-02;2.596980e-02
4.982129e-02;8.230565e-02;1.102939e-01;3.523113e-02;2.583881e-02;1.521773e-01;4.228346e-02;1.438200e-01;1.469119e-01;7.216268e-02;1.102481e-01;2.890579e-02
4.271097e-02;9.339038e-02;1.343151e-01;2.754508e-02;1.979595e-02;1.327020e-01;7.817392e-02;1.194447e-01;1.114477e-01;7.645724e-02;1.347108e-01;2.930623e-02
4.561723e-02;9.977606e-02;1.223490e-01;2.561248e-02;3.640596e-02;1.579552e-01;1.281743e-01;9.089243e-02;8.886638e-02;8.123650e-02;1.054596e-01;1.765489e-02
6.443005e-02;7.613584e-02;9.735116e-02;1.905420e-02;1.787105e-02;2.176754e-01;1.082750e-01;7.230572e-02;1.014636e-01;6.993894e-02;1.262312e-01;2.926785e-02
5.770870e-02;3.022280e-02;9.902931e-02;1.254868e-02;2.089790e-02;2.942994e-01;8.705825e-02;4.014171e-02;8.163209e-02;5.305141e-02;1.897389e-01;3.367084e-02
4.342883e-02;2.076979e-02;1.186443e-01;1.391212e-02;3.236433e-02;3.213324e-01;9.799996e-02;3.069091e-02;6.317850e-02;3.991185e-02;1.768064e-01;4.096056e-02
3.083497e-02;1.619826e-02;1.289435e-01;1.024315e-02;2.738517e-02;3.731605e-01;8.661355e-02;2.951113e-02;6.257469e-02;3.698663e-02;1.611183e-01;3.643008e-02
3.818263e-02;1.667805e-02;1.396148e-01;8.415581e-03;1.236001e-02;4.094680e-01;6.868054e-02;3.070977e-02;6.093481e-02;4.390014e-02;1.481675e-01;2.288818e-02
4.305320e-02;2.098278e-02;1.245526e-01;1.331609e-02;3.564468e-02;3.856745e-01;7.603998e-02;3.359397e-02;6.280014e-02;4.588303e-02;1.379986e-01;2.046045e-02
4.081019e-02;5.577939e-02;1.319051e-01;1.562532e-02;5.141051e-02;3.180199e-01;6.162863e-02;4.294524e-02;7.739823e-02;4.726115e-02;1.305358e-01;2.668056e-02
3.543446e-02;8.533035e-02;1.271749e-01;3.517091e-02;5.206410e-02;1.837990e-01;9.077872e-02;9.260331e-02;1.063583e-01;5.383315e-02;1.041296e-01;3.332321e-02
3.345747e-02;1.256359e-01;1.071181e-01;4.772582e-02;2.748472e-02;1.160270e-01;7.462244e-02;1.357244e-01;1.200211e-01;7.433695e-02;8.395030e-02;5.389573e-02
4.553130e-02;7.200837e-02;7.025941e-02;3.821700e-02;5.499937e-02;2.478450e-01;4.138343e-02;1.006106e-01;1.117792e-01;7.590061e-02;8.149675e-02;5.996897e-02
4.596954e-02;5.559351e-02;5.270594e-02;3.311076e-02;5.687022e-02;2.584738e-01;8.196118e-02;8.553729e-02;1.054941e-01;9.019510e-02;9.494206e-02;3.914646e-02
3.676217e-02;5.512910e-02;3.691520e-02;3.850573e-02;9.235679e-02;2.194516e-01;8.234520e-02;8.707494e-02;1.109482e-01;1.149017e-01;9.636986e-02;2.923948e-02
2.901028e-02;5.377972e-02;4.067111e-02;4.119426e-02;1.140851e-01;1.469866e-01;5.300457e-02;1.222924e-01;1.480758e-01;1.452907e-01;7.947715e-02;2.613230e-02
3.151586e-02;6.990375e-02;5.553966e-02;3.118376e-02;8.821718e-02;1.881579e-01;3.211005e-02;1.358634e-01;1.587685e-01;1.220723e-01;6.097604e-02;2.569158e-02
1.786691e-02;9.567817e-02;3.229612e-02;2.011733e-02;4.896685e-02;1.846899e-01;5.746019e-02;1.488714e-01;1.719994e-01;1.274382e-01;7.172585e-02;2.288967e-02
3.228315e-02;1.018488e-01;2.119208e-02;3.035606e-02;7.622493e-02;9.912466e-02;5.085798e-02;1.542388e-01;1.948838e-01;1.867147e-01;3.646108e-02;1.581393e-02
5.564741e-02;8.792270e-02;3.559746e-02;5.208907e-02;9.368213e-02;2.420495e-02;4.061639e-02;1.540214e-01;2.162702e-01;1.762717e-01;4.926111e-02;1.441547e-02
7.175335e-02;6.165798e-02;4.541278e-02;7.609475e-02;8.771171e-02;5.197706e-02;7.623022e-02;1.492385e-01;2.286945e-01;1.017900e-01;4.211615e-02;7.322974e-03
6.976360e-02;4.218297e-02;6.590720e-02;9.058267e-02;7.262459e-02;9.234563e-02;5.960993e-02;1.815777e-01;2.251213e-01;5.560007e-02;2.560049e-02;1.908393e-02
4.383575e-02;2.364160e-02;7.450148e-02;7.182474e-02;4.896038e-02;1.231127e-01;2.943840e-02;2.707672e-01;2.018782e-01;3.609833e-02;4.182795e-02;3.411320e-02
2.109365e-02;2.425650e-02;1.008386e-01;2.185545e-02;2.490475e-02;1.510182e-01;2.792251e-02;3.669024e-01;1.549873e-01;1.228468e-02;2.928719e-02;6.464887e-02
1.374757e-02;6.786443e-02;1.147049e-01;3.540976e-02;2.220673e-02;1.171993e-01;4.386082e-02;3.201746e-01;1.330417e-01;3.518910e-02;4.309426e-02;5.350678e-02
1.100872e-02;1.103309e-01;9.757482e-02;3.741505e-02;4.389933e-02;1.662695e-01;6.838207e-02;2.488374e-01;8.822414e-02;4.508567e-02;5.466938e-02;2.830292e-02
1.467082e-02;1.468885e-01;5.324462e-02;1.864068e-02;2.865338e-02;2.199371e-01;1.043327e-01;2.358980e-01;6.209049e-02;5.144872e-02;5.096998e-02;1.322505e-02
2.402453e-02;1.461989e-01;3.356893e-02;9.910841e-03;1.403550e-02;2.387759e-01;9.891459e-02;2.503710e-01;7.494889e-02;5.743474e-02;3.769736e-02;1.411883e-02
3.520625e-02;1.315784e-01;4.943556e-02;9.448251e-03;1.613934e-02;3.037145e-01;7.508539e-02;2.157529e-01;4.246861e-02;7.271682e-02;3.456054e-02;1.389351e-02
6.162415e-02;9.508996e-02;3.602188e-02;2.224502e-02;1.525475e-02;3.359167e-01;4.691955e-02;1.791842e-01;5.786962e-02;1.245134e-01;1.904874e-02;6.312020e-03
7.844710e-02;7.518865e-02;4.008567e-02;2.776498e-02;2.121674e-02;3.088568e-01;5.169533e-02;1.551026e-01;7.909498e-02;1.397858e-01;9.824459e-03;1.293690e-02
8.175205e-02;5.670658e-02;2.671870e-02;2.495069e-02;2.129973e-02;3.184356e-01;4.419212e-02;1.736070e-01;9.505626e-02;1.008082e-01;3.715462e-02;1.931845e-02
7.067568e-02;5.456767e-02;1.341209e-02;1.565798e-02;1.575599e-02;3.333105e-01;4.300859e-02;2.303321e-01;1.052417e-01;6.584948e-02;4.360158e-02;8.586708e-03
6.649483e-02;4.774373e-02;2.092670e-02;1.169399e-02;1.989565e-02;3.382251e-01;6.413618e-02;2.052000e-01;8.695770e-02;8.996297e-02;3.951637e-02;9.246781e-03
6.688644e-02;4.480567e-02;1.914958e-02;1.221034e-02;1.428481e-02;3.594791e-01;7.457534e-02;1.468635e-01;1.030202e-01;1.100349e-01;3.245204e-02;1.623810e-02
6.590942e-02;8.258480e-02;3.424013e-02;1.303819e-02;1.613158e-02;3.708560e-01;5.629062e-02;1.241389e-01;5.696034e-02;1.309528e-01;2.528538e-02;2.361184e-02
6.740084e-02;8.806208e-02;2.235267e-02;1.310465e-02;2.224687e-02;3.874851e-01;5.104654e-02;1.278391e-01;5.173740e-02;1.291956e-01;2.104961e-02;1.847956e-02
6.062965e-02;1.043563e-01;2.511292e-02;1.106898e-02;2.872774e-02;4.081745e-01;4.838623e-02;1.219706e-01;6.236356e-02;1.069004e-01;1.323243e-02;9.076695e-03
5.149612e-02;8.353091e-02;2.648543e-02;1.100416e-02;2.915294e-02;4.604387e-01;3.984622e-02;9.913483e-02;7.817237e-02;8.566032e-02;1.574798e-02;1.933003e-02
3.710771e-02;5.356172e-02;2.351264e-02;8.183483e-03;2.350425e-02;5.094920e-01;3.024285e-02;1.644421e-01;5.811057e-02;5.682292e-02;2.310833e-02;1.191140e-02
2.547809e-02;5.060237e-02;3.344779e-02;1.569554e-02;2.726293e-02;5.313947e-01;1.586941e-02;1.262943e-01;8.370423e-02;5.029261e-02;3.236238e-02;7.595661e-03
2.594505e-02;4.110478e-02;3.617273e-02;2.397493e-02;2.825358e-02;5.112987e-01;2.344475e-02;1.359935e-01;8.940411e-02;4.733110e-02;2.827625e-02;8.800644e-03
3.153443e-02;5.839077e-02;3.300727e-02;2.088217e-02;2.705332e-02;5.660830e-01;2.016843e-02;8.104675e-02;8.198783e-02;4.555631e-02;2.262144e-02;1.166823e-02
2.304784e-02;7.693139e-02;2.719874e-02;1.281016e-02;1.955823e-02;4.947614e-01;1.346113e-02;1.829793e-01;9.098522e-02;2.115291e-02;2.623482e-02;1.087883e-02
1.731149e-02;8.435926e-02;2.693692e-02;7.124079e-03;1.932448e-02;5.228697e-01;2.325343e-02;1.793034e-01;5.240136e-02;2.091070e-02;3.377970e-02;1.242542e-02
1.604077e-02;8.204903e-02;4.065681e-02;1.017067e-02;1.825562e-02;4.058526e-01;2.888644e-02;2.387301e-01;8.942406e-02;2.839690e-02;3.239885e-02;9.138055e-03
2.404916e-02;1.102478e-01;6.129524e-02;1.760061e-02;2.438460e-02;3.287365e-01;4.094885e-02;2.200661e-01;8.194041e-02;4.657286e-02;3.411848e-02;1.003934e-02
2.783279e-02;9.193401e-02;6.202911e-02;1.345268e-02;2.821472e-02;2.957043e-01;3.065760e-02;2.502388e-01;1.076052e-01;5.696640e-02;2.759211e-02;7.772188e-03
2.589657e-02;2.910815e-02;6.009168e-02;1.257803e-02;2.419047e-02;3.377641e-01;3.220112e-02;2.747665e-01;1.241822e-01;4.620560e-02;2.320776e-02;9.807894e-03
2.886794e-02;5.919465e-02;3.867364e-02;2.081731e-02;1.955796e-02;4.336774e-01;2.787875e-02;2.144932e-01;8.255479e-02;3.522141e-02;1.951249e-02;1.955049e-02
2.439782e-02;7.048229e-02;4.151031e-02;2.281686e-02;2.694069e-02;4.667691e-01;1.119586e-02;1.869577e-01;8.121671e-02;2.829053e-02;1.699651e-02;2.242561e-02
2.246293e-02;6.647287e-02;3.306289e-02;1.849632e-02;2.125721e-02;4.905244e-01;2.110656e-02;1.687557e-01;8.863555e-02;2.262856e-02;2.695823e-02;1.963879e-02
2.167547e-02;3.431756e-02;4.533317e-02;2.023613e-02;2.932442e-02;5.243219e-01;1.948638e-02;1.547923e-01;7.313624e-02;2.802145e-02;3.349249e-02;1.586253e-02
2.743377e-02;7.441652e-02;5.156545e-02;2.059543e-02;2.302330e-02;5.315688e-01;2.612501e-02;1.122976e-01;5.796931e-02;2.686627e-02;3.625285e-02;1.188562e-02
3.480435e-02;7.288731e-02;5.447606e-02;2.067907e-02;2.448872e-02;4.282833e-01;2.957174e-02;1.989619e-01;6.614226e-02;2.289684e-02;2.998676e-02;1.682165e-02
