9.139991e-02;6.639022e-02;1.547152e-01;6.073299e-02;7.832128e-02;7.493801e-02;1.126013e-01;7.254343e-02;8.763186e-02;6.459150e-02;7.504741e-02;6.108697e-02
1.065440e-01;5.973771e-02;1.574674e-01;6.583307e-02;6.459604e-02;6.678182e-02;1.331302e-01;7.511207e-02;7.518326e-02;6.594557e-02;6.739816e-02;6.227070e-02
1.307405e-01;4.463718e-02;1.541009e-01;7.126823e-02;5.798858e-02;6.170149e-02;1.547280e-01;6.973518e-02;6.429236e-02;6.195097e-02;6.236777e-02;6.648894e-02
1.681313e-01;4.412055e-02;1.219344e-01;7.455374e-02;5.054154e-02;6.663105e-02;1.972862e-01;5.502862e-02;4.187803e-02;5.682063e-02;4.861522e-02;7.445884e-02
1.858843e-01;4.466397e-02;4.998820e-02;7.891436e-02;4.300917e-02;6.760815e-02;2.450941e-01;5.356675e-02;2.275768e-02;5.292833e-02;5.158863e-02;1.039963e-01
1.817195e-01;4.042884e-02;8.287920e-02;7.524537e-02;3.279413e-02;4.978770e-02;2.243869e-01;5.090577e-02;2.101515e-02;5.779987e-02;6.029760e-02;1.227400e-01
2.390825e-01;3.821117e-02;9.627640e-02;6.511915e-02;2.675296e-02;2.918733e-02;1.634184e-01;7.359646e-02;1.621995e-02;5.915198e-02;6.171580e-02;1.312679e-01
3.132238e-01;4.052836e-02;1.392009e-01;3.232548e-02;2.212484e-02;2.114185e-02;1.134853e-01;9.922213e-02;1.679002e-02;4.255387e-02;4.460110e-02;1.148024e-01
3.697883e-01;6.519772e-02;1.531948e-01;1.434040e-02;3.017580e-02;1.328173e-02;7.290865e-02;1.146162e-01;1.361326e-02;2.783219e-02;3.587753e-02;8.917341e-02
3.761115e-01;1.070774e-01;1.909992e-01;1.462744e-02;4.356291e-02;1.359218e-02;3.514318e-02;9.492486e-02;1.618494e-02;1.887774e-02;3.069187e-02;5.820679e-02
3.440298e-01;1.643924e-01;2.469081e-01;1.380277e-02;4.159409e-02;1.025974e-02;1.332175e-02;5.670023e-02;2.511947e-02;1.492727e-02;3.241782e-02;3.652653e-02
2.876294e-01;2.063081e-01;2.921475e-01;1.145874e-02;2.489774e-02;1.788442e-02;1.228156e-02;2.813523e-02;4.457314e-02;2.128535e-02;3.266591e-02;2.073292e-02
2.177083e-01;2.090676e-01;3.718705e-01;1.608954e-02;1.369931e-02;2.511473e-02;1.332108e-02;1.357440e-02;5.635651e-02;2.168848e-02;2.130707e-02;2.020257e-02
1.432356e-01;1.864266e-01;4.718798e-01;2.237256e-02;7.258899e-03;3.040422e-02;1.163866e-02;1.226928e-02;5.691830e-02;2.693336e-02;9.429153e-03;2.123361e-02
5.831992e-02;1.198097e-01;5.925428e-01;3.150245e-02;2.097460e-02;2.511954e-02;2.319271e-02;1.627940e-02;4.014408e-02;3.474768e-02;1.419740e-02;2.316964e-02
3.134442e-02;7.591987e-02;6.584210e-01;3.509272e-02;3.309808e-02;1.832377e-02;2.872982e-02;1.749066e-02;2.089500e-02;3.747435e-02;1.949541e-02;2.371491e-02
4.836463e-02;6.428933e-02;6.642214e-01;3.742717e-02;4.064808e-02;1.135871e-02;3.465576e-02;1.353569e-02;1.250937e-02;3.889396e-02;1.790988e-02;1.618595e-02
3.968897e-02;3.409716e-02;7.189908e-01;4.621878e-02;4.423621e-02;1.351262e-02;2.297903e-02;5.142946e-03;1.138227e-02;3.898190e-02;1.646217e-02;8.307134e-03
3.385196e-02;3.894319e-02;7.354196e-01;5.573229e-02;4.381675e-02;1.105677e-02;1.342829e-02;7.501223e-03;1.147760e-02;2.904204e-02;1.013497e-02;9.595255e-03
2.261314e-02;3.099864e-02;7.170523e-01;7.929282e-02;6.162623e-02;1.468423e-02;1.260211e-02;8.129511e-03;7.835668e-03;1.965119e-02;1.620372e-02;9.310503e-03
1.750467e-02;1.847667e-02;6.272102e-01;9.954000e-02;9.270940e-02;2.607514e-02;2.600536e-02;1.452013e-02;1.138448e-02;1.809480e-02;3.679501e-02;1.168412e-02
2.031367e-02;2.150848e-02;5.419182e-01;1.060433e-01;1.240955e-01;4.042748e-02;4.337132e-02;8.575349e-03;1.129098e-02;1.569875e-02;5.114327e-02;1.561372e-02
2.103050e-02;1.870276e-02;5.185757e-01;1.097006e-01;1.403693e-01;4.631747e-02;5.443222e-02;1.259507e-02;9.364348e-03;1.149072e-02;4.801946e-02;9.401869e-03
1.656582e-02;1.219704e-02;5.666089e-01;1.104256e-01;1.449954e-01;4.456461e-02;1.207756e-02;2.180577e-02;1.104048e-02;1.047655e-02;4.515693e-02;4.085299e-03
1.234091e-02;1.069122e-02;5.818569e-01;9.558634e-02;1.316769e-01;4.403621e-02;3.362227e-02;2.617216e-02;8.722529e-03;1.081254e-02;3.852491e-02;5.957040e-03
1.361192e-02;2.184024e-02;5.762315e-01;9.198355e-02;1.254016e-01;4.357494e-02;2.817655e-02;2.725551e-02;9.929486e-03;1.471783e-02;3.947994e-02;7.796957e-03
1.642190e-02;1.859461e-02;5.734274e-01;9.411915e-02;1.245904e-01;3.908531e-02;2.379425e-02;2.299016e-02;1.432277e-02;1.695558e-02;4.251391e-02;1.318465e-02
1.614228e-02;1.430774e-02;5.719010e-01;9.251852e-02;1.128824e-01;3.607618e-02;4.077019e-02;2.049316e-02;2.000589e-02;1.602207e-02;4.220277e-02;1.667786e-02
1.193128e-02;1.370867e-02;5.854782e-01;9.477344e-02;1.096754e-01;3.548728e-02;3.264781e-02;1.987633e-02;1.974876e-02;1.542582e-02;4.152074e-02;1.972622e-02
1.042533e-02;1.786394e-02;5.998381e-01;8.778649e-02;1.052020e-01;3.369699e-02;3.707187e-02;1.498524e-02;1.864097e-02;1.309241e-02;4.367541e-02;1.772127e-02
6.896476e-03;2.290246e-02;6.171570e-01;8.738708e-02;9.756704e-02;3.212279e-02;3.439995e-02;1.252486e-02;1.118037e-02;1.478217e-02;4.564369e-02;1.743617e-02
9.371857e-03;2.251771e-02;6.257930e-01;8.114521e-02;9.202684e-02;3.200432e-02;2.867286e-02;2.643391e-02;1.149780e-02;1.903765e-02;3.753323e-02;1.396565e-02
1.926926e-02;2.025533e-02;5.976115e-01;7.819624e-02;1.031518e-01;3.407279e-02;3.135245e-02;3.639697e-02;2.171612e-02;1.907729e-02;2.684639e-02;1.205388e-02
2.498396e-02;2.368144e-02;5.494751e-01;8.288146e-02;1.135540e-01;4.014711e-02;3.431137e-02;2.503874e-02;3.263488e-02;2.684025e-02;2.895859e-02;1.749307e-02
3.145140e-02;3.264913e-02;4.955878e-01;7.520574e-02;1.136665e-01;4.457685e-02;3.257385e-02;3.104244e-02;4.413838e-02;4.020960e-02;4.050740e-02;1.839095e-02
3.075051e-02;5.050658e-02;4.238718e-01;7.059978e-02;1.011955e-01;4.589481e-02;8.130488e-02;3.133965e-02;4.466984e-02;4.845951e-02;4.018749e-02;3.121969e-02
4.255294e-02;4.999289e-02;4.200560e-01;6.723706e-02;1.007259e-01;3.875472e-02;9.995783e-02;2.523779e-02;3.335390e-02;5.902306e-02;3.369821e-02;2.940963e-02
4.387699e-02;3.892190e-02;3.642791e-01;5.355131e-02;1.042204e-01;5.415621e-02;1.292699e-01;2.297593e-02;3.297850e-02;5.973824e-02;5.633329e-02;3.969815e-02
4.513731e-02;3.462099e-02;2.852795e-01;7.790516e-02;9.879755e-02;8.579392e-02;9.355674e-02;3.375931e-02;4.771196e-02;7.880231e-02;6.723376e-02;5.140150e-02
5.896219e-02;7.012141e-02;2.199440e-01;8.066194e-02;7.172149e-02;7.640824e-02;1.115083e-01;4.909473e-02;8.482250e-02;9.570591e-02;3.000825e-02;5.104102e-02
9.535988e-02;7.214974e-02;1.855085e-01;5.994613e-02;4.844788e-02;5.088239e-02;1.169763e-01;7.710426e-02;1.046806e-01;9.447995e-02;5.097979e-02;4.348451e-02
1.003741e-01;7.353938e-02;1.713890e-01;6.514459e-02;6.369953e-02;6.738362e-02;1.115561e-01;7.342138e-02;1.156499e-01;7.284908e-02;4.382150e-02;4.117179e-02
8.745173e-02;7.996083e-02;1.677473e-01;7.386520e-02;8.905809e-02;7.359584e-02;1.142036e-01;5.550442e-02;1.063011e-01;5.069383e-02;5.649339e-02;4.512472e-02
8.716785e-02;7.132015e-02;1.808579e-01;7.062536e-02;8.821242e-02;7.303318e-02;8.381804e-02;6.043928e-02;1.011178e-01;5.529212e-02;8.296265e-02;4.515315e-02
8.149844e-02;4.675164e-02;1.604293e-01;6.057928e-02;8.454461e-02;6.030976e-02;1.236243e-01;6.746271e-02;1.093407e-01;4.883473e-02;9.003678e-02;6.658785e-02
6.872619e-02;3.312306e-02;1.586813e-01;7.303547e-02;7.304938e-02;4.610095e-02;1.021434e-01;6.086488e-02;1.275497e-01;7.649422e-02;1.024598e-01;7.777165e-02
9.274083e-02;7.366124e-02;1.340001e-01;5.482371e-02;6.107789e-02;7.023999e-02;9.880649e-02;6.123472e-02;1.354893e-01;6.916466e-02;9.247104e-02;5.629000e-02
8.694910e-02;7.086223e-02;1.329073e-01;4.850420e-02;4.210490e-02;6.789694e-02;9.028023e-02;6.316345e-02;1.032703e-01;1.065378e-01;1.100879e-01;7.743558e-02
7.841183e-02;5.823218e-02;9.638058e-02;4.903140e-02;4.412281e-02;4.542517e-02;9.346033e-02;8.085018e-02;1.287071e-01;1.128866e-01;1.203362e-01;9.215561e-02
7.081289e-02;5.195404e-02;8.370212e-02;5.077778e-02;4.194845e-02;4.013061e-02;9.339996e-02;8.078602e-02;1.454685e-01;1.154847e-01;1.259978e-01;9.953716e-02
6.184943e-02;4.385892e-02;7.525249e-02;6.329963e-02;3.481986e-02;3.489395e-02;8.509370e-02;7.364324e-02;1.700383e-01;1.153801e-01;1.290335e-01;1.128368e-01
1.094674e-01;7.541877e-02;6.352121e-02;6.987092e-02;4.396362e-02;2.663270e-02;4.882453e-02;1.136470e-01;1.103385e-01;1.086081e-01;1.117549e-01;1.179522e-01
1.682524e-01;8.371002e-02;7.273138e-02;5.163369e-02;5.058422e-02;3.466102e-02;9.318095e-02;1.315711e-01;4.846862e-02;6.520129e-02;1.141108e-01;8.589449e-02
2.189481e-01;8.201668e-02;6.599519e-02;9.305756e-02;4.058275e-02;4.319068e-02;1.003686e-01;1.363416e-01;3.760272e-02;3.919084e-02;1.155783e-01;2.712701e-02
1.845208e-01;7.687957e-02;7.726210e-02;8.481227e-02;7.659059e-02;5.590592e-02;7.271284e-02;8.976818e-02;6.610493e-02;3.362252e-02;6.542043e-02;1.163999e-01
7.002068e-02;6.271922e-02;1.435110e-01;4.155350e-02;7.545359e-02;5.934102e-02;1.223768e-01;6.923601e-02;9.150725e-02;6.992166e-02;8.394152e-02;1.104177e-01
1.438512e-01;7.112337e-02;1.381005e-01;4.764350e-02;4.530143e-02;3.522918e-02;9.577642e-02;1.160410e-01;1.053674e-01;6.759182e-02;5.462955e-02;7.934467e-02
1.570076e-01;6.423853e-02;9.041612e-02;5.415249e-02;4.052355e-02;1.999154e-02;1.187773e-01;1.616317e-01;9.760558e-02;6.187570e-02;4.097990e-02;9.279998e-02
1.239256e-01;3.988739e-02;3.836891e-02;8.855715e-02;2.530143e-02;1.252385e-02;1.863254e-01;1.706549e-01;6.053273e-02;6.745470e-02;3.455971e-02;1.519081e-01
7.246035e-02;1.419212e-02;2.866173e-02;1.335987e-01;1.763509e-02;4.622188e-03;2.551225e-01;1.184822e-01;2.194879e-02;9.047351e-02;2.254392e-02;2.202590e-01
4.706241e-02;1.233853e-02;3.126387e-02;1.590407e-01;1.312669e-02;1.246413e-02;2.587119e-01;6.745515e-02;1.528069e-02;9.730292e-02;2.162749e-02;2.643255e-01
3.017967e-02;1.702128e-02;1.306622e-02;1.731459e-01;7.785083e-03;1.571262e-02;2.632817e-01;3.957583e-02;1.175881e-02;8.224660e-02;2.148298e-02;3.247433e-01
2.243657e-02;2.238182e-02;1.279315e-02;1.721677e-01;5.249523e-03;1.437560e-02;2.556232e-01;2.237042e-02;1.035335e-02;5.583229e-02;2.783301e-02;3.785833e-01
2.126122e-02;2.540831e-02;2.269036e-02;1.727878e-01;6.647657e-03;1.779579e-02;2.427734e-01;9.086903e-03;1.370190e-02;3.016236e-02;2.781282e-02;4.098715e-01
2.950904e-02;3.461439e-02;2.011107e-02;1.702310e-01;6.971722e-03;1.979117e-02;2.354492e-01;1.043579e-02;1.667170e-02;2.300534e-02;2.733388e-02;4.058757e-01
2.936080e-02;4.521922e-02;1.213563e-02;1.634197e-01;8.850198e-03;1.922881e-02;2.455642e-01;1.340055e-02;1.380198e-02;2.305834e-02;2.610716e-02;3.998534e-01
3.353427e-02;4.787223e-02;1.891840e-02;1.517192e-01;7.510111e-03;1.786451e-02;2.609261e-01;1.572514e-02;7.317235e-03;2.649144e-02;2.508084e-02;3.870405e-01
3.092533e-02;3.976291e-02;1.178287e-02;1.377140e-01;3.950963e-03;1.516697e-02;2.908874e-01;2.697583e-02;1.264126e-02;3.526171e-02;2.230499e-02;3.726257e-01
4.224398e-02;2.652050e-02;1.510792e-02;1.101047e-01;4.204611e-03;1.464278e-02;3.334807e-01;4.378021e-02;1.212694e-02;4.087073e-02;2.017376e-02;3.367431e-01
4.848624e-02;1.012545e-02;1.681626e-02;8.330183e-02;7.322184e-03;3.640582e-02;3.771966e-01;5.652902e-02;8.303253e-03;4.800387e-02;1.941689e-02;2.880926e-01
6.245502e-02;1.279004e-02;2.594247e-02;7.107456e-02;1.745085e-02;7.549579e-02;3.627222e-01;6.475028e-02;8.026550e-03;5.125378e-02;2.470589e-02;2.233326e-01
8.328943e-02;2.388555e-02;5.818171e-02;6.169389e-02;3.071985e-02;9.564658e-02;2.879879e-01;7.751317e-02;1.232116e-02;5.459742e-02;4.709288e-02;1.670704e-01
8.433124e-02;5.194788e-02;6.613585e-02;4.170768e-02;3.848182e-02;8.956365e-02;1.925296e-01;1.014668e-01;2.587638e-02;5.622046e-02;9.282099e-02;1.589175e-01
9.721942e-02;7.306178e-02;7.735170e-02;4.992895e-02;3.696433e-02;5.499362e-02;1.617895e-01;9.375720e-02;4.444825e-02;3.865109e-02;8.782086e-02;1.840132e-01
1.626107e-01;5.185331e-02;6.249828e-02;6.756821e-02;3.309847e-02;3.345337e-02;1.992957e-01;8.701963e-02;2.874178e-02;3.807949e-02;4.756682e-02;1.882143e-01
1.679257e-01;3.054219e-02;4.038236e-02;7.318429e-02;2.817415e-02;2.552155e-02;2.414525e-01;1.094666e-01;1.857708e-02;5.405832e-02;3.190435e-02;1.788108e-01
1.451487e-01;2.399801e-02;4.803172e-02;7.118656e-02;2.131377e-02;3.101128e-02;2.655381e-01;1.244105e-01;1.333215e-02;6.732219e-02;2.943918e-02;1.592678e-01
1.402572e-01;1.950509e-02;2.288981e-02;7.454956e-02;1.158244e-02;2.607225e-02;2.891436e-01;1.234439e-01;1.580101e-02;8.020518e-02;2.515473e-02;1.713952e-01
1.646641e-01;1.932978e-02;2.908977e-02;6.904107e-02;1.033612e-02;1.734640e-02;2.747300e-01;9.853251e-02;2.525217e-02;9.263979e-02;2.629779e-02;1.727405e-01
1.797526e-01;1.390346e-02;5.013119e-02;6.171752e-02;1.274249e-02;2.323282e-02;2.469762e-01;9.519178e-02;3.038237e-02;9.265862e-02;3.146826e-02;1.618427e-01
2.128293e-01;1.953293e-02;6.049635e-02;6.019447e-02;1.048851e-02;2.152623e-02;2.125773e-01;1.033821e-01;3.777249e-02;8.174733e-02;3.018873e-02;1.492644e-01
2.580900e-01;2.436773e-02;4.817671e-02;5.401937e-02;1.247580e-02;2.632163e-02;1.924845e-01;9.237469e-02;3.738940e-02;7.896245e-02;3.389112e-02;1.414466e-01
2.931974e-01;2.234370e-02;7.651823e-02;3.844556e-02;1.081620e-02;2.638661e-02;1.626575e-01;9.123902e-02;3.282060e-02;7.435392e-02;3.744705e-02;1.337743e-01
3.354512e-01;4.290158e-02;8.944827e-02;2.782072e-02;1.972734e-02;2.909971e-02;1.148250e-01;9.769142e-02;2.332423e-02;5.563033e-02;4.127157e-02;1.228087e-01
3.347628e-01;4.184018e-02;1.044323e-01;3.737291e-02;1.851556e-02;2.316952e-02;8.148242e-02;9.045555e-02;2.363369e-02;4.962279e-02;5.729516e-02;1.374171e-01
3.040622e-01;3.084956e-02;1.099844e-01;5.878911e-02;1.793165e-02;1.785000e-02;9.070905e-02;7.334588e-02;3.374751e-02;4.699830e-02;6.001025e-02;1.557221e-01
2.867586e-01;3.470692e-02;1.231318e-01;6.923831e-02;1.142478e-02;1.454348e-02;1.014501e-01;4.301642e-02;1.950730e-02;5.946432e-02;7.904341e-02;1.577145e-01
2.614110e-01;3.843779e-02;1.098037e-01;6.588615e-02;1.549999e-02;2.194699e-02;7.844483e-02;3.552240e-02;1.709840e-02;7.047030e-02;1.262239e-01;1.592546e-01
2.054677e-01;4.081647e-02;8.599336e-02;6.117046e-02;2.445917e-02;2.884506e-02;5.064143e-02;4.030702e-02;3.014365e-02;1.182233e-01;1.870115e-01;1.269208e-01
1.899052e-01;4.003017e-02;7.665729e-02;4.006642e-02;4.408164e-02;4.062475e-02;8.911493e-02;6.246000e-02;5.888627e-02;1.141594e-01;1.551468e-01;8.886727e-02
1.966331e-01;6.932589e-02;8.360059e-02;4.526683e-02;5.002464e-02;4.739160e-02;6.460349e-02;7.918824e-02;1.012811e-01;8.320814e-02;9.780522e-02;8.167118e-02
9.226006e-02;1.023865e-01;1.175528e-01;5.020094e-02;5.019098e-02;4.234547e-02;7.140779e-02;6.144258e-02;1.488008e-01;1.050062e-01;8.870464e-02;6.970128e-02
8.771908e-02;7.367646e-02;1.241678e-01;5.759546e-02;5.949792e-02;4.032098e-02;1.031066e-01;4.109693e-02;1.540534e-01;1.202240e-01;7.307442e-02;6.546710e-02
1.083788e-01;3.855524e-02;1.335721e-01;6.507419e-02;5.175842e-02;4.806273e-02;1.289595e-01;4.404944e-02;1.193588e-01;1.288223e-01;8.465306e-02;4.875538e-02
1.547129e-01;8.264290e-02;2.303067e-01;4.956200e-02;3.906221e-02;3.393184e-02;1.181571e-01;4.675163e-02;6.936305e-02;7.571226e-02;5.722350e-02;4.257390e-02
1.797298e-01;9.994300e-02;2.536982e-01;3.105572e-02;3.506418e-02;3.558748e-02;1.048754e-01;4.893362e-02;5.395103e-02;5.379150e-02;4.739962e-02;5.597061e-02
1.644351e-01;8.740138e-02;2.035919e-01;2.862076e-02;3.216765e-02;4.807397e-02;1.274026e-01;4.370309e-02;4.623891e-02;6.508137e-02;7.723912e-02;7.604413e-02
9.600662e-02;4.975224e-02;1.088913e-01;2.374632e-02;2.699038e-02;8.167350e-02;1.549315e-01;2.843254e-02;9.154071e-02;8.846295e-02;1.615302e-01;8.804175e-02
6.168448e-02;1.402615e-02;8.262686e-02;1.682034e-02;3.189367e-02;1.023837e-01;1.193133e-01;3.531745e-02;1.127721e-01;1.058941e-01;2.447840e-01;7.248386e-02
5.039285e-02;4.731158e-02;8.832097e-02;1.095282e-02;3.833824e-02;9.996029e-02;9.011304e-02;2.835121e-02;7.347390e-02;1.447790e-01;2.717042e-01;5.630184e-02
7.449296e-02;4.484088e-02;1.109468e-01;9.597831e-03;3.861627e-02;8.635361e-02;7.808878e-02;1.986852e-02;5.275765e-02;1.606249e-01;2.642666e-01;5.954530e-02
4.464281e-02;2.635217e-02;1.170089e-01;1.276237e-02;4.300109e-02;7.457862e-02;6.606316e-02;2.890332e-02;5.725059e-02;2.080451e-01;2.697386e-01;5.165329e-02
3.750345e-02;5.257080e-02;7.860196e-02;1.108707e-02;5.224421e-02;6.604886e-02;2.715042e-02;3.419152e-02;5.116561e-02;2.760147e-01;2.739421e-01;3.947921e-02
2.715011e-02;4.561690e-02;9.432749e-02;1.678551e-02;5.915511e-02;6.031344e-02;1.123804e-01;2.769905e-02;4.662139e-02;2.319879e-01;2.336316e-01;4.433111e-02
4.720267e-02;4.451485e-02;2.116439e-01;2.047782e-02;5.785083e-02;4.927020e-02;1.459683e-01;3.593222e-02;4.521145e-02;1.376989e-01;1.574466e-01;4.678227e-02
4.509868e-02;6.266436e-02;2.134784e-01;2.136612e-02;6.360404e-02;5.076212e-02;1.382383e-01;4.825661e-02;4.678708e-02;1.126786e-01;1.433059e-01;5.375974e-02
3.523645e-02;7.503428e-02;1.490906e-01;1.976570e-02;7.260618e-02;5.442156e-02;1.296821e-01;4.644819e-02;6.434795e-02;1.278172e-01;1.549237e-01;7.062609e-02
3.897794e-02;7.791129e-02;1.271208e-01;3.071753e-02;6.785488e-02;4.040569e-02;1.284629e-01;5.004748e-02;7.512306e-02;1.468349e-01;1.355761e-01;8.096737e-02
3.780380e-02;6.419116e-02;1.776487e-01;3.678840e-02;5.116675e-02;5.978428e-02;1.269034e-01;5.323743e-02;5.058079e-02;1.266284e-01;1.234833e-01;9.178364e-02
4.893174e-02;7.048932e-02;1.376276e-01;5.105232e-02;6.257766e-02;7.484645e-02;1.617799e-01;3.939489e-02;4.787279e-02;1.233425e-01;1.050470e-01;7.703785e-02
4.365301e-02;7.793294e-02;1.354296e-01;6.950313e-02;7.911187e-02;9.186758e-02;1.110785e-01;3.431216e-02;7.129948e-02;1.416510e-01;9.105004e-02;5.311071e-02
4.959954e-02;6.943322e-02;1.400181e-01;6.440820e-02;7.254433e-02;8.181829e-02;1.169633e-01;4.230237e-02;8.478882e-02;1.516530e-01;8.450913e-02;4.196179e-02
6.287660e-02;8.515570e-02;1.173748e-01;3.369251e-02;9.113234e-02;4.954060e-02;1.418622e-01;7.804454e-02;5.150296e-02;1.278750e-01;9.699792e-02;6.394480e-02
6.762456e-02;6.175341e-02;1.565368e-01;2.827491e-02;7.649302e-02;4.257249e-02;1.303473e-01;9.343979e-02;5.918366e-02;1.148379e-01;9.036343e-02;7.857276e-02
5.973886e-02;3.480663e-02;1.599521e-01;4.299235e-02;6.631807e-02;5.844383e-02;1.867562e-01;7.136199e-02;5.827451e-02;1.152814e-01;7.849676e-02;6.757738e-02
7.733902e-02;5.683170e-02;1.463983e-01;7.007105e-02;5.921454e-02;6.201672e-02;1.430210e-01;6.503142e-02;8.254745e-02;1.164006e-01;8.728426e-02;3.384398e-02
7.063077e-02;6.512101e-02;1.164341e-01;7.517812e-02;7.573287e-02;7.247182e-02;1.298877e-01;7.765812e-02;8.720391e-02;1.087597e-01;6.712057e-02;5.380139e-02
6.689218e-02;6.400481e-02;1.329631e-01;7.512827e-02;9.949698e-02;7.194514e-02;1.139807e-01;7.772715e-02;7.852819e-02;1.100621e-01;4.646101e-02;6.281044e-02
8.876456e-02;7.563273e-02;2.406445e-01;8.423460e-02;9.634917e-02;4.951771e-02;1.166441e-01;3.301547e-02;6.635163e-02;6.834293e-02;4.278785e-02;3.771474e-02
9.462413e-02;8.586468e-02;2.596541e-01;6.768420e-02;8.659920e-02;4.590501e-02;1.205162e-01;4.068984e-02;6.438057e-02;5.825377e-02;4.881739e-02;2.701090e-02
9.702836e-02;9.067024e-02;2.177976e-01;6.305891e-02;9.762147e-02;5.331638e-02;1.185597e-01;4.628417e-02;6.345276e-02;6.631031e-02;5.620598e-02;2.969411e-02
1.194245e-01;9.568362e-02;1.391883e-01;6.691462e-02;1.289145e-01;7.000027e-02;6.709793e-02;4.771970e-02;6.882483e-02;8.611171e-02;7.948702e-02;3.063304e-02
1.112191e-01;4.698471e-02;2.005421e-01;4.546507e-02;8.380686e-02;6.816920e-02;1.329244e-01;6.619327e-02;7.452773e-02;6.301674e-02;6.389467e-02;4.325606e-02
8.631075e-02;1.082916e-01;2.054911e-01;4.451700e-02;6.944613e-02;7.509862e-02;9.064963e-02;7.202689e-02;6.377171e-02;7.797837e-02;4.942400e-02;5.699415e-02
1.266613e-01;1.116963e-01;2.364318e-01;3.258305e-02;5.092192e-02;6.251725e-02;1.108944e-01;5.875992e-02;5.453714e-02;5.635043e-02;5.214262e-02;4.650387e-02
1.174896e-01;9.674101e-02;2.264552e-01;2.439849e-02;4.348380e-02;6.735110e-02;9.931502e-02;7.160954e-02;8.050132e-02;6.166054e-02;6.755625e-02;4.343807e-02
7.389297e-02;7.559168e-02;2.131036e-01;2.621001e-02;4.843075e-02;9.107643e-02;1.124321e-01;5.647795e-02;1.039217e-01;6.579079e-02;1.018906e-01;3.118137e-02
4.640630e-02;5.993238e-02;2.036545e-01;2.551973e-02;5.719093e-02;1.104897e-01;9.221264e-02;5.168084e-02;9.967732e-02;8.793684e-02;1.412001e-01;2.409876e-02
4.293013e-02;7.000496e-02;1.859802e-01;1.225628e-02;4.713456e-02;1.178904e-01;7.303101e-02;5.496334e-02;7.632251e-02;1.088801e-01;1.803738e-01;3.023286e-02
2.894238e-02;6.003010e-02;1.730703e-01;1.384441e-02;4.272921e-02;1.251734e-01;7.045297e-02;5.044641e-02;6.254058e-02;1.181665e-01;2.195818e-01;3.502203e-02
2.985906e-02;5.872776e-02;1.691638e-01;1.548020e-02;4.090167e-02;1.222657e-01;6.762245e-02;4.247395e-02;4.794833e-02;1.332133e-01;2.374585e-01;3.488530e-02
4.673577e-02;5.639412e-02;1.166006e-01;8.014173e-03;3.771172e-02;1.281418e-01;3.604412e-02;2.996046e-02;4.541812e-02;1.753570e-01;2.799507e-01;3.967134e-02
2.243046e-02;2.970350e-02;1.040821e-01;9.076986e-03;3.056119e-02;1.310202e-01;3.995765e-02;2.116056e-02;4.501211e-02;2.154666e-01;2.973232e-01;5.420540e-02
2.124765e-02;1.108452e-02;9.655470e-02;1.134498e-02;2.759293e-02;1.292125e-01;5.395036e-02;1.504879e-02;4.173521e-02;2.263083e-01;3.007624e-01;6.515781e-02
3.379133e-02;1.420521e-02;9.796509e-02;8.401009e-03;2.319163e-02;1.172430e-01;5.674140e-02;1.427761e-02;3.215318e-02;2.210774e-01;2.968871e-01;8.406601e-02
2.499492e-02;9.337472e-03;8.578934e-02;1.499394e-02;2.910046e-02;1.013500e-01;6.100775e-02;1.974694e-02;4.676922e-02;1.989105e-01;3.001298e-01;1.078696e-01
6.080314e-02;1.793020e-02;9.248585e-02;1.988914e-02;2.091054e-02;7.504155e-02;6.841157e-02;2.000631e-02;4.833750e-02;1.840607e-01;2.645091e-01;1.276144e-01
7.993333e-02;2.222540e-02;7.220678e-02;1.829697e-02;1.653979e-02;6.276186e-02;8.651486e-02;1.884742e-02;4.859777e-02;1.661716e-01;2.548603e-01;1.530439e-01
7.831594e-02;2.314352e-02;6.742530e-02;2.001225e-02;1.923830e-02;4.914093e-02;1.263094e-01;3.131866e-02;3.726281e-02;1.246303e-01;2.422044e-01;1.809981e-01
1.294210e-01;3.377458e-02;6.924220e-02;3.199680e-02;1.929571e-02;2.504024e-02;1.642349e-01;2.636293e-02;3.732464e-02;9.748981e-02;1.815512e-01;1.842660e-01
1.618985e-01;2.747849e-02;6.962670e-02;3.930707e-02;1.575155e-02;1.285911e-02;1.864047e-01;2.454560e-02;4.115424e-02;1.025464e-01;1.461102e-01;1.723175e-01
2.217883e-01;3.730665e-02;1.351409e-01;3.225454e-02;2.971905e-02;1.287695e-02;1.874379e-01;4.071971e-02;2.651010e-02;7.987675e-02;9.187618e-02;1.044931e-01
2.467595e-01;5.755070e-02;1.717737e-01;2.951237e-02;4.506791e-02;2.592092e-02;2.024077e-01;3.646315e-02;2.593734e-02;6.342950e-02;4.231277e-02;5.286447e-02
2.871271e-01;7.725078e-02;1.526387e-01;2.848516e-02;4.689962e-02;3.847207e-02;1.951861e-01;2.505159e-02;2.380992e-02;6.275229e-02;1.912611e-02;4.320062e-02
2.830264e-01;8.843951e-02;1.908230e-01;2.043230e-02;4.124222e-02;3.985209e-02;1.688939e-01;2.260657e-02;1.561440e-02;5.366613e-02;3.007464e-02;4.532893e-02
2.138761e-01;1.039222e-01;3.166025e-01;2.653077e-02;3.602349e-02;2.213580e-02;1.343320e-01;1.711484e-02;2.849208e-02;4.275470e-02;2.565008e-02;3.256548e-02
1.495929e-01;1.161360e-01;4.095028e-01;2.576164e-02;3.580496e-02;2.023804e-02;1.073602e-01;2.473136e-02;3.443138e-02;3.673805e-02;2.212614e-02;1.757662e-02
1.096456e-01;7.790463e-02;5.403233e-01;3.035420e-02;4.720464e-02;2.312945e-02;6.196615e-02;2.140235e-02;1.837350e-02;3.218392e-02;1.850794e-02;1.900432e-02
7.785847e-02;2.843266e-02;6.547279e-01;3.925087e-02;3.270098e-02;2.114881e-02;4.470114e-02;1.231328e-02;1.486471e-02;3.352538e-02;1.992736e-02;2.054846e-02
6.516097e-02;3.915017e-02;6.362867e-01;4.211841e-02;3.195345e-02;2.650379e-02;5.218714e-02;1.344496e-02;1.823202e-02;3.982406e-02;2.202553e-02;1.311283e-02
8.379839e-02;4.215502e-02;5.439894e-01;4.298155e-02;3.680800e-02;3.482744e-02;7.001559e-02;2.837294e-02;2.065722e-02;4.080276e-02;2.782385e-02;2.776781e-02
9.365925e-02;3.199807e-02;4.924780e-01;4.516206e-02;5.574278e-02;4.431691e-02;6.002323e-02;3.340548e-02;2.852906e-02;3.076276e-02;3.890286e-02;4.501950e-02
9.797175e-02;4.368599e-02;3.979924e-01;4.989795e-02;7.493673e-02;5.323735e-02;5.494452e-02;4.714464e-02;3.422797e-02;5.949003e-02;4.233465e-02;4.413600e-02
1.142783e-01;4.492253e-02;2.578847e-01;5.077583e-02;9.079435e-02;5.831550e-02;5.545628e-02;7.682995e-02;3.857064e-02;1.032701e-01;5.045421e-02;5.844764e-02
8.240364e-02;4.955462e-02;2.281433e-01;4.174938e-02;6.374841e-02;4.480640e-02;9.726200e-02;1.127841e-01;6.016225e-02;9.735574e-02;6.160255e-02;6.042754e-02
6.532950e-02;6.033422e-02;1.698792e-01;6.358799e-02;7.988767e-02;5.326748e-02;1.225929e-01;1.038355e-01;6.357643e-02;1.233704e-01;6.054773e-02;3.379092e-02
6.469544e-02;6.531978e-02;1.510487e-01;6.377845e-02;8.581891e-02;8.287120e-02;1.308181e-01;7.193037e-02;7.232072e-02;8.600874e-02;7.384468e-02;5.154480e-02
3.615435e-02;5.369150e-02;2.171520e-01;5.386880e-02;8.194258e-02;9.287255e-02;1.522368e-01;5.526698e-02;7.618108e-02;6.672828e-02;6.360717e-02;5.029787e-02
4.249430e-02;5.707077e-02;2.260591e-01;5.213237e-02;9.823035e-02;6.619486e-02;1.429850e-01;7.901355e-02;6.927529e-02;5.928100e-02;7.318961e-02;3.407380e-02
5.681496e-02;6.878492e-02;1.483459e-01;5.602795e-02;1.090075e-01;9.933108e-02;1.000643e-01;6.233081e-02;6.588872e-02;7.591167e-02;8.738000e-02;7.011224e-02
6.343711e-02;7.733315e-02;1.057239e-01;7.707014e-02;8.777282e-02;1.098469e-01;1.449238e-01;6.059012e-02;5.278542e-02;7.923575e-02;4.765486e-02;9.362598e-02
7.052042e-02;6.373810e-02;1.003138e-01;9.024598e-02;8.369712e-02;8.982352e-02;1.591086e-01;6.891133e-02;7.000535e-02;7.017767e-02;8.038218e-02;5.307597e-02
9.200142e-02;6.065637e-02;1.040606e-01;9.429093e-02;7.875329e-02;9.431496e-02;1.215097e-01;4.881288e-02;7.888994e-02;7.054382e-02;1.143066e-01;4.185953e-02
9.915117e-02;6.089713e-02;1.095406e-01;8.649173e-02;5.182120e-02;1.057626e-01;1.024130e-01;3.532843e-02;9.617862e-02;7.372124e-02;1.227714e-01;5.592299e-02
9.219711e-02;4.998739e-02;7.395322e-02;6.433586e-02;6.432856e-02;1.016083e-01;1.261301e-01;8.159444e-02;9.754053e-02;5.671796e-02;1.149288e-01;7.667772e-02
1.049238e-01;5.386566e-02;9.943520e-02;6.661604e-02;5.773864e-02;7.219388e-02;1.490318e-01;1.234558e-01;5.843335e-02;6.576589e-02;7.950104e-02;6.903888e-02
8.639398e-02;5.791142e-02;1.174257e-01;8.791844e-02;5.544431e-02;5.172850e-02;1.296301e-01;1.599406e-01;8.789266e-02;7.134556e-02;5.163778e-02;4.273099e-02
4.050081e-02;7.974503e-02;1.325898e-01;1.044089e-01;6.188464e-02;4.979119e-02;8.948398e-02;1.942474e-01;6.961827e-02;6.559678e-02;3.773454e-02;7.439871e-02
4.951701e-02;5.774045e-02;1.023033e-01;8.057451e-02;5.459083e-02;4.900840e-02;1.109719e-01;1.589316e-01;1.463388e-01;6.429366e-02;3.553349e-02;9.019609e-02
1.008525e-01;5.730192e-02;6.966966e-02;6.890208e-02;5.084291e-02;4.136224e-02;1.450678e-01;8.780307e-02;2.042873e-01;6.013509e-02;2.757101e-02;8.620447e-02
1.161764e-01;7.206417e-02;7.529940e-02;7.610193e-02;4.385132e-02;4.936136e-02;1.356817e-01;9.388112e-02;1.764584e-01;6.555731e-02;3.485672e-02;6.071023e-02
8.044769e-02;8.919336e-02;1.006316e-01;9.064478e-02;3.686801e-02;6.840536e-02;8.800832e-02;1.576222e-01;1.017031e-01;9.005933e-02;4.973678e-02;4.667936e-02
3.321373e-02;5.515695e-02;9.379088e-02;9.212983e-02;7.106268e-02;6.711160e-02;1.172958e-01;1.821752e-01;8.948065e-02;1.000630e-01;4.686341e-02;5.165620e-02
4.616989e-02;4.273483e-02;6.038956e-02;9.822208e-02;7.702509e-02;4.928296e-02;1.595096e-01;1.325802e-01;1.434688e-01;9.547827e-02;4.505235e-02;5.008643e-02
6.064330e-02;6.600278e-02;8.707671e-02;1.101452e-01;4.454358e-02;3.203781e-02;1.541939e-01;8.713073e-02;1.746026e-01;9.401844e-02;4.029097e-02;4.931391e-02
5.691267e-02;7.585134e-02;1.273097e-01;8.411279e-02;5.009318e-02;5.556650e-02;1.278899e-01;7.262552e-02;1.644432e-01;8.949938e-02;2.505502e-02;7.064086e-02
7.031754e-02;7.008192e-02;1.346423e-01;5.283073e-02;8.945034e-02;4.840660e-02;1.184768e-01;9.870828e-02;1.235955e-01;7.717661e-02;4.540825e-02;7.090504e-02
1.190189e-01;6.674600e-02;1.205340e-01;4.685234e-02;7.434328e-02;3.349155e-02;1.127875e-01;8.215558e-02;1.049066e-01;1.147076e-01;6.450381e-02;5.995281e-02
1.226392e-01;5.534898e-02;1.029006e-01;5.988346e-02;6.020420e-02;5.368154e-02;1.393746e-01;9.240633e-02;1.022468e-01;1.060887e-01;6.742463e-02;3.780087e-02
7.628234e-02;4.704287e-02;8.504760e-02;8.002560e-02;7.077701e-02;8.843097e-02;1.635270e-01;1.155799e-01;9.298835e-02;7.031236e-02;7.650308e-02;3.348297e-02
5.268184e-02;3.082173e-02;7.624085e-02;1.002643e-01;1.123866e-01;1.248693e-01;1.327052e-01;1.134808e-01;9.430978e-02;4.740416e-02;7.364304e-02;4.119249e-02
7.812128e-02;3.658088e-02;5.875907e-02;1.118422e-01;1.159720e-01;1.172511e-01;8.705232e-02;1.168128e-01;7.159550e-02;6.528356e-02;6.508940e-02;7.563982e-02
8.012668e-02;4.846854e-02;6.904177e-02;1.063362e-01;9.253988e-02;6.249819e-02;9.906569e-02;1.026047e-01;1.134066e-01;6.834829e-02;7.148712e-02;8.607637e-02
7.110329e-02;8.594939e-02;7.847484e-02;9.974167e-02;8.799872e-02;5.436749e-02;1.133374e-01;1.069980e-01;1.356922e-01;8.091077e-02;4.090149e-02;4.452473e-02
7.894262e-02;7.815687e-02;6.828962e-02;1.216685e-01;1.131210e-01;8.907875e-02;8.562614e-02;1.138951e-01;1.495431e-01;6.090208e-02;2.664186e-02;1.413439e-02
9.864576e-02;6.320775e-02;6.242967e-02;1.283054e-01;1.227567e-01;1.228577e-01;6.391957e-02;7.898822e-02;1.046179e-01;6.715426e-02;4.630584e-02;4.081126e-02
9.099453e-02;6.465877e-02;8.162951e-02;1.080255e-01;9.402336e-02;9.707049e-02;9.156631e-02;5.821947e-02;1.031469e-01;7.535958e-02;6.854533e-02;6.676019e-02
5.246089e-02;7.272719e-02;8.302473e-02;1.536788e-01;7.331023e-02;7.362794e-02;9.113353e-02;8.384964e-02;1.268636e-01;7.732718e-02;4.400363e-02;6.799261e-02
4.741386e-02;7.386517e-02;1.079750e-01;1.791175e-01;7.215472e-02;6.598105e-02;8.516779e-02;9.333332e-02;1.098999e-01;6.326164e-02;4.419629e-02;5.763371e-02
4.177859e-02;7.883347e-02;1.454943e-01;1.444126e-01;9.032120e-02;6.758320e-02;5.267088e-02;8.821631e-02;8.839551e-02;5.968854e-02;6.254126e-02;8.006404e-02
7.394080e-02;9.120239e-02;1.451624e-01;9.472863e-02;7.758876e-02;6.632018e-02;9.405962e-02;9.551474e-02;7.415053e-02;6.015057e-02;4.919248e-02;7.798882e-02
7.995287e-02;9.183054e-02;1.559090e-01;7.580272e-02;7.646032e-02;5.642555e-02;1.095732e-01;1.134242e-01;6.760119e-02;8.701004e-02;4.230522e-02;4.370519e-02
7.779563e-02;6.043163e-02;1.182034e-01;6.816235e-02;8.798268e-02;3.542509e-02;1.484044e-01;9.093067e-02;7.808258e-02;1.037827e-01;9.707470e-02;3.372423e-02
8.482848e-02;5.003427e-02;1.324277e-01;1.087548e-01;6.870881e-02;4.231464e-02;1.287361e-01;6.508525e-02;7.425012e-02;9.363651e-02;9.510051e-02;5.612277e-02
7.085765e-02;6.537163e-02;1.572756e-01;1.158314e-01;7.914441e-02;5.872173e-02;1.089052e-01;6.781165e-02;6.761558e-02;9.896927e-02;6.505805e-02;4.443787e-02
5.463726e-02;6.753425e-02;1.957364e-01;7.278021e-02;1.096664e-01;7.390494e-02;1.307288e-01;4.245597e-02;6.264339e-02;9.986487e-02;4.467034e-02;4.537713e-02
4.446602e-02;7.409188e-02;2.028402e-01;4.327684e-02;7.637236e-02;5.254961e-02;1.375578e-01;7.723165e-02;8.281741e-02;8.382209e-02;7.301883e-02;5.195529e-02
3.062034e-02;8.007299e-02;2.499596e-01;4.827552e-02;3.923922e-02;5.074705e-02;1.406455e-01;8.858911e-02;1.009055e-01;4.736613e-02;7.846372e-02;4.511527e-02
2.714070e-02;5.442301e-02;3.686194e-01;3.829157e-02;8.133509e-02;6.274333e-02;1.652720e-01;3.933592e-02;4.928604e-02;3.573378e-02;4.719770e-02;3.062146e-02
3.149052e-02;3.280242e-02;3.811212e-01;3.990526e-02;9.730249e-02;6.457108e-02;2.037690e-01;3.714209e-02;2.512879e-02;3.383696e-02;3.434805e-02;1.858218e-02
5.709989e-02;2.242563e-02;3.816274e-01;4.340301e-02;1.089611e-01;7.398526e-02;1.284098e-01;4.267717e-02;2.310399e-02;5.913552e-02;4.147832e-02;1.769286e-02
8.975256e-02;2.488629e-02;2.823363e-01;3.046048e-02;6.551283e-02;6.495102e-02;2.114582e-01;4.788567e-02;3.608293e-02;7.328355e-02;5.649728e-02;1.689286e-02
1.414105e-01;4.807156e-02;2.505131e-01;3.212889e-02;2.566850e-02;4.827547e-02;2.223564e-01;5.291477e-02;3.671794e-02;5.673438e-02;4.785502e-02;3.735341e-02
1.542996e-01;9.755521e-02;2.431694e-01;3.068205e-02;3.375129e-02;5.097910e-02;1.485381e-01;4.630931e-02;4.932272e-02;6.498737e-02;4.043667e-02;3.996919e-02
7.971223e-02;1.278779e-01;3.479638e-01;3.342386e-02;4.303895e-02;3.819153e-02;1.019176e-01;4.861084e-02;6.562443e-02;4.940052e-02;3.803468e-02;2.620370e-02
5.200702e-02;1.212138e-01;4.517133e-01;2.544242e-02;3.122344e-02;2.575792e-02;6.223746e-02;4.276407e-02;7.121302e-02;7.211579e-02;2.747585e-02;1.683598e-02
3.767001e-02;9.364729e-02;5.678793e-01;2.251399e-02;9.040493e-03;1.393021e-02;3.058244e-02;2.613706e-02;5.051605e-02;1.259284e-01;1.371754e-02;8.437347e-03
1.161126e-02;5.108523e-02;6.299049e-01;2.854358e-02;2.099289e-02;8.456885e-03;4.677156e-02;8.087042e-03;2.230182e-02;1.630906e-01;5.592157e-03;3.562059e-03
1.127380e-02;3.684712e-02;6.561149e-01;3.373503e-02;2.199938e-02;4.652308e-03;5.673593e-02;4.121459e-03;1.090914e-02;1.527634e-01;6.026826e-03;4.820729e-03
1.460658e-02;2.533246e-02;6.740282e-01;4.370961e-02;2.292571e-02;4.044899e-03;6.416676e-02;3.957442e-03;1.253587e-02;1.233919e-01;8.292735e-03;3.007936e-03
1.897603e-02;1.811217e-02;6.754739e-01;4.926308e-02;2.722377e-02;6.165648e-03;6.795480e-02;3.307709e-03;1.396191e-02;1.013936e-01;1.520097e-02;2.966421e-03
1.970700e-02;1.533281e-02;6.754375e-01;5.731857e-02;3.115929e-02;5.656564e-03;6.138885e-02;3.026392e-03;2.014066e-02;8.571647e-02;2.150127e-02;3.614610e-03
1.677216e-02;1.299039e-02;6.761789e-01;6.289165e-02;3.495251e-02;8.601038e-03;6.062376e-02;2.859380e-03;2.996338e-02;7.209893e-02;1.866391e-02;3.403981e-03
1.617625e-02;1.138807e-02;6.427660e-01;7.464405e-02;4.861202e-02;1.696089e-02;6.181666e-02;4.854030e-03;2.786370e-02;5.884140e-02;3.050675e-02;5.570236e-03
1.379450e-02;9.959840e-03;6.457842e-01;8.417340e-02;4.809121e-02;1.183239e-02;5.574178e-02;6.673262e-03;2.264092e-02;5.219695e-02;4.119214e-02;7.919437e-03
6.757180e-03;1.134952e-02;6.536616e-01;8.982092e-02;5.834766e-02;1.542740e-02;3.769957e-02;7.707851e-03;1.482913e-02;4.977873e-02;4.879903e-02;5.821419e-03
8.862616e-03;2.484157e-02;6.395683e-01;7.787612e-02;6.996317e-02;2.559294e-02;3.079233e-02;8.820738e-03;1.402070e-02;5.718188e-02;3.921606e-02;3.263611e-03
2.457602e-02;5.897079e-02;5.331148e-01;5.595293e-02;6.226025e-02;3.375056e-02;7.316638e-02;1.635485e-02;4.074231e-02;6.406176e-02;2.777822e-02;9.271189e-03
5.352170e-02;9.006125e-02;3.088514e-01;4.045025e-02;4.041743e-02;3.392159e-02;1.084096e-01;3.857022e-02;1.133877e-01;9.560553e-02;5.330825e-02;2.349504e-02
8.557535e-02;8.139765e-02;1.307361e-01;1.604989e-02;3.985707e-02;2.744387e-02;1.287991e-01;4.682899e-02;1.905025e-01;1.223971e-01;8.924431e-02;4.116808e-02
6.791797e-02;6.512856e-02;1.008671e-01;4.001108e-02;4.482022e-02;3.796083e-02;1.461734e-01;9.238405e-02;1.794944e-01;8.024244e-02;9.383748e-02;5.116259e-02
7.301155e-02;5.502022e-02;1.185569e-01;5.350005e-02;3.651642e-02;4.040553e-02;1.265551e-01;1.103434e-01;1.597468e-01;1.020051e-01;7.289091e-02;5.144796e-02
8.597349e-02;4.261428e-02;1.906133e-01;5.984940e-02;3.873459e-02;4.630956e-02;8.689786e-02;1.164539e-01;1.340232e-01;1.351050e-01;4.415601e-02;1.926938e-02
7.710512e-02;5.180144e-02;1.753375e-01;5.777151e-02;6.261367e-02;6.533184e-02;1.382463e-01;1.074490e-01;8.206506e-02;8.348266e-02;5.108322e-02;4.771264e-02
6.606337e-02;5.579793e-02;1.375988e-01;5.212260e-02;6.646179e-02;6.846511e-02;1.558150e-01;1.320325e-01;1.004967e-01;7.090152e-02;4.529960e-02;4.894517e-02
5.295278e-02;5.790745e-02;1.091665e-01;4.527940e-02;4.831540e-02;7.209677e-02;1.712199e-01;1.850202e-01;1.104095e-01;7.332780e-02;3.205149e-02;4.225276e-02
5.072386e-02;6.092970e-02;1.041420e-01;3.131283e-02;4.035999e-02;6.529989e-02;1.670243e-01;1.689356e-01;1.129912e-01;8.706488e-02;5.445415e-02;5.676163e-02
5.554040e-02;5.590876e-02;9.642320e-02;3.641399e-02;5.117573e-02;6.750351e-02;1.641611e-01;1.556413e-01;1.587933e-01;7.594056e-02;3.855001e-02;4.394816e-02
4.061525e-02;2.910457e-02;8.545528e-02;2.926336e-02;6.136993e-02;8.355314e-02;2.127763e-01;2.210705e-01;1.077013e-01;7.969038e-02;2.999668e-02;1.940330e-02
2.445921e-02;3.223188e-02;1.958045e-01;3.302883e-02;6.999326e-02;7.413291e-02;1.716474e-01;1.897263e-01;7.812835e-02;7.676000e-02;2.835670e-02;2.573066e-02
5.749774e-02;6.605007e-02;3.786837e-01;3.785612e-02;6.478964e-02;5.790728e-02;1.279734e-01;6.541097e-02;6.751508e-02;3.955946e-02;1.725537e-02;1.950111e-02
9.750848e-02;1.185551e-01;3.950975e-01;3.464568e-02;4.628102e-02;4.848448e-02;1.067470e-01;2.277497e-02;7.222988e-02;3.166793e-02;1.211109e-02;1.389683e-02
1.298992e-01;1.831755e-01;3.744186e-01;2.407877e-02;2.321070e-02;3.637118e-02;7.307515e-02;1.958043e-02;9.213582e-02;2.507362e-02;1.002375e-02;8.957229e-03
1.444366e-01;2.230925e-01;3.313695e-01;1.654734e-02;1.271286e-02;3.188572e-02;6.901433e-02;3.616822e-02;9.515958e-02;2.003147e-02;1.007048e-02;9.511372e-03
1.872913e-01;2.046601e-01;2.948855e-01;1.300417e-02;1.463823e-02;4.045453e-02;6.332013e-02;3.906615e-02;8.917174e-02;2.587236e-02;9.889646e-03;1.774614e-02
2.604847e-01;1.695227e-01;2.605675e-01;1.505554e-02;2.415620e-02;3.883616e-02;5.199160e-02;2.969103e-02;6.677822e-02;3.583482e-02;1.896215e-02;2.811939e-02
2.681338e-01;1.510005e-01;2.205474e-01;1.791515e-02;2.739008e-02;5.102489e-02;6.544091e-02;3.293939e-02;4.023301e-02;4.786453e-02;3.860883e-02;3.890156e-02
1.775806e-01;1.180438e-01;2.468704e-01;2.523556e-02;3.311110e-02;9.500282e-02;6.674328e-02;3.948256e-02;5.889031e-02;6.317002e-02;4.317269e-02;3.269684e-02
1.120300e-01;6.735422e-02;2.486652e-01;3.999856e-02;6.059801e-02;1.129688e-01;8.312939e-02;6.297939e-02;8.287100e-02;5.991394e-02;4.485111e-02;2.464035e-02
9.232026e-02;4.289704e-02;2.076873e-01;3.872974e-02;6.116978e-02;1.093874e-01;8.997139e-02;8.865435e-02;1.234302e-01;6.271896e-02;3.781661e-02;4.521690e-02
8.634367e-02;4.744395e-02;1.690400e-01;2.726532e-02;6.530944e-02;1.043340e-01;9.701808e-02;1.153687e-01;1.006621e-01;8.957750e-02;3.851332e-02;5.912390e-02
9.119065e-02;4.884667e-02;1.537279e-01;3.646157e-02;1.088797e-01;6.940012e-02;9.811068e-02;1.378723e-01;5.807761e-02;9.854215e-02;3.827319e-02;6.061744e-02
9.655122e-02;4.572631e-02;1.884521e-01;4.784909e-02;1.075699e-01;2.832904e-02;8.738789e-02;1.226198e-01;8.871450e-02;9.582215e-02;4.960793e-02;4.137007e-02
9.346271e-02;5.622210e-02;2.324527e-01;3.450816e-02;8.027836e-02;3.675137e-02;9.911579e-02;7.588319e-02;1.350559e-01;1.023202e-01;3.618487e-02;1.776459e-02
7.427141e-02;7.650527e-02;2.098784e-01;3.136985e-02;1.125520e-01;6.700384e-02;1.101621e-01;7.643250e-02;8.809976e-02;9.476463e-02;3.211227e-02;2.684788e-02
6.776391e-02;7.903081e-02;1.620723e-01;4.336755e-02;1.328822e-01;1.053359e-01;8.730138e-02;1.117478e-01;7.066015e-02;5.932311e-02;3.534897e-02;4.516591e-02
6.941780e-02;5.505354e-02;1.129057e-01;4.362754e-02;1.208952e-01;9.452336e-02;9.210802e-02;1.110113e-01;1.109819e-01;6.617791e-02;6.486422e-02;5.843344e-02
6.178501e-02;5.272130e-02;8.731014e-02;5.561987e-02;8.848216e-02;8.760742e-02;1.045882e-01;1.133962e-01;9.694969e-02;1.059210e-01;8.845736e-02;5.716162e-02
6.480420e-02;5.250161e-02;8.508804e-02;8.436456e-02;4.946529e-02;9.588493e-02;8.502530e-02;1.209968e-01;1.107486e-01;1.178686e-01;4.906916e-02;8.418283e-02
7.259186e-02;5.243219e-02;6.957476e-02;8.859064e-02;6.779155e-02;1.237680e-01;7.879190e-02;1.280923e-01;1.215125e-01;1.011059e-01;3.721954e-02;5.852892e-02
4.750447e-02;4.562108e-02;8.749505e-02;8.027565e-02;7.164147e-02;1.172129e-01;1.003687e-01;1.666367e-01;8.942150e-02;7.393904e-02;6.193946e-02;5.794393e-02
4.566586e-02;2.876079e-02;1.250207e-01;1.001168e-01;7.749636e-02;7.833768e-02;1.295309e-01;1.562676e-01;7.974067e-02;6.579771e-02;5.290564e-02;6.035922e-02
6.606077e-02;2.983799e-02;1.180477e-01;7.440208e-02;8.315384e-02;7.293443e-02;1.394022e-01;9.577747e-02;1.021236e-01;7.535575e-02;7.780061e-02;6.510358e-02
8.086153e-02;4.269776e-02;1.027160e-01;7.309990e-02;1.073841e-01;9.406473e-02;8.744416e-02;4.139173e-02;1.234273e-01;6.659108e-02;9.398890e-02;8.633284e-02
8.031141e-02;2.862164e-02;2.241473e-01;9.589349e-02;9.081502e-02;8.002644e-02;1.103496e-01;5.085914e-02;6.938512e-02;2.588720e-02;7.003973e-02;7.366384e-02
1.004470e-01;6.089955e-02;2.541825e-01;6.819743e-02;8.767128e-02;5.450624e-02;1.145455e-01;5.846688e-02;8.494071e-02;3.839456e-02;3.821191e-02;3.953649e-02
