7.929182e-02;6.383027e-02;1.093162e-01;8.324343e-02;9.771691e-02;8.537107e-02;1.167518e-01;7.450433e-02;8.461855e-02;5.913744e-02;6.088589e-02;8.533228e-02
8.828928e-02;5.798771e-02;1.137726e-01;4.983439e-02;1.199873e-01;9.966131e-02;1.236864e-01;7.608815e-02;8.501436e-02;5.116018e-02;2.878559e-02;1.057327e-01
8.922280e-02;9.233880e-02;9.192178e-02;9.988539e-02;1.337290e-01;1.201987e-01;7.628587e-02;5.018099e-02;8.082487e-02;5.818909e-02;5.486364e-02;5.235903e-02
5.329695e-02;7.940249e-02;1.410870e-01;7.859671e-02;1.083289e-01;5.182599e-02;1.049695e-01;6.809754e-02;7.099619e-02;1.025167e-01;8.879212e-02;5.208991e-02
6.759355e-02;6.546741e-02;1.510312e-01;1.407078e-01;4.764985e-02;3.298229e-02;9.206492e-02;6.221902e-02;8.231786e-02;9.236855e-02;9.745406e-02;6.814352e-02
8.855015e-02;6.988334e-02;1.314768e-01;1.364466e-01;7.661273e-02;2.140354e-02;8.077758e-02;5.612280e-02;7.306589e-02;7.602517e-02;1.084040e-01;8.123150e-02
9.683746e-02;5.523650e-02;1.396345e-01;8.222050e-02;1.390211e-01;2.659893e-02;7.277120e-02;5.972997e-02;4.190773e-02;6.509021e-02;1.389473e-01;8.200458e-02
9.935469e-02;6.519447e-02;1.478076e-01;3.299670e-02;1.596992e-01;5.456234e-02;5.149062e-02;6.938521e-02;3.967794e-02;5.419759e-02;1.549543e-01;7.067933e-02
1.197698e-01;9.622082e-02;1.082256e-01;6.569742e-02;1.460805e-01;6.085300e-02;4.108332e-02;6.497204e-02;8.766135e-02;3.371190e-02;1.261781e-01;4.954612e-02
1.772070e-01;8.938896e-02;7.582998e-02;4.398032e-02;1.418523e-01;5.095837e-02;4.680036e-02;1.250591e-01;7.537558e-02;2.051166e-02;9.874005e-02;5.429624e-02
2.210105e-01;4.849103e-02;6.449025e-02;3.210195e-02;1.383449e-01;3.237213e-02;7.316741e-02;1.923635e-01;3.425074e-02;2.636474e-02;7.295655e-02;6.408639e-02
1.861408e-01;2.963820e-02;5.678087e-02;4.189343e-02;9.811904e-02;3.155287e-02;1.398104e-01;1.819313e-01;3.009649e-02;4.074266e-02;4.700445e-02;1.162894e-01
1.333597e-01;4.064903e-02;6.595785e-02;4.984917e-02;6.285094e-02;4.505220e-02;1.784528e-01;1.364817e-01;3.105533e-02;5.138471e-02;5.228591e-02;1.526207e-01
1.047640e-01;4.084062e-02;7.562026e-02;5.701168e-02;4.626220e-02;6.143149e-02;1.588941e-01;1.338184e-01;3.297182e-02;5.935170e-02;7.640067e-02;1.526330e-01
8.150966e-02;4.464911e-02;9.876088e-02;3.058558e-02;7.424799e-02;7.803150e-02;8.646651e-02;1.405988e-01;5.642467e-02;6.421265e-02;1.118300e-01;1.326826e-01
1.055230e-01;2.764829e-02;1.386377e-01;2.225533e-02;9.108178e-02;6.844834e-02;7.766838e-02;9.502041e-02;6.503331e-02;5.823589e-02;1.451084e-01;1.053392e-01
8.732648e-02;3.997289e-02;1.193305e-01;2.524542e-02;7.020132e-02;6.107874e-02;1.322345e-01;7.447585e-02;8.782456e-02;6.947846e-02;1.232464e-01;1.095849e-01
1.042544e-01;5.699736e-02;8.981018e-02;4.394409e-02;1.272986e-01;7.098191e-02;1.317104e-01;8.969368e-02;7.668696e-02;5.872643e-02;6.357137e-02;8.632457e-02
1.100285e-01;8.612115e-02;8.496442e-02;4.327618e-02;5.109593e-02;4.153135e-02;8.834487e-02;7.433409e-02;6.800833e-02;4.459883e-02;1.065472e-01;2.011492e-01
1.120188e-01;8.512616e-02;8.936101e-02;4.111104e-02;3.828241e-02;3.656733e-02;8.868621e-02;6.917621e-02;6.942306e-02;4.305762e-02;1.109718e-01;2.162183e-01
1.059240e-01;7.519192e-02;1.187185e-01;4.968314e-02;3.569731e-02;3.485904e-02;9.105460e-02;8.566061e-02;6.932641e-02;3.818085e-02;8.536906e-02;2.103346e-01
1.390480e-01;1.095447e-01;1.388069e-01;3.616518e-02;5.540091e-02;3.342742e-02;6.999636e-02;1.135452e-01;1.319665e-01;5.358516e-02;5.161725e-02;6.689633e-02
2.164794e-01;1.094503e-01;1.139019e-01;2.289481e-02;6.782303e-02;2.540299e-02;2.629371e-02;1.598550e-01;1.375342e-01;4.652264e-02;3.656556e-02;3.727653e-02
3.236064e-01;7.739142e-02;8.100575e-02;1.597394e-02;6.861016e-02;1.439330e-02;2.814882e-02;2.211078e-01;8.931707e-02;2.509937e-02;2.063721e-02;3.470883e-02
4.079411e-01;3.893382e-02;6.145862e-02;1.237963e-02;6.293616e-02;1.322949e-02;4.016275e-02;2.830016e-01;2.651678e-02;1.182867e-02;1.621115e-02;2.540021e-02
4.151423e-01;3.268045e-02;5.503554e-02;9.738937e-03;5.506106e-02;1.273293e-02;4.374514e-02;3.078244e-01;1.774983e-02;8.724718e-03;1.170935e-02;2.985540e-02
3.659357e-01;2.780217e-02;4.787381e-02;1.631332e-02;4.924069e-02;1.214719e-02;7.201486e-02;3.074659e-01;1.807177e-02;1.321662e-02;9.684259e-03;6.023373e-02
2.824063e-01;1.895061e-02;3.730738e-02;2.448680e-02;3.812362e-02;1.423849e-02;1.478763e-01;2.772573e-01;1.704306e-02;2.677347e-02;9.186428e-03;1.063502e-01
1.911935e-01;1.862405e-02;2.796282e-02;3.907230e-02;2.563781e-02;3.269721e-02;2.442550e-01;2.157855e-01;1.718240e-02;4.802756e-02;1.199218e-02;1.275697e-01
1.398339e-01;2.072355e-02;2.844767e-02;4.566040e-02;2.476719e-02;5.873270e-02;2.734010e-01;1.601629e-01;3.234138e-02;7.036668e-02;2.621599e-02;1.193467e-01
1.115709e-01;3.620016e-02;4.482795e-02;5.044609e-02;2.887942e-02;8.290186e-02;2.332895e-01;1.249168e-01;3.301249e-02;8.951521e-02;4.439222e-02;1.200474e-01
8.353461e-02;6.065993e-02;4.120733e-02;3.883884e-02;2.337191e-02;8.267678e-02;1.506423e-01;1.134783e-01;5.602535e-02;8.508558e-02;7.660310e-02;1.878761e-01
1.170916e-01;4.724644e-02;5.735400e-02;5.971071e-02;2.119168e-02;4.789723e-02;2.164339e-01;4.380206e-02;4.642187e-02;6.357267e-02;1.026666e-01;1.766112e-01
6.956951e-02;3.212716e-02;8.521460e-02;4.483046e-02;2.591625e-02;6.373249e-02;1.670817e-01;3.530371e-02;5.894784e-02;8.314246e-02;1.554203e-01;1.787135e-01
7.269122e-02;4.939092e-02;9.753723e-02;4.217469e-02;2.048051e-02;6.399453e-02;1.862505e-01;3.693142e-02;3.298006e-02;8.066157e-02;1.467738e-01;1.701336e-01
1.372565e-01;4.051480e-02;6.278201e-02;4.123092e-02;2.757987e-02;5.043520e-02;2.168819e-01;3.263969e-02;6.694432e-02;5.780482e-02;1.106686e-01;1.552614e-01
1.878159e-01;3.217182e-02;4.717646e-02;4.360970e-02;3.120606e-02;4.153351e-02;1.944617e-01;4.412437e-02;5.911974e-02;5.197974e-02;9.113986e-02;1.756612e-01
1.910698e-01;5.687397e-02;4.673773e-02;6.034305e-02;2.067150e-02;2.763277e-02;1.734499e-01;9.646801e-02;3.494436e-02;7.450338e-02;4.843370e-02;1.688718e-01
1.682819e-01;5.338811e-02;3.165287e-02;6.961680e-02;1.050481e-02;1.840482e-02;2.221879e-01;1.234969e-01;1.726047e-02;8.773430e-02;2.327147e-02;1.741996e-01
9.612922e-02;3.334638e-02;1.597463e-02;6.539691e-02;7.642550e-03;2.866495e-02;3.048938e-01;1.187837e-01;2.358751e-02;6.840707e-02;3.196066e-02;2.052126e-01
4.159871e-02;1.693886e-02;2.007861e-02;5.241332e-02;6.161907e-03;5.003711e-02;3.550946e-01;9.753102e-02;3.288146e-02;4.156015e-02;5.235534e-02;2.333489e-01
2.120502e-02;2.123888e-02;3.045705e-02;4.764659e-02;7.821862e-03;6.419693e-02;3.604006e-01;5.566714e-02;3.545163e-02;2.939934e-02;5.997131e-02;2.665436e-01
3.975430e-02;3.284315e-02;1.654110e-02;5.884968e-02;1.093911e-02;7.116821e-02;3.516620e-01;2.416543e-02;2.332666e-02;2.180711e-02;4.528205e-02;3.036611e-01
3.704872e-02;2.287072e-02;4.457334e-02;4.396061e-02;2.017799e-02;1.002453e-01;2.595374e-01;3.625523e-02;4.112956e-02;2.338733e-02;1.195102e-01;2.513036e-01
3.047923e-02;1.326772e-02;6.987635e-02;2.778968e-02;3.134584e-02;1.291466e-01;1.729828e-01;4.102067e-02;6.036285e-02;4.376698e-02;1.914214e-01;1.885399e-01
3.149932e-02;1.799938e-02;9.100539e-02;2.800328e-02;4.214237e-02;1.458560e-01;1.118947e-01;4.004277e-02;7.698216e-02;7.123677e-02;2.276265e-01;1.157112e-01
3.338283e-02;3.805150e-02;1.438399e-01;4.521495e-02;6.619588e-02;1.149220e-01;1.435608e-01;5.205363e-02;9.036778e-02;9.991905e-02;1.368102e-01;3.568158e-02
6.512246e-02;5.710249e-02;1.671985e-01;5.903355e-02;5.072733e-02;8.974531e-02;1.383664e-01;8.154204e-02;7.124446e-02;8.336215e-02;4.831294e-02;8.824232e-02
8.855291e-02;4.892807e-02;1.203469e-01;6.133197e-02;6.026001e-02;9.895739e-02;1.255512e-01;8.057842e-02;1.425760e-01;6.548359e-02;4.950016e-02;5.793348e-02
8.395568e-02;6.928305e-02;9.600642e-02;6.602298e-02;8.973592e-02;9.855624e-02;1.019601e-01;5.374459e-02;1.789197e-01;8.386134e-02;2.768919e-02;5.026478e-02
5.851843e-02;5.699076e-02;1.230569e-01;8.147234e-02;8.390023e-02;1.082139e-01;9.807806e-02;6.741544e-02;1.222922e-01;1.041009e-01;5.234724e-02;4.361358e-02
4.757615e-02;3.536301e-02;1.162363e-01;9.969915e-02;6.810357e-02;1.275789e-01;1.646695e-01;7.056482e-02;7.585493e-02;1.012411e-01;5.031951e-02;4.279320e-02
5.481387e-02;3.288669e-02;1.216549e-01;1.069601e-01;8.030763e-02;9.295785e-02;1.696587e-01;8.157757e-02;3.937568e-02;1.030012e-01;6.945173e-02;4.735418e-02
6.594717e-02;4.884677e-02;1.322417e-01;9.921409e-02;7.923476e-02;7.062527e-02;1.447325e-01;7.841978e-02;7.420075e-02;9.764360e-02;7.344809e-02;3.544552e-02
4.884038e-02;8.163277e-02;1.428429e-01;8.940110e-02;7.410128e-02;5.381260e-02;1.444270e-01;6.059205e-02;1.180825e-01;1.090196e-01;4.988433e-02;2.736339e-02
4.355588e-02;9.409530e-02;1.549990e-01;8.577927e-02;7.691286e-02;5.643820e-02;1.241754e-01;5.613951e-02;9.929543e-02;1.208986e-01;4.138719e-02;4.632336e-02
5.801282e-02;4.459741e-02;1.655797e-01;7.764494e-02;6.946473e-02;7.593528e-02;8.834099e-02;8.891919e-02;8.501715e-02;1.006478e-01;7.719292e-02;6.864709e-02
6.823994e-02;4.718541e-02;1.967165e-01;8.327186e-02;9.774817e-02;5.863122e-02;9.219755e-02;8.538122e-02;8.006834e-02;8.829169e-02;5.932331e-02;4.294476e-02
8.098635e-02;5.923088e-02;2.081889e-01;9.490517e-02;7.805378e-02;5.526877e-02;1.211607e-01;4.679961e-02;6.355491e-02;5.843511e-02;6.542908e-02;6.798682e-02
1.025476e-01;6.900860e-02;1.643420e-01;8.376886e-02;8.134783e-02;4.183590e-02;1.404576e-01;8.891562e-02;6.518272e-02;3.804103e-02;6.004654e-02;6.450567e-02
1.225135e-01;6.433509e-02;1.176185e-01;7.388519e-02;8.218580e-02;3.354417e-02;1.662604e-01;1.461341e-01;6.396486e-02;2.314433e-02;4.797914e-02;5.843493e-02
1.088604e-01;4.340186e-02;5.515613e-02;1.200381e-01;6.655902e-02;2.363836e-02;2.353959e-01;1.851390e-01;3.748366e-02;2.389337e-02;3.031249e-02;7.012175e-02
7.849844e-02;1.265038e-02;1.482134e-02;1.763269e-01;2.315300e-02;1.647370e-02;3.309868e-01;1.711407e-01;1.982436e-02;3.049937e-02;1.853395e-02;1.070910e-01
5.797025e-02;1.587099e-02;1.338558e-02;1.801380e-01;1.324986e-02;2.500223e-02;3.865491e-01;1.283295e-01;1.316946e-02;2.538722e-02;1.614031e-02;1.248076e-01
3.320067e-02;1.737314e-02;1.456666e-02;1.720589e-01;1.618692e-02;2.943885e-02;4.333281e-01;8.102328e-02;1.694137e-02;2.095920e-02;1.582078e-02;1.491022e-01
2.349889e-02;2.122563e-02;1.109707e-02;1.534786e-01;8.322046e-03;2.584540e-02;4.557430e-01;6.348108e-02;1.771232e-02;3.077591e-02;1.426065e-02;1.745595e-01
1.624110e-02;2.435721e-02;1.171768e-02;1.334952e-01;1.920334e-02;2.709762e-02;4.357654e-01;4.952440e-02;2.268070e-02;5.104893e-02;1.681461e-02;1.920538e-01
2.053563e-02;3.054403e-02;1.138093e-02;1.244304e-01;2.143450e-02;2.729551e-02;3.952618e-01;4.765253e-02;2.830439e-02;7.660639e-02;1.559723e-02;2.009567e-01
3.514075e-02;3.282817e-02;1.522886e-02;1.168070e-01;2.000356e-02;1.982225e-02;3.600940e-01;4.928244e-02;2.629250e-02;1.109813e-01;2.052342e-02;1.929958e-01
5.290386e-02;2.887738e-02;1.688143e-02;1.101962e-01;2.214376e-02;1.807930e-02;3.272887e-01;7.131656e-02;2.908457e-02;1.340086e-01;2.116475e-02;1.680548e-01
1.182492e-01;4.464101e-02;4.686155e-02;7.969216e-02;4.674150e-02;2.743571e-02;2.187057e-01;1.106482e-01;4.399627e-02;9.278426e-02;4.742486e-02;1.228195e-01
1.881499e-01;6.039434e-02;6.358524e-02;5.388783e-02;7.209844e-02;2.131647e-02;1.135031e-01;1.733904e-01;4.489929e-02;3.933523e-02;8.320098e-02;8.623882e-02
2.360701e-01;8.096050e-02;8.187094e-02;3.908921e-02;8.240927e-02;1.191001e-02;5.145709e-02;1.755667e-01;3.989866e-02;3.405073e-02;9.781525e-02;6.890155e-02
2.527578e-01;1.066832e-01;1.380118e-01;2.986485e-02;7.509970e-02;1.409882e-02;3.545918e-02;1.273172e-01;4.614865e-02;3.482719e-02;8.800779e-02;5.172388e-02
2.270917e-01;1.063246e-01;1.801260e-01;3.575841e-02;6.509575e-02;2.560170e-02;7.491793e-02;7.943369e-02;4.850826e-02;4.289982e-02;7.065426e-02;4.358794e-02
1.568883e-01;7.876585e-02;1.957168e-01;5.808080e-02;7.185000e-02;3.551675e-02;1.146071e-01;5.586268e-02;4.012944e-02;6.743893e-02;7.554588e-02;4.959738e-02
1.091328e-01;3.890358e-02;1.670051e-01;5.059392e-02;8.351577e-02;5.305264e-02;1.492736e-01;7.310095e-02;7.930554e-02;8.116873e-02;4.902085e-02;6.592652e-02
9.514105e-02;5.698181e-02;1.720488e-01;4.979911e-02;6.419043e-02;5.902908e-02;2.120224e-01;6.966934e-02;7.209084e-02;6.840951e-02;3.784065e-02;4.277695e-02
8.464252e-02;5.904527e-02;1.833399e-01;5.211217e-02;6.821308e-02;6.025043e-02;2.199300e-01;6.435426e-02;7.191162e-02;6.508187e-02;3.692149e-02;3.419743e-02
6.862121e-02;5.239918e-02;1.997205e-01;5.285266e-02;7.479192e-02;6.007479e-02;2.237020e-01;6.157966e-02;7.450288e-02;6.733375e-02;3.499058e-02;2.943082e-02
5.206047e-02;4.413562e-02;2.137702e-01;5.525851e-02;8.030947e-02;5.901114e-02;2.136514e-01;6.195721e-02;8.168746e-02;7.576317e-02;3.521575e-02;2.717966e-02
1.458227e-01;5.450261e-02;9.358829e-02;7.526657e-02;8.757285e-02;6.964053e-02;1.015418e-01;6.404343e-02;1.261198e-01;9.659277e-02;3.101273e-02;5.429587e-02
1.070828e-01;7.085083e-02;1.561744e-01;8.093096e-02;8.854137e-02;4.188878e-02;1.056729e-01;5.033273e-02;1.261932e-01;7.748914e-02;4.801901e-02;4.682386e-02
1.086743e-01;6.439529e-02;1.437799e-01;7.281319e-02;1.162862e-01;4.580012e-02;9.508254e-02;8.000313e-02;9.153130e-02;9.225926e-02;5.352022e-02;3.585460e-02
6.120021e-02;6.452470e-02;1.319887e-01;6.518356e-02;1.530920e-01;6.154386e-02;1.036634e-01;9.279009e-02;8.562893e-02;1.037201e-01;4.393883e-02;3.272564e-02
4.903734e-02;5.701530e-02;3.597117e-01;5.001503e-02;9.542836e-02;5.901049e-02;1.192452e-01;5.313487e-02;5.622721e-02;5.640250e-02;1.993719e-02;2.483478e-02
7.337002e-02;6.191203e-02;4.544381e-01;3.401174e-02;5.556668e-02;3.810081e-02;9.744029e-02;3.583880e-02;5.006966e-02;6.078158e-02;2.032172e-02;1.814850e-02
8.900411e-02;6.501101e-02;4.404531e-01;3.211766e-02;5.867796e-02;3.159380e-02;9.348722e-02;3.261166e-02;4.064292e-02;7.246412e-02;2.150265e-02;2.243387e-02
9.312824e-02;6.181763e-02;3.816991e-01;3.414284e-02;6.306007e-02;3.891616e-02;1.001649e-01;4.890911e-02;3.002411e-02;8.269708e-02;3.436793e-02;3.107278e-02
7.783825e-02;5.817930e-02;2.970340e-01;4.083674e-02;6.079751e-02;4.652033e-02;9.368674e-02;5.735540e-02;7.841441e-02;1.095379e-01;4.353882e-02;3.626058e-02
5.981598e-02;6.288298e-02;2.015908e-01;5.085092e-02;6.003555e-02;4.752871e-02;1.345054e-01;9.136876e-02;1.140060e-01;1.191251e-01;2.128048e-02;3.700928e-02
6.634898e-02;7.755477e-02;1.219866e-01;6.784271e-02;9.445034e-02;7.046499e-02;1.124390e-01;9.987683e-02;7.832803e-02;1.445344e-01;3.764853e-02;2.852481e-02
5.370139e-02;7.401106e-02;1.085229e-01;8.533473e-02;8.079986e-02;6.428104e-02;7.512177e-02;1.003704e-01;1.088236e-01;1.641373e-01;4.127134e-02;4.362466e-02
5.711653e-02;4.249905e-02;9.731796e-02;6.709491e-02;8.090619e-02;5.524424e-02;6.429439e-02;9.449798e-02;1.695258e-01;1.612439e-01;5.325597e-02;5.700303e-02
8.885442e-02;5.681633e-02;7.645813e-02;5.252370e-02;5.742971e-02;8.112810e-02;1.198801e-01;9.748720e-02;1.302764e-01;1.207637e-01;7.280199e-02;4.558015e-02
7.801151e-02;6.828062e-02;7.740717e-02;5.344801e-02;5.579998e-02;8.190618e-02;1.401885e-01;1.017380e-01;1.137686e-01;1.109970e-01;7.312743e-02;4.532701e-02
3.481445e-02;7.521409e-02;1.829269e-01;6.472624e-02;6.661596e-02;7.952730e-02;1.097963e-01;1.040258e-01;7.769127e-02;8.873142e-02;6.847262e-02;4.745760e-02
1.005769e-01;8.834931e-02;2.715550e-01;8.426838e-02;8.170453e-02;5.016158e-02;8.623435e-02;4.647269e-02;4.383382e-02;6.560180e-02;4.763158e-02;3.361008e-02
1.256388e-01;1.079222e-01;2.940374e-01;7.624520e-02;7.718303e-02;4.155725e-02;7.512080e-02;4.246112e-02;7.096537e-02;4.664752e-02;2.548313e-02;1.673823e-02
1.604851e-01;1.389168e-01;2.416361e-01;4.969332e-02;7.415360e-02;4.221337e-02;6.182524e-02;6.476709e-02;1.099690e-01;2.744235e-02;2.057134e-02;8.326679e-03
2.336825e-01;1.446184e-01;1.618830e-01;1.883544e-02;8.921134e-02;2.427965e-02;3.680416e-02;1.157766e-01;1.262276e-01;1.255913e-02;2.550984e-02;1.061231e-02
2.731496e-01;8.919752e-02;1.338379e-01;1.086868e-02;9.917993e-02;1.929703e-02;2.487229e-02;2.042600e-01;8.755172e-02;1.145245e-02;2.772465e-02;1.860828e-02
2.659370e-01;6.183746e-02;1.343848e-01;1.931550e-02;9.292146e-02;2.323287e-02;3.844766e-02;2.551110e-01;5.013566e-02;1.294308e-02;2.118920e-02;2.454426e-02
2.637377e-01;5.063096e-02;1.421956e-01;2.233131e-02;9.081720e-02;1.955551e-02;4.380522e-02;2.814697e-01;2.774293e-02;1.310179e-02;2.313036e-02;2.148177e-02
2.752272e-01;3.966796e-02;1.517930e-01;1.595585e-02;8.177838e-02;1.174055e-02;5.785308e-02;2.990242e-01;1.329236e-02;1.108741e-02;2.130614e-02;2.127390e-02
2.827471e-01;3.279686e-02;1.466253e-01;1.322908e-02;6.664392e-02;1.411975e-02;7.922035e-02;2.980822e-01;1.485615e-02;7.938452e-03;1.525830e-02;2.848249e-02
2.920879e-01;3.318006e-02;1.434400e-01;8.041166e-03;5.691276e-02;1.403128e-02;1.121929e-01;2.746119e-01;8.334897e-03;7.863017e-03;1.264292e-02;3.666123e-02
2.977170e-01;4.585348e-02;1.430407e-01;1.644483e-02;4.611456e-02;1.561649e-02;1.166757e-01;2.272985e-01;2.071358e-02;1.108145e-02;1.457621e-02;4.486746e-02
2.591206e-01;7.363671e-02;1.262249e-01;3.052170e-02;5.019715e-02;3.167094e-02;1.270048e-01;1.597445e-01;2.223299e-02;2.104667e-02;2.202447e-02;7.657453e-02
2.028652e-01;1.142400e-01;9.919368e-02;3.584186e-02;6.123638e-02;4.472461e-02;1.400448e-01;9.618815e-02;2.830564e-02;4.151855e-02;3.856497e-02;9.727618e-02
1.368244e-01;1.258729e-01;1.407716e-01;8.368708e-02;6.342676e-02;4.084503e-02;1.015418e-01;5.681150e-02;3.321524e-02;6.951981e-02;5.839904e-02;8.908488e-02
8.270066e-02;7.505778e-02;1.503261e-01;9.762724e-02;6.980435e-02;8.210714e-02;6.898487e-02;4.811582e-02;4.828080e-02;5.448310e-02;1.261905e-01;9.632163e-02
6.725772e-02;3.794795e-02;1.443470e-01;5.225810e-02;6.818268e-02;7.515609e-02;7.697932e-02;5.474601e-02;5.370161e-02;7.955910e-02;1.907009e-01;9.916356e-02
5.627173e-02;4.033335e-02;1.577190e-01;2.774187e-02;4.591538e-02;5.258942e-02;1.061417e-01;7.275777e-02;7.851140e-02;1.239543e-01;1.548813e-01;8.318269e-02
5.639772e-02;4.924032e-02;2.258206e-01;2.792203e-02;6.218608e-02;5.284528e-02;1.630563e-01;6.273355e-02;7.287267e-02;1.035705e-01;7.636192e-02;4.699302e-02
5.871754e-02;4.153286e-02;2.823446e-01;3.486131e-02;9.181830e-02;5.300811e-02;1.793213e-01;4.141988e-02;5.162833e-02;7.517298e-02;5.524471e-02;3.493007e-02
6.796052e-02;5.535540e-02;2.287198e-01;5.480334e-02;9.039088e-02;5.150142e-02;1.308034e-01;7.278165e-02;5.256204e-02;7.344443e-02;7.626679e-02;4.541028e-02
5.496541e-02;5.741695e-02;1.073162e-01;5.315885e-02;5.987940e-02;6.412054e-02;1.102307e-01;8.147046e-02;1.123832e-01;1.091607e-01;1.128299e-01;7.706781e-02
5.332749e-02;6.292026e-02;1.169657e-01;4.498136e-02;5.618536e-02;6.917420e-02;1.007268e-01;7.737361e-02;1.157286e-01;1.065136e-01;1.165790e-01;7.952404e-02
6.015748e-02;8.152446e-02;1.579484e-01;2.992519e-02;4.862811e-02;7.646421e-02;9.470364e-02;6.830645e-02;9.919426e-02;9.357151e-02;1.090940e-01;8.048238e-02
9.428252e-02;8.285784e-02;2.436721e-01;4.670097e-02;4.098205e-02;6.891900e-02;1.542229e-01;5.495874e-02;3.665219e-02;3.497836e-02;6.067160e-02;8.110169e-02
1.296787e-01;6.391234e-02;1.902063e-01;5.892172e-02;3.453337e-02;4.073850e-02;1.555103e-01;6.251554e-02;3.987024e-02;5.363955e-02;6.693495e-02;1.035385e-01
1.816637e-01;5.746898e-02;1.170780e-01;5.258849e-02;2.579396e-02;3.160088e-02;1.608630e-01;9.608375e-02;2.893815e-02;5.412003e-02;5.680483e-02;1.369962e-01
3.037280e-01;4.297651e-02;5.798936e-02;3.084381e-02;1.790763e-02;1.959836e-02;1.512106e-01;1.362202e-01;2.910231e-02;4.272541e-02;3.673278e-02;1.309651e-01
3.706097e-01;4.182381e-02;7.579116e-02;1.258341e-02;1.404486e-02;1.385781e-02;1.429458e-01;1.562722e-01;3.420020e-02;3.049024e-02;2.760426e-02;7.977659e-02
3.744813e-01;4.164195e-02;8.160815e-02;1.424623e-02;1.353531e-02;1.386151e-02;1.518589e-01;1.496988e-01;2.839988e-02;2.402041e-02;2.440596e-02;8.224162e-02
3.787188e-01;4.254709e-02;8.947048e-02;1.471408e-02;1.648620e-02;1.272818e-02;1.300253e-01;1.372230e-01;3.238356e-02;2.421143e-02;2.962136e-02;9.187049e-02
4.114285e-01;4.467111e-02;9.329908e-02;1.032368e-02;1.499132e-02;1.282255e-02;9.502076e-02;1.154709e-01;3.418406e-02;2.925266e-02;3.712096e-02;1.014144e-01
4.272183e-01;6.277426e-02;8.276726e-02;1.445235e-02;1.956957e-02;1.247135e-02;5.448440e-02;1.013299e-01;4.024396e-02;3.040947e-02;4.741076e-02;1.068684e-01
3.502906e-01;7.140564e-02;5.126895e-02;2.294266e-02;3.650190e-02;1.681633e-02;4.488844e-02;8.852470e-02;5.755061e-02;4.368578e-02;7.388251e-02;1.422419e-01
1.506484e-01;6.708962e-02;1.510890e-01;2.917282e-02;2.801471e-02;2.355875e-02;6.547767e-02;7.451211e-02;7.262917e-02;6.141445e-02;9.080438e-02;1.855889e-01
1.318202e-01;4.301113e-02;2.012507e-01;3.371794e-02;8.376766e-03;1.396409e-02;6.914686e-02;4.644829e-02;6.562276e-02;6.863634e-02;1.088362e-01;2.091688e-01
1.393422e-01;2.409465e-02;2.331652e-01;2.574436e-02;9.234059e-03;1.000279e-02;6.771056e-02;3.227862e-02;4.568696e-02;7.131370e-02;1.280179e-01;2.134090e-01
1.371606e-01;2.412000e-02;2.664404e-01;2.262971e-02;1.566292e-02;1.657500e-02;5.040122e-02;3.854097e-02;4.317531e-02;9.097654e-02;1.319451e-01;1.623723e-01
1.100884e-01;3.968302e-02;2.760789e-01;2.914913e-02;1.849718e-02;3.349323e-02;4.468935e-02;5.847675e-02;6.743367e-02;1.015240e-01;1.376426e-01;8.324376e-02
6.664946e-02;4.137861e-02;2.711866e-01;4.636448e-02;3.469993e-02;5.285048e-02;7.718763e-02;6.238978e-02;8.449931e-02;8.780904e-02;1.289276e-01;4.605703e-02
8.011290e-02;3.413713e-02;1.364930e-01;5.746664e-02;4.938447e-02;5.738346e-02;1.011235e-01;6.578758e-02;1.171984e-01;1.057385e-01;1.203159e-01;7.485845e-02
7.720610e-02;2.686843e-02;2.818778e-01;5.184500e-02;5.956737e-02;4.876558e-02;6.205945e-02;6.361424e-02;8.731100e-02;1.023573e-01;7.566567e-02;6.286201e-02
6.672785e-02;3.692910e-02;3.336050e-01;5.727879e-02;6.567541e-02;4.320623e-02;7.521182e-02;5.647103e-02;4.494566e-02;9.187622e-02;7.923131e-02;4.884164e-02
6.451137e-02;3.194204e-02;2.496028e-01;5.190872e-02;5.298587e-02;4.588772e-02;1.236489e-01;7.075438e-02;7.399563e-02;8.801613e-02;7.937303e-02;6.737347e-02
7.454888e-02;5.780719e-02;1.002948e-01;6.439508e-02;8.071887e-02;7.457291e-02;1.422931e-01;1.063202e-01;9.077583e-02;1.006109e-01;5.476120e-02;5.290110e-02
8.689310e-02;5.950395e-02;8.208733e-02;5.319484e-02;8.572129e-02;8.963753e-02;1.823193e-01;8.334120e-02;8.931328e-02;1.114834e-01;4.715130e-02;2.935357e-02
8.518681e-02;6.552504e-02;8.058622e-02;4.355005e-02;7.870386e-02;9.264953e-02;1.756332e-01;8.703907e-02;9.561884e-02;1.138382e-01;4.781749e-02;3.385164e-02
5.135813e-02;7.533965e-02;1.173803e-01;4.918951e-02;5.748667e-02;9.306684e-02;1.476743e-01;1.005962e-01;1.122278e-01;1.079991e-01;5.333381e-02;3.434760e-02
4.267356e-02;5.886479e-02;1.858290e-01;8.332897e-02;4.743804e-02;9.646323e-02;8.817685e-02;1.154257e-01;1.288350e-01;8.404209e-02;4.609136e-02;2.283136e-02
6.886844e-02;4.145617e-02;1.677277e-01;1.051529e-01;4.500690e-02;7.054079e-02;1.537680e-01;1.086239e-01;9.651954e-02;5.416133e-02;5.981664e-02;2.835775e-02
8.458246e-02;7.719228e-02;2.678372e-01;1.130336e-01;6.718735e-02;4.750798e-02;1.005555e-01;3.987402e-02;5.394927e-02;4.579833e-02;6.616676e-02;3.631520e-02
1.169016e-01;9.693585e-02;2.372483e-01;1.032366e-01;8.596768e-02;4.327910e-02;9.410712e-02;4.610622e-02;5.278945e-02;3.198382e-02;5.594360e-02;3.550065e-02
1.771970e-01;1.035187e-01;1.845535e-01;7.345620e-02;1.135958e-01;3.918196e-02;7.856006e-02;8.259764e-02;4.756009e-02;1.756742e-02;4.785147e-02;3.436013e-02
2.418307e-01;9.625805e-02;1.267527e-01;3.039111e-02;1.510304e-01;3.014025e-02;6.624480e-02;1.494682e-01;3.036303e-02;1.352129e-02;3.180460e-02;3.219502e-02
2.004544e-01;9.625735e-02;1.013029e-01;2.981081e-02;1.323267e-01;4.947285e-02;1.053198e-01;1.472020e-01;5.990221e-02;1.975973e-02;2.977534e-02;2.841583e-02
1.509362e-01;9.208841e-02;1.132996e-01;4.611130e-02;1.171224e-01;9.361636e-02;1.229023e-01;9.672333e-02;7.289787e-02;2.833292e-02;4.738153e-02;1.858776e-02
1.536925e-01;5.549412e-02;1.327574e-01;5.609596e-02;1.319016e-01;8.889811e-02;1.263250e-01;1.145835e-01;4.201137e-02;2.905826e-02;4.994670e-02;1.923545e-02
1.437385e-01;7.119725e-02;1.431559e-01;7.196049e-02;1.113978e-01;6.775866e-02;1.491240e-01;1.030343e-01;5.511374e-02;3.031894e-02;3.768533e-02;1.551507e-02
1.292871e-01;9.341051e-02;1.805128e-01;7.869040e-02;1.014220e-01;4.000817e-02;1.489680e-01;4.220245e-02;9.846299e-02;3.756499e-02;4.042786e-02;9.042734e-03
1.791942e-01;6.878516e-02;1.737817e-01;8.662556e-02;9.737077e-02;4.813423e-02;1.108765e-01;3.677604e-02;1.097227e-01;1.957225e-02;3.774634e-02;3.141451e-02
2.237445e-01;6.897028e-02;1.546808e-01;8.187358e-02;1.058179e-01;3.913673e-02;8.135316e-02;6.122071e-02;7.504430e-02;3.312875e-02;3.539069e-02;3.963870e-02
2.219213e-01;1.019762e-01;1.656020e-01;4.382177e-02;8.312221e-02;2.299926e-02;7.806748e-02;7.725477e-02;5.988368e-02;3.506283e-02;8.376311e-02;2.652538e-02
2.042601e-01;8.111601e-02;1.404003e-01;3.933556e-02;6.163186e-02;2.049102e-02;1.204271e-01;8.447676e-02;2.540631e-02;7.748393e-02;8.107761e-02;6.389343e-02
1.791519e-01;4.792191e-02;1.672948e-01;4.605830e-02;4.420802e-02;2.310949e-02;1.319508e-01;8.405490e-02;5.602363e-02;1.046344e-01;3.195366e-02;8.363812e-02
1.842280e-01;1.000260e-01;2.163218e-01;4.827319e-02;3.116221e-02;1.572665e-02;6.317880e-02;7.415198e-02;7.155901e-02;7.642994e-02;6.507991e-02;5.386255e-02
1.774143e-01;1.433720e-01;2.675270e-01;4.291066e-02;2.264830e-02;1.969131e-02;3.103680e-02;6.609549e-02;8.387466e-02;4.173011e-02;7.427005e-02;2.942926e-02
2.064872e-01;1.497966e-01;2.823865e-01;3.597702e-02;2.087996e-02;1.411586e-02;4.336723e-02;6.824868e-02;7.298023e-02;2.367078e-02;5.696946e-02;2.512052e-02
2.563246e-01;1.365802e-01;2.988670e-01;2.531035e-02;1.680641e-02;8.380168e-03;3.619324e-02;7.781822e-02;3.720033e-02;2.457009e-02;4.984123e-02;3.210823e-02
2.633416e-01;1.229042e-01;3.249081e-01;1.493595e-02;1.781768e-02;7.445053e-03;3.541369e-02;7.428553e-02;2.230367e-02;2.687722e-02;4.859172e-02;4.117563e-02
2.222098e-01;1.012347e-01;2.996377e-01;2.552561e-02;2.835881e-02;1.858324e-02;7.324267e-02;6.848093e-02;1.778768e-02;3.772913e-02;5.664611e-02;5.056366e-02
1.870575e-01;7.391737e-02;2.247938e-01;3.866922e-02;3.099930e-02;3.605269e-02;9.682800e-02;6.155425e-02;4.120661e-02;6.571388e-02;7.154359e-02;7.166386e-02
1.167226e-01;3.527746e-02;3.362865e-01;4.238146e-02;5.086768e-02;3.421532e-02;6.003182e-02;3.099211e-02;6.559826e-02;6.555477e-02;8.182142e-02;8.025057e-02
7.364400e-02;4.057020e-02;2.986370e-01;3.596835e-02;5.722552e-02;3.880644e-02;7.220409e-02;3.779156e-02;1.269421e-01;5.076590e-02;8.383007e-02;8.361474e-02
7.123941e-02;6.562058e-02;2.559606e-01;6.579996e-02;5.316788e-02;2.618110e-02;6.875566e-02;7.525700e-02;1.193508e-01;4.871220e-02;7.467101e-02;7.528385e-02
6.771254e-02;8.745377e-02;2.274406e-01;1.106604e-01;4.628786e-02;2.862626e-02;6.975085e-02;1.133591e-01;7.414282e-02;5.236193e-02;6.166261e-02;6.054129e-02
9.877266e-02;7.120205e-02;1.843837e-01;1.096912e-01;4.634032e-02;4.133392e-02;1.140362e-01;8.814541e-02;7.914636e-02;4.951113e-02;4.661456e-02;7.082248e-02
9.375253e-02;7.232299e-02;1.513392e-01;7.104021e-02;5.861812e-02;4.193473e-02;1.203063e-01;4.930401e-02;1.529624e-01;6.106376e-02;4.795429e-02;7.940146e-02
8.712997e-02;5.489863e-02;9.383023e-02;3.194895e-02;6.768771e-02;3.206689e-02;6.542177e-02;7.141272e-02;2.210784e-01;1.233476e-01;8.474916e-02;6.642803e-02
7.764394e-02;4.708510e-02;8.549114e-02;4.520418e-02;6.837112e-02;4.151237e-02;1.145350e-01;5.306233e-02;1.764969e-01;1.079688e-01;1.352095e-01;4.741951e-02
6.293336e-02;6.201386e-02;1.206373e-01;5.953901e-02;7.472213e-02;4.898990e-02;1.064376e-01;6.135129e-02;7.252876e-02;1.157975e-01;1.725776e-01;4.247168e-02
6.178585e-02;6.886943e-02;1.311410e-01;4.801547e-02;8.911762e-02;5.620100e-02;7.622689e-02;5.249510e-02;5.307950e-02;1.399506e-01;1.650476e-01;5.806998e-02
