3.773741e-02;5.867225e-02;1.082915e-01;2.692692e-02;8.671711e-02;1.745295e-01;3.810113e-02;2.332710e-01;8.029881e-02;5.752308e-02;5.129164e-02;4.663967e-02
2.947076e-02;9.954965e-02;1.576229e-01;5.427657e-02;8.695590e-02;1.645439e-01;5.104467e-02;1.797409e-01;7.438196e-02;3.285458e-02;3.531150e-02;3.424667e-02
2.321927e-02;9.105222e-02;1.319681e-01;7.521208e-02;7.731649e-02;2.224572e-01;7.420743e-02;1.582963e-01;5.669349e-02;2.661644e-02;3.336639e-02;2.959457e-02
1.912015e-02;7.340648e-02;1.077884e-01;8.747105e-02;8.166112e-02;2.260208e-01;1.101453e-01;1.344087e-01;6.033809e-02;2.571949e-02;3.790536e-02;3.601504e-02
2.342447e-02;5.881340e-02;6.851166e-02;9.354141e-02;7.461000e-02;2.364191e-01;1.347845e-01;1.178258e-01;4.998542e-02;2.873296e-02;4.373459e-02;6.961665e-02
3.496197e-02;8.665530e-02;8.347949e-02;7.633962e-02;3.637209e-02;1.704801e-01;1.090155e-01;1.012505e-01;9.019879e-02;3.747615e-02;6.845739e-02;1.053130e-01
3.921890e-02;7.330705e-02;7.093037e-02;5.008509e-02;3.857327e-02;1.667694e-01;9.067926e-02;9.431326e-02;1.345084e-01;4.610235e-02;9.458634e-02;1.009263e-01
3.483047e-02;4.031778e-02;5.717712e-02;3.681901e-02;3.051429e-02;2.159255e-01;7.372464e-02;1.155613e-01;1.912154e-01;5.386621e-02;8.310909e-02;6.693916e-02
2.953601e-02;3.321925e-02;5.371094e-02;5.446100e-02;5.838830e-02;1.762244e-01;5.969572e-02;1.634125e-01;2.253776e-01;6.649436e-02;3.996881e-02;3.951102e-02
2.747150e-02;3.169074e-02;6.674898e-02;6.436608e-02;6.705382e-02;9.422632e-02;7.386791e-02;1.967263e-01;2.502255e-01;4.988566e-02;3.120852e-02;4.652862e-02
3.194541e-02;4.402806e-02;4.291880e-02;6.362545e-02;5.328809e-02;1.132517e-01;8.099386e-02;1.950312e-01;2.415570e-01;5.099342e-02;4.212163e-02;4.024533e-02
2.732320e-02;6.737288e-02;5.859377e-02;3.780584e-02;3.602355e-02;1.687595e-01;6.666688e-02;2.329023e-01;1.882715e-01;5.291418e-02;3.596764e-02;2.739885e-02
3.248741e-02;6.282919e-02;3.778156e-02;3.660872e-02;5.647869e-02;1.519348e-01;6.873069e-02;2.222748e-01;1.456238e-01;7.495818e-02;7.548761e-02;3.480465e-02
4.683895e-02;9.673744e-02;7.774215e-02;4.274821e-02;3.720281e-02;1.074193e-01;8.571176e-02;1.204037e-01;1.161897e-01;1.028147e-01;9.670705e-02;6.948423e-02
6.971414e-02;1.630118e-01;7.634965e-02;4.272147e-02;2.710674e-02;4.616793e-02;7.888025e-02;1.029687e-01;7.692692e-02;1.756054e-01;5.838466e-02;8.216234e-02
9.001022e-02;1.814357e-01;7.729948e-02;3.711247e-02;3.242597e-02;3.187369e-02;6.665714e-02;1.281136e-01;5.004171e-02;2.259731e-01;2.183842e-02;5.721848e-02
9.938215e-02;1.526111e-01;4.824774e-02;4.265450e-02;2.988069e-02;3.087856e-02;1.007719e-01;1.473710e-01;5.509232e-02;2.127539e-01;3.348439e-02;4.687172e-02
7.807335e-02;9.197245e-02;2.292327e-02;7.555580e-02;1.569955e-02;4.039595e-02;2.212828e-01;1.374229e-01;5.593820e-02;1.528136e-01;3.173744e-02;7.618466e-02
4.860372e-02;4.867662e-02;3.527282e-02;9.628716e-02;1.520970e-02;7.429750e-02;3.246743e-01;9.820578e-02;4.579111e-02;8.574094e-02;2.483451e-02;1.024058e-01
3.457382e-02;4.750520e-02;4.552277e-02;8.500866e-02;1.562455e-02;1.304657e-01;3.278449e-01;6.883919e-02;6.447493e-02;5.530039e-02;2.747833e-02;9.736157e-02
2.775808e-02;3.567722e-02;6.621131e-02;5.431758e-02;2.206361e-02;1.838422e-01;2.099094e-01;1.422172e-01;1.186434e-01;5.670380e-02;3.407682e-02;4.857937e-02
3.238440e-02;6.029728e-02;9.774601e-02;3.080304e-02;4.242683e-02;1.466070e-01;6.649507e-02;2.323830e-01;1.381386e-01;6.157895e-02;3.503514e-02;5.610480e-02
4.295375e-02;9.496423e-02;1.032571e-01;4.481295e-02;4.857809e-02;1.038323e-01;8.645402e-02;2.237902e-01;1.294243e-01;5.572480e-02;2.630701e-02;3.990117e-02
3.662163e-02;9.370331e-02;8.791272e-02;4.237390e-02;3.375793e-02;1.538506e-01;9.657209e-02;2.147589e-01;1.236173e-01;4.502270e-02;2.225758e-02;4.955140e-02
4.595186e-02;1.097081e-01;6.937398e-02;2.776000e-02;2.672010e-02;1.992198e-01;1.330829e-01;1.870174e-01;8.987858e-02;4.445200e-02;1.824872e-02;4.858654e-02
7.700732e-02;1.315445e-01;6.459785e-02;1.903038e-02;3.194046e-02;1.395144e-01;2.008621e-01;1.366589e-01;9.463345e-02;6.454250e-02;1.493065e-02;2.473753e-02
8.798864e-02;1.684898e-01;8.894242e-02;2.095011e-02;3.899774e-02;7.227708e-02;1.627464e-01;1.259576e-01;9.987007e-02;7.396453e-02;1.061061e-02;4.920501e-02
8.450010e-02;1.519849e-01;9.580404e-02;4.149097e-02;4.845104e-02;1.043622e-01;9.577940e-02;1.356769e-01;9.479015e-02;6.784383e-02;1.871090e-02;6.060560e-02
7.710519e-02;1.717271e-01;1.707440e-01;6.698891e-02;6.145332e-02;1.089707e-01;7.123189e-02;1.180564e-01;4.696729e-02;3.444038e-02;3.066155e-02;4.165331e-02
9.419861e-02;1.506297e-01;1.795273e-01;6.576303e-02;6.200670e-02;9.714783e-02;7.242940e-02;1.445958e-01;4.519997e-02;2.920531e-02;2.523195e-02;3.406436e-02
9.589569e-02;1.230010e-01;1.433866e-01;4.915119e-02;4.501332e-02;8.893696e-02;1.397728e-01;1.674395e-01;6.029937e-02;3.598220e-02;1.934483e-02;3.177659e-02
4.959237e-02;8.697733e-02;9.587750e-02;8.970764e-02;2.924758e-02;5.832366e-02;2.511469e-01;1.467860e-01;5.764543e-02;5.817346e-02;1.690688e-02;5.961524e-02
3.099898e-02;5.767542e-02;3.263378e-02;1.434021e-01;2.660200e-02;4.279186e-02;3.245058e-01;1.369208e-01;3.439751e-02;5.908860e-02;1.230489e-02;9.867823e-02
2.214785e-02;4.570614e-02;2.000573e-02;1.556333e-01;2.087804e-02;3.975166e-02;3.687901e-01;1.212904e-01;2.533149e-02;4.857687e-02;1.198836e-02;1.198999e-01
1.150044e-02;5.571780e-02;2.461985e-02;1.372722e-01;1.756901e-02;9.026736e-02;3.682159e-01;1.063399e-01;2.407425e-02;3.957346e-02;2.032707e-02;1.045228e-01
1.947308e-02;5.071164e-02;4.103762e-02;1.128948e-01;3.410578e-02;1.539051e-01;3.005161e-01;1.107362e-01;4.390295e-02;3.278402e-02;2.982557e-02;7.010721e-02
4.656898e-02;4.393123e-02;5.733278e-02;7.974347e-02;6.269996e-02;1.944790e-01;2.271906e-01;1.173731e-01;7.255580e-02;4.024341e-02;3.213474e-02;2.574696e-02
5.622241e-02;4.981500e-02;1.098887e-01;2.638623e-02;5.500121e-02;1.659601e-01;2.013299e-01;8.998448e-02;8.225300e-02;3.991502e-02;7.464290e-02;4.860098e-02
3.554756e-02;3.547268e-02;9.279011e-02;3.887795e-02;4.515548e-02;1.358125e-01;2.475000e-01;1.055326e-01;7.321662e-02;3.175299e-02;5.266529e-02;1.056761e-01
1.555371e-02;3.101746e-02;4.922497e-02;4.119513e-02;4.321547e-02;1.026357e-01;2.798406e-01;9.856784e-02;6.007053e-02;3.276178e-02;5.073079e-02;1.951859e-01
3.390744e-02;2.725683e-02;6.798573e-02;3.252316e-02;4.243744e-02;8.819488e-02;2.134781e-01;5.101879e-02;6.276490e-02;3.749640e-02;1.018953e-01;2.410409e-01
3.109463e-02;2.302698e-02;1.117559e-01;3.325355e-02;2.978832e-02;8.426789e-02;1.370612e-01;4.288004e-02;9.857133e-02;3.071983e-02;1.684176e-01;2.091628e-01
4.424002e-02;1.810157e-02;2.048067e-01;2.435991e-02;1.443991e-02;1.165786e-01;5.418837e-02;2.819165e-02;9.942076e-02;3.440264e-02;2.308835e-01;1.303864e-01
6.131015e-02;2.114043e-02;2.857035e-01;9.909577e-03;1.314008e-02;1.536561e-01;1.591969e-02;1.274080e-02;6.507879e-02;3.004722e-02;2.595410e-01;7.181270e-02
6.631131e-02;3.184938e-02;3.129060e-01;1.774801e-02;1.458299e-02;1.722710e-01;1.570749e-02;1.486772e-02;3.992332e-02;2.916635e-02;2.364098e-01;4.825658e-02
5.288485e-02;2.380290e-02;3.089444e-01;2.235947e-02;1.683122e-02;1.716124e-01;2.699617e-02;1.646803e-02;4.220628e-02;2.592741e-02;2.425103e-01;4.945646e-02
5.248045e-02;2.243445e-02;2.852695e-01;1.871499e-02;1.731563e-02;1.674514e-01;3.654594e-02;2.328325e-02;3.739233e-02;2.962002e-02;2.796578e-01;2.983434e-02
5.224841e-02;2.773019e-02;2.518480e-01;8.601148e-03;1.301578e-02;1.906608e-01;4.343172e-02;2.321200e-02;4.297115e-02;2.853170e-02;3.057207e-01;1.202836e-02
5.153388e-02;2.302439e-02;1.997753e-01;9.616816e-03;8.300359e-03;2.222977e-01;5.019071e-02;2.017560e-02;5.042699e-02;4.667862e-02;2.968663e-01;2.111329e-02
4.295146e-02;2.143160e-02;1.707265e-01;6.927811e-03;2.194234e-02;2.588755e-01;5.388824e-02;2.089335e-02;5.308109e-02;6.276958e-02;2.735678e-01;1.294467e-02
4.743578e-02;3.327749e-02;1.368569e-01;1.821491e-02;5.189088e-02;2.855776e-01;4.152038e-02;2.408250e-02;5.740291e-02;6.489598e-02;2.126919e-01;2.615280e-02
4.993798e-02;4.903298e-02;1.057483e-01;4.453642e-02;9.029019e-02;2.667089e-01;4.881429e-02;3.708922e-02;6.713232e-02;7.488748e-02;1.179791e-01;4.784282e-02
4.098916e-02;6.396089e-02;1.064192e-01;5.920662e-02;9.973000e-02;1.744730e-01;1.221284e-01;6.051273e-02;7.407612e-02;6.789886e-02;5.099680e-02;7.960825e-02
4.516874e-02;5.173081e-02;1.400504e-01;5.292319e-02;4.393271e-02;2.007050e-01;9.804988e-02;6.891964e-02;8.602993e-02;5.992870e-02;7.589921e-02;7.666180e-02
4.903182e-02;5.967269e-02;1.690137e-01;3.458890e-02;3.372506e-02;2.114768e-01;6.427478e-02;4.673452e-02;7.907404e-02;6.015548e-02;1.292406e-01;6.301177e-02
3.859773e-02;5.008373e-02;1.901855e-01;3.417290e-02;2.608743e-02;2.076108e-01;9.231674e-02;3.512806e-02;7.863740e-02;4.149668e-02;1.470529e-01;5.863002e-02
2.675510e-02;4.596899e-02;1.825681e-01;2.788947e-02;3.526834e-02;1.583970e-01;1.826657e-01;4.950721e-02;5.780317e-02;2.938373e-02;1.469483e-01;5.684487e-02
2.864732e-02;5.403116e-02;1.641862e-01;2.450139e-02;4.248144e-02;1.068752e-01;2.133577e-01;6.210454e-02;3.303869e-02;2.955350e-02;1.777889e-01;6.343399e-02
3.207054e-02;3.873890e-02;1.859455e-01;2.487309e-02;4.549315e-02;7.966612e-02;1.613817e-01;5.396390e-02;3.642394e-02;3.811022e-02;2.259668e-01;7.736619e-02
3.730962e-02;4.121430e-02;1.865315e-01;3.536835e-02;3.148125e-02;1.307501e-01;7.599709e-02;4.560265e-02;4.959951e-02;2.240186e-02;2.607933e-01;8.295050e-02
3.934809e-02;5.678782e-02;1.887512e-01;3.632559e-02;2.139271e-02;1.442965e-01;5.496648e-02;5.106665e-02;3.864622e-02;2.457430e-02;2.800446e-01;6.379988e-02
4.279045e-02;5.235689e-02;1.951279e-01;2.561028e-02;1.827688e-02;1.190507e-01;2.218535e-02;5.930001e-02;5.679887e-02;3.365779e-02;2.889799e-01;8.586484e-02
2.854374e-02;2.267996e-02;1.583105e-01;1.529625e-02;4.062625e-02;7.476030e-02;6.959601e-02;5.639789e-02;6.839214e-02;4.065311e-02;3.109074e-01;1.138364e-01
2.330805e-02;4.192651e-02;1.437914e-01;2.707237e-02;4.957117e-02;1.152698e-01;1.078739e-01;3.879838e-02;4.880558e-02;3.431156e-02;2.511154e-01;1.181558e-01
2.102556e-02;5.228918e-02;1.370298e-01;3.674937e-02;5.208455e-02;1.144587e-01;1.390821e-01;4.367004e-02;4.793748e-02;3.801633e-02;1.904224e-01;1.272345e-01
3.015191e-02;5.489044e-02;8.341013e-02;2.915858e-02;2.825462e-02;2.132863e-01;1.046424e-01;5.864842e-02;5.399008e-02;3.976581e-02;1.875336e-01;1.162677e-01
3.569028e-02;2.965388e-02;1.054920e-01;1.827255e-02;3.436503e-02;2.446848e-01;8.485647e-02;5.908584e-02;6.205854e-02;3.533809e-02;2.098784e-01;8.062420e-02
3.202087e-02;5.138653e-02;1.047324e-01;1.682555e-02;3.762850e-02;2.078156e-01;6.333897e-02;5.752523e-02;5.405592e-02;3.286726e-02;2.670877e-01;7.471538e-02
3.260202e-02;6.515788e-02;9.288573e-02;1.606930e-02;3.045730e-02;1.493926e-01;7.282155e-02;5.349999e-02;7.222040e-02;3.229015e-02;2.712006e-01;1.114025e-01
3.549256e-02;4.505616e-02;1.235417e-01;2.048326e-02;2.512645e-02;8.291814e-02;9.860001e-02;4.628436e-02;8.491087e-02;4.903506e-02;2.491369e-01;1.394145e-01
3.888296e-02;3.292768e-02;1.279342e-01;1.574601e-02;1.901203e-02;1.198009e-01;7.376005e-02;4.263556e-02;8.427293e-02;4.117674e-02;2.765980e-01;1.272529e-01
3.695975e-02;7.181825e-02;1.659920e-01;1.827304e-02;2.805399e-02;1.086326e-01;6.666934e-02;5.770983e-02;6.888270e-02;3.825306e-02;2.436800e-01;9.507539e-02
3.475187e-02;9.566040e-02;1.803154e-01;4.354846e-02;5.348191e-02;1.115406e-01;6.172689e-02;5.632075e-02;6.962863e-02;4.231796e-02;1.458926e-01;1.048146e-01
2.743112e-02;4.585864e-02;1.598319e-01;4.335373e-02;5.678798e-02;1.950697e-01;1.379806e-01;6.362994e-02;7.873388e-02;3.525576e-02;5.723860e-02;9.882815e-02
1.943807e-02;3.297100e-02;1.442013e-01;2.124466e-02;2.594152e-02;2.035316e-01;2.451835e-01;6.136981e-02;7.608680e-02;3.419310e-02;6.414142e-02;7.169730e-02
2.098019e-02;6.112622e-02;9.725653e-02;2.068876e-02;2.287436e-02;2.084038e-01;2.736977e-01;3.850299e-02;6.841513e-02;2.185088e-02;9.606881e-02;7.013463e-02
2.835598e-02;5.642182e-02;5.658146e-02;1.492042e-02;2.437586e-02;2.289367e-01;2.618870e-01;3.970956e-02;6.365913e-02;1.645746e-02;1.328225e-01;7.587202e-02
3.951913e-02;2.696410e-02;5.545488e-02;1.374682e-02;2.578966e-02;2.350958e-01;2.016106e-01;5.324867e-02;7.095704e-02;1.906528e-02;1.812057e-01;7.734232e-02
5.041290e-02;3.253113e-02;5.103364e-02;1.343579e-02;2.232382e-02;2.427243e-01;1.103827e-01;6.000695e-02;8.334746e-02;2.675414e-02;2.053253e-01;1.017219e-01
4.145043e-02;5.715879e-02;6.567738e-02;1.433075e-02;5.291849e-02;2.089334e-01;2.694616e-02;8.484036e-02;8.886993e-02;4.176119e-02;1.867792e-01;1.303339e-01
4.162377e-02;5.529534e-02;8.759549e-02;1.848141e-02;6.938086e-02;1.006151e-01;5.879747e-02;9.888716e-02;1.307685e-01;4.234339e-02;1.947254e-01;1.014861e-01
3.596245e-02;4.840901e-02;9.986696e-02;1.978059e-02;6.446510e-02;1.281685e-01;8.374920e-02;1.022837e-01;1.237159e-01;5.327704e-02;1.895926e-01;5.072904e-02
3.597261e-02;4.010685e-02;9.454124e-02;3.354178e-02;7.367220e-02;1.713940e-01;1.053045e-01;9.459341e-02;9.456316e-02;5.153139e-02;1.619608e-01;4.281797e-02
4.527039e-02;6.234906e-02;8.689404e-02;2.741677e-02;6.225222e-02;1.626763e-01;9.595802e-02;1.126951e-01;8.882189e-02;6.079835e-02;1.555106e-01;3.935724e-02
3.250516e-02;5.943443e-02;6.445284e-02;1.912430e-02;4.550388e-02;1.910652e-01;1.178576e-01;1.144428e-01;9.480722e-02;6.750475e-02;1.548596e-01;3.844227e-02
1.802599e-02;3.993206e-02;3.267275e-02;1.952723e-02;2.583305e-02;2.957186e-01;1.510305e-01;7.485623e-02;1.100131e-01;4.094438e-02;1.556624e-01;3.578376e-02
1.484119e-02;2.451828e-02;4.303535e-02;1.249658e-02;1.589820e-02;3.477668e-01;1.737699e-01;3.569387e-02;1.367764e-01;2.000437e-02;1.400809e-01;3.511827e-02
1.543682e-02;1.321663e-02;5.998693e-02;8.399528e-03;2.263549e-02;3.347467e-01;2.150510e-01;1.643649e-02;1.387437e-01;2.123780e-02;1.199404e-01;3.416858e-02
1.720472e-02;1.558611e-02;6.952461e-02;6.992752e-03;1.882939e-02;3.249227e-01;2.090859e-01;3.466513e-02;1.247042e-01;2.531708e-02;1.211386e-01;3.202887e-02
1.857755e-02;1.358944e-02;6.569087e-02;9.913399e-03;2.311459e-02;3.902985e-01;1.453296e-01;3.014435e-02;1.114676e-01;2.795430e-02;1.321542e-01;3.176561e-02
1.731924e-02;1.330853e-02;6.405918e-02;1.652205e-02;1.586855e-02;4.402907e-01;1.093656e-01;2.839869e-02;9.808518e-02;3.386440e-02;1.263459e-01;3.657195e-02
1.371510e-02;1.186646e-02;5.993097e-02;2.827741e-02;5.301673e-02;3.421572e-01;1.297806e-01;5.938704e-02;1.084125e-01;4.229872e-02;1.068438e-01;4.431345e-02
1.663349e-02;4.665476e-02;7.937533e-02;3.830405e-02;7.045814e-02;1.783246e-01;1.172626e-01;7.880519e-02;1.556693e-01;4.032580e-02;1.121099e-01;6.607687e-02
2.601969e-02;3.614179e-02;1.004808e-01;3.578160e-02;4.448660e-02;1.676252e-01;7.713296e-02;9.556711e-02;1.884679e-01;4.367571e-02;8.286985e-02;1.017507e-01
2.745063e-02;3.725564e-02;1.180607e-01;3.038984e-02;5.069278e-02;1.975789e-01;7.351934e-02;9.518555e-02;1.442234e-01;3.786873e-02;8.294707e-02;1.048274e-01
2.139707e-02;5.049902e-02;1.038527e-01;1.604557e-02;3.508774e-02;2.809342e-01;1.112671e-01;9.820174e-02;1.202450e-01;4.339880e-02;3.957212e-02;7.949907e-02
2.085134e-02;6.346637e-02;7.796381e-02;3.076003e-02;2.970370e-02;2.811008e-01;1.328811e-01;1.009897e-01;1.359753e-01;3.321178e-02;3.826139e-02;5.483478e-02
3.840960e-02;7.880177e-02;6.768724e-02;4.202487e-02;4.882651e-02;1.749613e-01;1.249517e-01;8.792403e-02;1.269790e-01;7.343949e-02;6.130026e-02;7.469419e-02
3.674536e-02;5.019791e-02;4.981435e-02;4.176819e-02;4.983458e-02;1.499765e-01;1.203088e-01;8.551151e-02;9.813572e-02;9.770983e-02;1.159659e-01;1.040313e-01
4.078194e-02;4.104764e-02;5.904702e-02;4.398635e-02;4.905291e-02;9.763131e-02;1.300783e-01;9.868661e-02;8.429071e-02;1.087115e-01;1.327352e-01;1.139505e-01
4.508438e-02;1.074910e-01;1.401664e-01;3.981877e-02;2.929298e-02;1.228924e-01;8.974687e-02;9.433623e-02;6.726876e-02;7.609939e-02;8.922850e-02;9.857436e-02
3.639781e-02;1.050171e-01;1.290011e-01;4.396420e-02;1.836978e-02;1.556909e-01;1.186938e-01;1.043140e-01;8.146126e-02;3.983961e-02;7.833319e-02;8.891718e-02
2.081554e-02;7.382858e-02;9.513042e-02;3.936196e-02;2.592858e-02;2.219234e-01;1.725369e-01;8.420704e-02;9.579904e-02;2.372894e-02;7.508114e-02;7.165845e-02
1.509920e-02;4.040222e-02;9.660167e-02;2.748410e-02;3.111265e-02;3.699315e-01;1.405319e-01;4.244783e-02;8.324490e-02;1.788181e-02;9.427428e-02;4.098801e-02
1.481065e-02;2.623503e-02;1.138196e-01;1.450588e-02;5.677237e-02;4.377002e-01;6.736090e-02;3.887114e-02;4.564320e-02;1.961977e-02;1.182979e-01;4.636325e-02
1.218069e-02;3.283538e-02;1.436473e-01;1.319970e-02;5.575701e-02;4.020628e-01;3.000554e-02;5.528581e-02;4.152092e-02;1.637955e-02;1.321567e-01;6.496867e-02
1.262178e-02;2.927416e-02;1.401217e-01;3.707626e-02;2.969728e-02;3.019120e-01;1.082152e-01;5.093248e-02;3.556709e-02;1.396214e-02;1.345964e-01;1.060236e-01
1.518656e-02;3.568795e-02;9.861080e-02;9.261727e-02;2.036327e-02;1.529621e-01;1.907265e-01;5.457926e-02;3.446643e-02;1.824155e-02;1.227404e-01;1.638178e-01
2.411721e-02;5.799901e-02;6.002012e-02;1.238347e-01;1.397290e-02;1.036120e-01;2.159907e-01;5.761160e-02;3.857401e-02;2.802899e-02;8.533274e-02;1.909060e-01
3.434392e-02;8.648577e-02;6.175134e-02;1.148836e-01;2.441389e-02;1.646626e-01;1.766509e-01;4.315304e-02;4.042205e-02;2.833659e-02;4.333417e-02;1.815621e-01
7.198576e-02;9.152709e-02;8.020033e-02;9.905424e-02;4.054128e-02;1.540628e-01;1.163450e-01;4.632882e-02;5.370949e-02;3.404081e-02;6.949631e-02;1.427080e-01
7.805061e-02;1.008842e-01;8.499286e-02;8.047143e-02;4.176102e-02;1.182335e-01;1.010478e-01;8.547524e-02;6.820524e-02;3.131744e-02;1.181302e-01;9.143041e-02
5.390777e-02;1.144644e-01;1.021711e-01;4.658968e-02;4.912648e-02;1.083179e-01;7.338800e-02;1.269698e-01;9.185430e-02;3.116985e-02;1.369928e-01;6.504799e-02
3.982507e-02;9.322317e-02;7.638414e-02;2.490994e-02;5.092902e-02;1.438298e-01;1.276427e-01;1.389048e-01;1.137246e-01;3.996505e-02;1.299725e-01;2.068923e-02
3.479138e-02;5.430001e-02;6.024599e-02;3.117330e-02;4.138421e-02;1.620800e-01;1.755085e-01;1.286030e-01;1.220627e-01;5.483472e-02;9.949230e-02;3.552381e-02
2.403363e-02;4.321922e-02;8.960646e-02;3.492083e-02;4.932820e-02;1.704671e-01;1.547707e-01;1.324117e-01;1.043218e-01;6.163079e-02;1.006446e-01;3.464500e-02
2.651276e-02;5.318195e-02;1.312624e-01;2.980689e-02;5.998987e-02;1.703495e-01;8.179300e-02;1.286470e-01;1.146355e-01;4.469410e-02;1.229998e-01;3.612726e-02
4.794566e-02;8.529843e-02;1.304197e-01;4.400945e-02;4.444671e-02;1.548222e-01;6.131827e-02;1.006400e-01;1.206427e-01;3.788637e-02;1.112503e-01;6.132021e-02
5.408713e-02;9.735109e-02;1.327978e-01;5.009854e-02;4.148754e-02;1.168284e-01;9.705239e-02;7.360641e-02;1.245976e-01;4.957134e-02;7.861736e-02;8.390432e-02
3.197938e-02;9.447847e-02;1.276979e-01;6.849243e-02;4.483876e-02;1.865806e-01;1.091498e-01;7.179487e-02;1.078741e-01;3.963120e-02;4.367618e-02;7.380635e-02
2.729307e-02;7.338047e-02;1.206248e-01;7.273889e-02;3.593606e-02;2.075987e-01;1.123145e-01;1.018807e-01;9.620343e-02;3.360643e-02;6.196461e-02;5.645838e-02
2.183589e-02;5.210450e-02;1.067682e-01;6.817497e-02;2.790581e-02;2.203805e-01;1.032907e-01;1.148714e-01;1.063074e-01;3.465624e-02;7.661774e-02;6.708659e-02
4.268516e-02;8.632097e-02;9.938665e-02;5.941077e-02;1.782062e-02;2.005285e-01;9.078467e-02;1.036115e-01;1.038100e-01;4.149561e-02;7.538826e-02;7.875735e-02
5.248991e-02;8.775577e-02;9.047171e-02;6.456461e-02;5.690089e-02;1.780801e-01;7.739801e-02;9.514979e-02;1.115486e-01;4.094762e-02;8.104732e-02;6.364575e-02
4.763912e-02;8.880292e-02;1.004686e-01;7.684369e-02;6.494983e-02;1.052751e-01;1.043859e-01;9.847341e-02;1.105095e-01;5.036950e-02;1.086213e-01;4.366114e-02
3.114051e-02;9.923865e-02;1.433706e-01;5.948298e-02;4.725247e-02;1.204186e-01;8.955079e-02;1.013879e-01;1.083568e-01;5.496642e-02;1.071296e-01;3.770464e-02
2.420561e-02;8.336571e-02;1.439786e-01;8.192959e-02;7.744309e-02;1.112631e-01;5.867093e-02;9.714074e-02;1.066603e-01;4.704669e-02;1.176508e-01;5.064474e-02
3.039192e-02;6.602087e-02;1.083204e-01;8.692280e-02;8.479162e-02;9.283809e-02;5.444887e-02;1.376432e-01;1.203378e-01;4.184609e-02;1.167212e-01;5.971712e-02
3.205175e-02;8.960212e-02;1.209438e-01;7.603524e-02;4.048536e-02;8.409136e-02;5.336563e-02;1.940669e-01;1.389831e-01;3.549645e-02;8.373672e-02;5.114156e-02
2.607645e-02;9.498922e-02;1.063202e-01;5.243000e-02;3.865860e-02;1.445204e-01;4.838274e-02;2.708313e-01;1.027800e-01;2.863484e-02;5.388459e-02;3.249162e-02
2.321276e-02;1.239057e-01;9.091055e-02;2.528851e-02;3.081043e-02;1.757781e-01;4.114233e-02;3.066480e-01;9.929583e-02;2.063761e-02;3.894759e-02;2.342255e-02
1.462953e-02;1.650160e-01;9.159221e-02;1.182885e-02;1.921779e-02;1.894327e-01;4.440330e-02;3.063255e-01;8.537076e-02;2.296839e-02;2.600897e-02;2.320603e-02
1.600786e-02;1.939406e-01;8.177477e-02;1.057544e-02;1.154305e-02;2.606652e-01;5.509534e-02;2.830827e-01;3.478710e-02;2.001429e-02;1.457226e-02;1.794132e-02
2.280482e-02;1.766278e-01;5.015064e-02;9.142939e-03;8.926304e-03;2.881736e-01;6.804153e-02;2.596269e-01;7.308385e-02;1.441083e-02;1.841029e-02;1.060042e-02
3.443860e-02;1.918065e-01;5.949529e-02;6.922297e-03;1.061351e-02;3.258048e-01;8.404066e-02;2.061347e-01;4.059750e-02;1.668407e-02;1.131292e-02;1.214916e-02
3.891012e-02;2.107883e-01;7.175038e-02;1.081609e-02;9.339606e-03;3.164929e-01;7.453915e-02;1.774280e-01;4.431937e-02;1.723587e-02;8.037983e-03;2.034213e-02
3.847819e-02;2.177497e-01;6.405492e-02;2.304996e-02;1.718537e-02;3.377334e-01;5.020569e-02;1.465660e-01;4.654883e-02;1.852889e-02;7.232733e-03;3.266628e-02
4.254100e-02;2.120062e-01;5.895670e-02;3.649702e-02;2.785047e-02;3.667930e-01;5.716166e-02;9.649013e-02;2.570170e-02;3.127360e-02;9.072834e-03;3.565569e-02
4.243862e-02;1.835726e-01;3.995413e-02;4.450729e-02;3.321598e-02;3.479463e-01;6.078918e-02;1.342423e-01;4.281734e-02;3.714269e-02;1.191880e-02;2.145474e-02
4.851934e-02;1.662550e-01;3.710872e-02;5.077683e-02;3.084215e-02;3.707677e-01;6.022721e-02;1.413592e-01;3.609768e-02;3.474325e-02;8.747619e-03;1.455523e-02
5.607163e-02;1.524187e-01;1.902856e-02;4.518323e-02;2.639888e-02;4.244906e-01;6.270178e-02;1.157242e-01;4.210419e-02;3.374612e-02;9.608740e-03;1.252339e-02
5.197503e-02;1.287029e-01;4.892395e-02;3.123033e-02;2.534540e-02;4.036238e-01;4.504171e-02;1.672164e-01;4.163622e-02;2.374440e-02;1.737710e-02;1.518276e-02
5.246047e-02;1.202536e-01;8.372210e-02;3.420683e-02;2.976310e-02;3.101064e-01;3.732841e-02;2.072164e-01;4.877501e-02;2.169495e-02;2.443993e-02;3.003277e-02
5.240938e-02;1.122679e-01;9.642156e-02;4.454810e-02;2.828413e-02;2.668196e-01;4.557282e-02;2.018655e-01;5.513272e-02;2.913967e-02;2.583150e-02;4.170716e-02
3.546537e-02;1.085645e-01;5.816587e-02;2.683510e-02;3.830330e-02;4.571988e-01;4.249488e-02;1.416749e-01;3.313230e-02;2.190961e-02;1.647354e-02;1.978187e-02
3.363420e-02;1.655675e-01;6.776486e-02;1.476659e-02;2.131424e-02;4.235620e-01;3.588564e-02;1.524423e-01;4.720438e-02;1.439815e-02;7.754108e-03;1.570601e-02
3.738540e-02;1.914165e-01;7.598230e-02;1.532456e-02;1.900425e-02;3.857573e-01;4.533443e-02;1.193368e-01;5.756371e-02;2.056958e-02;1.124870e-02;2.107644e-02
4.223695e-02;1.525877e-01;7.723657e-02;2.839351e-02;3.601506e-02;3.321525e-01;5.969413e-02;1.307621e-01;6.082749e-02;4.314785e-02;1.127836e-02;2.566774e-02
4.829250e-02;1.614381e-01;7.694781e-02;2.993998e-02;3.566035e-02;2.816518e-01;3.826528e-02;1.822291e-01;5.944146e-02;4.244929e-02;1.962383e-02;2.406061e-02
5.128294e-02;1.827547e-01;6.544662e-02;2.486216e-02;3.825498e-02;3.366819e-01;1.378160e-02;1.764155e-01;3.636559e-02;3.685648e-02;1.878774e-02;1.850967e-02
5.711960e-02;1.708977e-01;4.593680e-02;1.311977e-02;2.759029e-02;3.595126e-01;3.810304e-02;1.638912e-01;4.251843e-02;3.054581e-02;2.291640e-02;2.784841e-02
6.597591e-02;1.669258e-01;3.551550e-02;1.981696e-02;1.870983e-02;3.033213e-01;7.063538e-02;1.658609e-01;4.215045e-02;3.526393e-02;4.471495e-02;3.110907e-02
6.533442e-02;1.493807e-01;3.754217e-02;2.446605e-02;1.676137e-02;2.295629e-01;7.112411e-02;1.944780e-01;8.294044e-02;5.292723e-02;3.919931e-02;3.628329e-02
5.712780e-02;1.108253e-01;4.151435e-02;3.169215e-02;3.003470e-02;1.638436e-01;4.773638e-02;3.063999e-01;8.434414e-02;5.478769e-02;2.284600e-02;4.884792e-02
5.616349e-02;1.179819e-01;5.297812e-02;2.334376e-02;3.307358e-02;1.922412e-01;3.009797e-02;3.133156e-01;9.590635e-02;3.748405e-02;1.992471e-02;2.748924e-02
4.544960e-02;1.165851e-01;5.843715e-02;2.416254e-02;2.609952e-02;2.283787e-01;3.961485e-02;2.716030e-01;1.096485e-01;3.482668e-02;1.320998e-02;3.198442e-02
4.431548e-02;1.209928e-01;5.710186e-02;3.735321e-02;3.386576e-02;2.721277e-01;4.602305e-02;2.003011e-01;7.701709e-02;3.517379e-02;1.884931e-02;5.687874e-02
5.668856e-02;1.189024e-01;1.044491e-01;3.809563e-02;2.739468e-02;2.384128e-01;3.834921e-02;1.639986e-01;1.115549e-01;3.285140e-02;2.801977e-02;4.128291e-02
4.990992e-02;1.001297e-01;8.669727e-02;3.832011e-02;2.647212e-02;2.007402e-01;6.703350e-02;2.454660e-01;9.726628e-02;3.798132e-02;3.192874e-02;1.805484e-02
2.858291e-02;8.001276e-02;7.026572e-02;4.381409e-02;2.992983e-02;2.185796e-01;6.448075e-02;2.894777e-01;8.204609e-02;2.955685e-02;3.316614e-02;3.008762e-02
2.376444e-02;7.553111e-02;8.525401e-02;4.113522e-02;3.425176e-02;2.365824e-01;4.817755e-02;2.750687e-01;7.991829e-02;2.843460e-02;3.556210e-02;3.631987e-02
4.102006e-02;5.400173e-02;7.222870e-02;3.513805e-02;4.575121e-02;1.976313e-01;5.822157e-02;2.745638e-01;1.087855e-01;3.663589e-02;3.503243e-02;4.098983e-02
5.683345e-02;5.771851e-02;7.305221e-02;2.550705e-02;5.621944e-02;2.065740e-01;7.788488e-02;2.399478e-01;1.085010e-01;3.003894e-02;3.396911e-02;3.375368e-02
3.881285e-02;9.674165e-02;7.463061e-02;2.745574e-02;5.339676e-02;2.016846e-01;1.015660e-01;2.208789e-01;7.969908e-02;4.596049e-02;3.896979e-02;2.020355e-02
3.442856e-02;1.020972e-01;6.554678e-02;4.189731e-02;5.689479e-02;1.920765e-01;1.191126e-01;1.979704e-01;9.078983e-02;4.616432e-02;2.683881e-02;2.618302e-02
2.845185e-02;7.693083e-02;7.665645e-02;4.344879e-02;5.301017e-02;2.288339e-01;9.545891e-02;1.814924e-01;8.093461e-02;4.506905e-02;3.502151e-02;5.469151e-02
