6.890661e-02;7.197029e-02;2.102230e-01;1.054978e-01;8.148921e-02;5.470547e-02;1.354156e-01;5.559633e-02;8.589055e-02;5.641654e-02;3.706627e-02;3.682227e-02
6.738622e-02;7.239227e-02;1.430392e-01;8.804817e-02;7.424003e-02;6.080857e-02;1.572919e-01;6.171156e-02;9.148218e-02;5.923070e-02;6.041221e-02;6.395696e-02
3.416535e-02;3.459769e-02;7.354011e-02;6.708740e-02;7.022353e-02;6.992947e-02;1.875598e-01;1.159050e-01;1.181665e-01;9.633788e-02;6.606726e-02;6.642005e-02
1.888086e-02;4.057697e-02;1.165235e-01;5.145771e-02;6.373770e-02;4.959124e-02;1.577811e-01;1.189081e-01;1.351615e-01;1.289050e-01;6.443541e-02;5.404084e-02
4.867218e-02;7.066350e-02;1.550182e-01;4.701183e-02;4.035996e-02;5.369030e-02;1.175135e-01;1.105842e-01;1.553649e-01;9.857757e-02;7.314726e-02;2.939665e-02
5.641890e-02;5.127713e-02;1.666816e-01;4.310471e-02;4.114572e-02;5.126169e-02;1.529527e-01;8.674294e-02;1.734598e-01;9.900526e-02;5.991550e-02;1.803411e-02
3.428771e-02;5.086297e-02;1.831529e-01;5.922182e-02;7.225288e-02;5.555777e-02;1.871771e-01;5.549388e-02;1.317555e-01;9.557630e-02;5.254698e-02;2.211424e-02
1.000903e-01;5.405771e-02;2.101876e-01;4.738924e-02;9.167914e-02;6.782531e-02;1.047825e-01;7.647309e-02;1.021221e-01;7.649398e-02;3.433865e-02;3.456037e-02
1.047467e-01;7.100886e-02;1.626555e-01;8.006494e-02;1.097819e-01;7.819200e-02;1.306676e-01;4.102844e-02;6.381328e-02;6.865106e-02;5.186351e-02;3.752634e-02
9.317834e-02;6.608643e-02;1.393144e-01;1.128815e-01;1.178899e-01;7.843029e-02;1.476609e-01;5.024170e-02;5.001164e-02;6.808711e-02;4.013727e-02;3.608065e-02
7.039501e-02;5.321697e-02;1.786162e-01;1.458009e-01;1.045112e-01;6.293932e-02;1.499674e-01;5.936521e-02;5.292858e-02;6.059041e-02;3.216145e-02;2.950734e-02
3.432693e-02;4.076859e-02;2.336514e-01;1.486592e-01;7.382377e-02;6.958031e-02;1.586500e-01;8.036661e-02;5.158827e-02;4.998701e-02;3.773373e-02;2.086421e-02
2.581618e-02;5.331184e-02;2.544937e-01;8.258330e-02;4.410170e-02;1.211348e-01;2.110277e-01;7.850573e-02;3.899372e-02;5.102713e-02;2.365980e-02;1.534445e-02
1.380685e-02;8.815027e-02;2.309732e-01;4.612443e-02;2.701117e-02;2.152281e-01;2.014669e-01;6.935914e-02;4.224802e-02;3.645246e-02;1.373937e-02;1.544010e-02
5.891868e-02;1.174321e-01;1.619644e-01;4.634467e-02;5.366208e-02;2.608759e-01;1.272256e-01;6.026638e-02;3.958591e-02;4.471552e-02;1.520974e-02;1.379913e-02
1.057324e-01;1.152471e-01;1.490386e-01;6.525928e-02;5.348055e-02;2.112454e-01;1.216427e-01;4.602413e-02;5.152721e-02;4.082055e-02;2.370115e-02;1.628094e-02
1.288333e-01;1.145083e-01;1.056952e-01;9.162021e-02;6.373627e-02;1.823371e-01;1.274829e-01;4.200012e-02;6.534656e-02;2.757907e-02;2.413335e-02;2.672761e-02
4.096560e-02;1.202598e-01;1.559768e-01;8.542056e-02;6.655180e-02;1.113164e-01;2.247211e-01;5.103626e-02;5.404976e-02;1.768862e-02;4.188136e-02;3.013194e-02
7.351556e-02;1.060774e-01;1.465009e-01;7.032005e-02;7.420417e-02;1.175981e-01;2.607048e-01;3.280869e-02;3.018398e-02;3.264388e-02;3.716822e-02;1.827421e-02
4.893354e-02;7.870356e-02;3.536128e-01;7.602202e-02;7.109895e-02;9.981038e-02;1.449554e-01;2.817283e-02;3.796714e-02;2.641416e-02;2.246342e-02;1.184587e-02
6.883427e-02;5.900646e-02;3.358760e-01;7.300287e-02;7.465307e-02;8.226367e-02;1.379575e-01;2.964084e-02;2.779700e-02;6.666027e-02;2.470534e-02;1.960265e-02
1.400390e-01;1.244526e-01;2.581500e-01;8.156531e-02;6.017391e-02;4.857064e-02;6.392633e-02;2.365868e-02;4.901460e-02;6.489941e-02;4.571036e-02;3.983915e-02
1.218194e-01;1.961917e-01;3.053556e-01;7.446812e-02;3.439433e-02;4.782336e-02;2.894318e-02;1.779552e-02;5.295880e-02;4.505027e-02;3.280041e-02;4.239923e-02
8.867396e-02;2.550963e-01;3.274182e-01;4.756742e-02;3.684985e-02;5.615262e-02;2.591556e-02;1.749495e-02;5.300613e-02;3.681529e-02;1.202542e-02;4.298428e-02
1.349572e-01;2.601320e-01;2.813579e-01;4.202398e-02;3.377425e-02;6.921998e-02;2.624665e-02;1.913258e-02;4.880393e-02;3.329894e-02;1.041304e-02;4.063948e-02
1.814151e-01;2.326998e-01;2.333349e-01;3.577868e-02;2.223073e-02;7.908331e-02;7.073392e-02;2.341489e-02;3.911601e-02;3.434836e-02;8.858342e-03;3.898599e-02
1.902890e-01;1.905479e-01;1.807439e-01;4.008856e-02;4.058530e-02;8.810113e-02;1.170130e-01;2.382527e-02;3.397778e-02;3.461544e-02;2.096834e-02;3.924443e-02
1.552226e-01;1.864702e-01;1.407781e-01;3.882858e-02;4.662317e-02;9.600728e-02;1.506336e-01;2.658856e-02;4.140320e-02;3.224244e-02;3.946725e-02;4.573504e-02
1.118458e-01;2.054943e-01;2.603233e-01;3.923615e-02;2.950181e-02;5.110417e-02;1.437235e-01;2.257725e-02;3.638191e-02;2.983956e-02;3.091648e-02;3.905576e-02
1.277147e-01;1.963089e-01;2.332734e-01;4.353540e-02;3.244955e-02;4.762067e-02;1.174472e-01;2.556963e-02;4.862300e-02;4.555466e-02;4.406922e-02;3.783377e-02
1.542258e-01;6.981564e-02;1.646550e-01;4.038455e-02;6.730602e-02;8.847972e-02;1.258929e-01;5.686995e-02;7.910425e-02;5.401373e-02;4.862234e-02;5.062997e-02
1.936245e-01;7.210016e-02;1.562580e-01;4.805387e-02;6.401318e-02;7.162943e-02;1.678283e-01;6.101431e-02;5.296397e-02;4.514344e-02;2.529582e-02;4.207501e-02
2.163592e-01;1.276217e-01;1.507169e-01;3.872198e-02;4.802967e-02;6.121707e-02;1.522342e-01;6.199671e-02;4.474616e-02;3.823640e-02;2.158298e-02;3.853691e-02
1.901210e-01;1.491160e-01;2.157741e-01;1.966257e-02;5.737225e-02;4.983935e-02;1.375537e-01;5.782143e-02;4.554120e-02;2.700500e-02;2.476858e-02;2.542484e-02
1.425735e-01;1.220879e-01;2.261505e-01;5.082054e-02;8.602764e-02;5.906734e-02;1.459494e-01;5.583588e-02;4.217388e-02;2.280637e-02;2.772234e-02;1.878469e-02
1.094985e-01;7.344483e-02;1.983310e-01;5.702850e-02;1.047935e-01;9.063829e-02;1.408550e-01;5.352182e-02;5.560309e-02;4.680179e-02;3.728693e-02;3.219672e-02
6.742495e-02;6.831731e-02;2.727150e-01;3.099054e-02;6.917121e-02;9.841447e-02;1.244447e-01;5.121114e-02;8.057974e-02;6.759214e-02;3.023415e-02;3.890458e-02
2.752540e-02;5.300272e-02;3.689015e-01;4.670710e-02;4.626954e-02;8.487819e-02;1.340238e-01;4.371182e-02;5.592166e-02;7.672845e-02;3.494604e-02;2.738374e-02
2.826799e-02;1.493496e-02;4.216426e-01;7.855162e-02;5.952454e-02;6.148626e-02;1.296706e-01;4.132500e-02;2.859737e-02;7.364981e-02;4.373697e-02;1.861219e-02
4.973551e-02;5.335414e-02;4.043663e-01;7.531514e-02;7.649590e-02;5.148464e-02;1.140970e-01;3.422761e-02;2.909772e-02;6.837092e-02;3.007453e-02;1.338064e-02
7.321187e-02;8.162525e-02;3.762891e-01;4.737079e-02;6.548744e-02;4.894752e-02;1.086193e-01;4.673892e-02;6.275350e-02;5.692426e-02;1.556561e-02;1.646638e-02
8.520304e-02;1.026479e-01;4.154804e-01;5.871720e-02;3.592803e-02;3.693415e-02;6.655452e-02;4.656827e-02;8.188143e-02;4.639713e-02;1.465097e-02;9.036943e-03
1.033587e-01;1.240726e-01;3.808726e-01;5.678902e-02;2.753082e-02;2.788105e-02;9.077331e-02;4.971537e-02;6.261560e-02;4.860431e-02;1.898081e-02;8.805751e-03
1.272998e-01;1.332292e-01;3.593115e-01;3.975175e-02;2.213067e-02;2.503714e-02;1.050355e-01;5.847748e-02;5.350417e-02;4.890778e-02;1.681107e-02;1.050393e-02
1.320060e-01;1.286189e-01;3.601689e-01;3.477711e-02;3.042821e-02;2.446131e-02;1.151047e-01;4.976763e-02;4.866443e-02;5.184232e-02;1.266141e-02;1.149913e-02
1.182138e-01;1.195647e-01;3.534114e-01;4.018486e-02;3.072099e-02;2.683196e-02;1.126429e-01;6.840024e-02;5.215735e-02;5.230112e-02;1.511752e-02;1.045307e-02
8.891591e-02;1.139390e-01;3.931699e-01;4.618855e-02;2.284313e-02;3.380331e-02;8.007047e-02;6.899501e-02;7.232803e-02;5.142952e-02;1.058534e-02;1.773178e-02
6.239407e-02;9.277626e-02;4.195363e-01;6.078709e-02;3.886303e-02;4.313640e-02;5.585562e-02;5.176534e-02;6.752276e-02;5.253528e-02;2.515833e-02;2.966949e-02
5.790930e-02;1.026569e-01;3.789681e-01;6.983515e-02;4.585330e-02;5.506754e-02;7.787817e-02;3.392380e-02;5.940249e-02;5.221276e-02;4.042182e-02;2.587067e-02
5.979659e-02;1.254900e-01;2.978668e-01;6.855831e-02;4.729052e-02;7.292092e-02;9.154723e-02;3.196339e-02;6.993698e-02;5.264937e-02;3.754359e-02;4.443635e-02
3.219853e-02;1.386529e-01;3.379887e-01;3.954430e-02;3.375925e-02;7.727350e-02;9.194601e-02;2.794905e-02;6.555036e-02;5.484340e-02;2.506937e-02;7.522465e-02
3.675326e-02;1.356049e-01;4.096118e-01;3.197873e-02;1.789082e-02;7.567263e-02;6.720567e-02;2.252270e-02;4.678335e-02;5.158082e-02;1.866514e-02;8.573017e-02
3.727854e-02;1.398127e-01;4.287179e-01;3.173208e-02;2.579522e-02;6.564698e-02;5.971259e-02;1.594529e-02;4.744303e-02;6.299023e-02;1.916316e-02;6.576236e-02
2.696560e-02;1.128226e-01;4.795503e-01;3.970911e-02;4.309360e-02;4.879168e-02;5.936848e-02;1.275484e-02;3.304821e-02;7.780707e-02;2.838810e-02;3.770041e-02
3.611452e-02;1.032713e-01;4.783553e-01;5.553604e-02;4.858045e-02;5.159824e-02;6.101239e-02;1.646875e-02;2.510499e-02;7.015163e-02;3.349361e-02;2.031285e-02
6.176205e-02;9.527723e-02;4.733647e-01;5.849532e-02;4.509606e-02;6.838968e-02;6.269345e-02;2.304864e-02;1.493767e-02;5.013680e-02;2.391186e-02;2.288658e-02
8.889516e-02;5.450028e-02;3.674492e-01;7.419275e-02;8.946697e-02;8.841809e-02;1.064747e-01;3.078871e-02;2.464904e-02;3.262671e-02;1.603146e-02;2.650686e-02
7.029827e-02;8.875814e-02;3.252859e-01;6.207772e-02;8.863712e-02;6.756745e-02;1.119974e-01;5.664341e-02;3.264347e-02;3.922790e-02;2.672950e-02;3.013380e-02
3.513825e-02;7.795165e-02;3.595650e-01;7.345448e-02;1.148078e-01;5.047498e-02;6.764477e-02;4.489082e-02;4.514743e-02;4.331182e-02;3.750230e-02;5.011066e-02
9.652720e-02;3.340586e-02;2.362795e-01;7.148077e-02;1.730170e-01;5.775077e-02;1.136907e-01;3.268674e-02;4.262270e-02;2.759123e-02;4.391547e-02;7.103207e-02
8.211452e-02;1.208002e-02;2.136039e-01;8.043800e-02;1.900327e-01;6.450751e-02;1.296823e-01;3.327840e-02;2.989845e-02;2.486322e-02;6.292935e-02;7.657172e-02
4.712129e-02;1.559917e-02;2.237331e-01;6.838924e-02;2.089736e-01;7.988173e-02;1.203919e-01;3.048258e-02;3.079930e-02;3.553937e-02;6.908596e-02;7.000283e-02
4.516679e-02;1.854770e-02;2.269148e-01;6.786178e-02;1.863286e-01;8.174351e-02;1.790676e-01;2.529290e-02;2.725699e-02;3.291894e-02;5.157683e-02;5.732363e-02
5.320019e-02;2.536270e-02;2.612905e-01;8.144739e-02;1.773837e-01;7.184768e-02;1.238964e-01;2.943794e-02;4.286814e-02;4.325872e-02;4.327032e-02;4.673641e-02
3.061215e-02;2.383936e-02;2.147332e-01;7.549341e-02;1.435383e-01;1.109152e-01;1.395589e-01;4.407207e-02;6.734786e-02;5.838707e-02;4.560876e-02;4.589366e-02
4.851780e-02;2.990149e-02;1.536015e-01;6.940623e-02;1.020037e-01;1.288513e-01;1.589050e-01;6.892758e-02;7.144894e-02;8.203869e-02;5.157456e-02;3.482331e-02
8.871386e-02;4.730262e-02;1.120845e-01;6.518681e-02;1.044578e-01;1.123579e-01;1.031138e-01;1.157453e-01;6.208277e-02;9.863902e-02;5.005052e-02;4.026492e-02
7.743550e-02;6.164847e-02;1.660727e-01;4.128964e-02;8.635386e-02;8.044707e-02;1.155682e-01;9.902760e-02;8.714859e-02;9.090234e-02;4.358288e-02;5.052317e-02
6.093391e-02;5.386563e-02;1.725218e-01;4.189193e-02;7.710887e-02;6.500738e-02;6.827028e-02;1.019881e-01;2.003181e-01;8.575057e-02;4.259470e-02;2.974882e-02
2.254910e-02;3.428994e-02;1.204958e-01;5.253328e-02;9.068172e-02;5.646409e-02;1.299718e-01;9.756331e-02;2.675929e-01;7.969281e-02;3.368264e-02;1.448271e-02
1.584569e-02;2.539906e-02;7.803679e-02;5.508384e-02;1.041412e-01;6.486245e-02;1.831254e-01;1.378195e-01;2.080333e-01;8.626660e-02;2.865727e-02;1.272893e-02
2.320402e-02;3.874506e-02;6.672534e-02;3.558544e-02;1.219948e-01;7.490760e-02;2.353049e-01;1.439050e-01;1.504427e-01;7.156128e-02;2.340524e-02;1.421862e-02
2.133970e-02;3.347669e-02;7.900675e-02;2.868224e-02;1.132266e-01;9.067114e-02;2.515630e-01;1.393348e-01;1.404072e-01;6.156169e-02;1.806383e-02;2.266643e-02
1.640418e-02;4.085725e-02;9.535806e-02;3.970325e-02;9.085427e-02;1.301835e-01;1.896420e-01;1.651203e-01;1.275744e-01;6.667003e-02;1.737185e-02;2.026089e-02
1.428268e-02;5.069314e-02;8.557422e-02;5.703206e-02;1.065054e-01;1.199736e-01;2.154436e-01;1.396756e-01;1.074580e-01;6.615443e-02;1.943472e-02;1.777259e-02
3.290284e-02;4.719331e-02;4.887199e-02;5.459647e-02;1.270565e-01;1.016434e-01;2.507516e-01;1.355982e-01;6.839402e-02;8.351924e-02;2.961495e-02;1.985756e-02
7.017551e-02;6.437073e-02;9.245265e-02;3.788203e-02;8.028167e-02;1.383537e-01;2.196834e-01;1.322302e-01;2.750642e-02;7.569450e-02;2.862926e-02;3.273988e-02
9.042264e-02;7.578564e-02;1.068332e-01;3.997145e-02;8.858243e-02;1.397752e-01;1.535634e-01;1.158224e-01;3.412025e-02;6.090626e-02;4.179598e-02;5.242112e-02
7.510664e-02;6.531989e-02;1.615068e-01;5.565964e-02;1.016551e-01;1.201410e-01;1.121092e-01;1.099285e-01;4.794675e-02;7.107749e-02;2.797063e-02;5.157835e-02
7.465990e-02;4.754877e-02;1.757724e-01;6.316876e-02;8.798218e-02;7.810635e-02;1.090785e-01;1.116111e-01;3.521661e-02;8.976348e-02;6.723424e-02;5.985766e-02
7.886511e-02;5.755070e-02;1.391425e-01;4.236991e-02;8.606201e-02;6.788439e-02;1.388933e-01;8.085684e-02;6.480896e-02;1.028556e-01;7.235167e-02;6.835901e-02
1.119625e-01;6.470289e-02;1.310999e-01;5.528360e-02;7.793142e-02;6.142438e-02;1.567963e-01;6.109389e-02;7.515352e-02;1.044513e-01;3.279708e-02;6.730323e-02
9.990242e-02;4.645039e-02;2.143040e-01;5.443114e-02;8.750778e-02;4.561305e-02;1.893922e-01;6.662047e-02;6.013105e-02;7.136174e-02;2.401075e-02;4.027500e-02
4.921084e-02;4.496790e-02;2.657297e-01;4.222034e-02;1.181103e-01;6.464755e-02;1.271447e-01;6.450019e-02;4.425900e-02;6.067540e-02;4.119409e-02;7.733992e-02
1.318509e-01;7.470430e-02;1.915169e-01;4.150492e-02;6.705543e-02;4.776844e-02;1.001420e-01;5.904350e-02;5.451976e-02;9.939153e-02;5.841586e-02;7.408651e-02
1.646047e-01;9.476350e-02;1.664446e-01;6.262039e-02;6.898787e-02;5.229755e-02;1.804293e-01;3.462369e-02;4.142210e-02;6.504539e-02;3.608503e-02;3.267594e-02
1.910045e-01;1.003094e-01;1.093107e-01;6.910823e-02;7.717926e-02;6.401759e-02;2.167958e-01;2.832842e-02;3.520206e-02;5.532218e-02;1.919428e-02;3.422761e-02
1.619379e-01;9.539664e-02;1.337504e-01;9.202517e-02;8.948842e-02;6.012843e-02;1.846668e-01;2.968684e-02;3.143471e-02;4.969861e-02;3.012351e-02;4.166255e-02
9.760054e-02;8.209822e-02;2.135945e-01;1.106730e-01;1.135192e-01;5.339566e-02;1.461828e-01;2.967397e-02;2.862358e-02;4.099913e-02;3.957881e-02;4.406055e-02
1.090545e-01;3.766701e-02;2.082471e-01;8.142504e-02;1.401513e-01;6.641882e-02;1.723889e-01;1.869977e-02;4.389047e-02;2.236826e-02;3.846727e-02;6.122161e-02
1.252996e-01;3.451849e-02;1.946340e-01;5.569042e-02;1.630372e-01;8.213439e-02;1.175190e-01;1.978598e-02;5.021128e-02;3.599392e-02;4.669511e-02;7.448066e-02
1.887121e-01;5.706900e-02;1.594045e-01;3.982141e-02;1.517237e-01;9.192235e-02;1.200289e-01;2.450985e-02;3.674670e-02;3.987482e-02;2.879583e-02;6.139096e-02
1.465390e-01;8.911212e-02;2.040268e-01;4.674944e-02;1.686670e-01;9.028335e-02;7.255518e-02;3.324829e-02;3.224033e-02;3.899397e-02;2.835620e-02;4.922827e-02
5.151231e-02;7.158888e-02;1.548681e-01;7.614883e-02;1.270210e-01;8.908951e-02;1.937997e-01;4.289406e-02;5.664866e-02;6.438217e-02;2.994188e-02;4.210493e-02
7.501251e-02;7.617199e-02;1.516151e-01;6.026742e-02;8.358649e-02;1.056690e-01;1.510617e-01;6.143957e-02;1.103947e-01;7.926390e-02;2.055085e-02;2.496676e-02
5.319517e-02;8.582445e-02;1.550007e-01;3.510695e-02;8.162476e-02;1.156856e-01;1.531001e-01;8.273270e-02;1.201693e-01;7.951937e-02;1.520457e-02;2.283633e-02
3.819561e-02;7.999230e-02;1.442680e-01;4.267694e-02;7.354076e-02;1.319826e-01;1.681371e-01;8.791187e-02;1.092846e-01;7.641651e-02;2.424706e-02;2.334663e-02
5.960654e-02;7.548740e-02;1.294197e-01;5.004298e-02;6.527863e-02;1.294085e-01;1.884372e-01;9.630927e-02;7.763366e-02;7.006057e-02;3.077049e-02;2.754499e-02
6.004563e-02;9.230628e-02;1.198857e-01;4.002586e-02;6.357748e-02;8.541892e-02;2.215971e-01;8.364447e-02;9.022240e-02;7.375022e-02;4.080753e-02;2.871841e-02
5.510852e-02;7.305249e-02;1.106811e-01;5.958528e-02;6.707073e-02;7.479563e-02;1.790645e-01;7.940114e-02;8.574019e-02;9.908876e-02;6.513617e-02;5.127545e-02
6.313056e-02;6.358713e-02;1.646621e-01;8.634701e-02;6.743912e-02;6.506518e-02;1.279286e-01;6.514361e-02;5.989483e-02;1.113292e-01;7.105837e-02;5.441424e-02
6.984630e-02;5.154410e-02;2.400853e-01;8.803794e-02;5.556699e-02;5.735030e-02;1.334523e-01;6.256129e-02;5.253813e-02;8.884620e-02;5.275349e-02;4.741761e-02
4.123038e-02;2.855346e-02;3.673193e-01;7.142434e-02;3.728078e-02;4.175523e-02;1.688486e-01;7.922023e-02;3.867877e-02;5.234795e-02;3.194370e-02;4.139718e-02
1.938892e-02;4.419305e-02;4.248882e-01;4.784120e-02;2.875193e-02;4.000330e-02;1.624662e-01;7.906438e-02;4.163605e-02;5.371543e-02;2.211670e-02;3.593459e-02
3.550556e-02;3.566588e-02;3.288399e-01;9.815336e-02;3.513404e-02;4.655917e-02;1.345601e-01;5.939033e-02;9.508824e-02;7.489565e-02;2.701802e-02;2.918973e-02
5.763218e-02;3.242105e-02;1.563633e-01;1.759807e-01;5.258603e-02;4.203995e-02;8.778474e-02;4.139647e-02;1.783971e-01;1.055203e-01;4.562344e-02;2.425466e-02
6.378745e-02;3.539068e-02;1.207098e-01;2.162836e-01;4.713808e-02;2.757502e-02;8.223165e-02;3.999885e-02;2.103893e-01;9.839691e-02;3.931053e-02;1.878808e-02
4.505505e-02;3.460515e-02;2.574495e-01;1.691729e-01;4.261182e-02;2.467463e-02;1.108946e-01;7.066461e-02;1.435906e-01;5.177462e-02;2.359879e-02;2.590775e-02
3.663732e-02;5.942367e-02;3.635824e-01;1.016820e-01;3.196327e-02;2.593193e-02;1.471852e-01;8.368745e-02;6.686439e-02;3.016095e-02;2.060317e-02;3.227814e-02
4.552085e-02;1.053271e-01;3.860332e-01;5.745010e-02;3.280171e-02;2.385427e-02;1.717537e-01;6.861267e-02;2.414968e-02;2.987698e-02;2.595924e-02;2.866046e-02
1.141458e-01;1.225882e-01;3.126715e-01;5.449975e-02;4.931235e-02;3.280116e-02;1.519539e-01;2.724046e-02;4.435067e-02;4.151251e-02;2.462427e-02;2.429950e-02
1.692630e-01;8.990066e-02;2.172248e-01;6.702152e-02;8.354974e-02;5.710997e-02;9.379053e-02;3.714785e-02;5.678165e-02;6.126172e-02;1.564127e-02;5.130741e-02
7.843446e-02;9.345555e-02;1.735382e-01;6.844292e-02;1.092496e-01;7.148898e-02;7.251456e-02;7.160369e-02;6.292699e-02;7.094821e-02;2.625295e-02;1.011438e-01
1.293453e-01;9.159876e-02;2.177699e-01;5.219296e-02;7.143211e-02;6.457571e-02;5.790401e-02;8.809487e-02;8.139274e-02;6.218328e-02;2.494561e-02;5.856470e-02
1.125908e-01;5.134210e-02;1.642391e-01;4.537146e-02;5.373095e-02;7.896301e-02;1.038284e-01;1.363240e-01;1.132916e-01;7.271422e-02;2.959403e-02;3.801023e-02
7.224494e-02;5.508712e-02;1.573393e-01;4.590683e-02;6.423586e-02;7.928828e-02;1.046406e-01;1.632344e-01;1.197692e-01;7.766409e-02;2.519141e-02;3.539799e-02
4.811050e-02;7.158972e-02;1.451524e-01;3.432417e-02;6.301975e-02;1.079938e-01;1.148722e-01;1.551533e-01;1.302054e-01;8.099470e-02;1.562745e-02;3.295671e-02
5.738561e-02;8.109891e-02;1.379039e-01;4.382068e-02;6.269433e-02;1.430405e-01;1.182164e-01;9.740235e-02;1.365372e-01;6.407938e-02;2.285924e-02;3.496143e-02
6.502098e-02;8.907609e-02;9.003823e-02;6.513201e-02;5.228448e-02;1.240795e-01;1.453961e-01;1.141816e-01;1.026388e-01;8.272229e-02;3.047073e-02;3.895919e-02
5.751599e-02;6.827711e-02;1.140157e-01;6.539420e-02;5.693407e-02;9.388464e-02;1.502012e-01;1.357832e-01;9.607005e-02;9.538582e-02;3.006758e-02;3.647045e-02
3.812810e-02;5.308588e-02;1.688676e-01;6.828533e-02;6.522872e-02;7.883610e-02;1.550589e-01;1.191458e-01;7.231435e-02;9.975247e-02;5.119014e-02;3.010650e-02
9.881706e-02;1.010345e-01;1.886557e-01;6.742456e-02;6.238462e-02;5.086586e-02;1.162838e-01;8.170642e-02;3.003359e-02;8.575822e-02;7.724371e-02;3.979192e-02
4.673259e-02;7.420363e-02;2.233822e-01;8.655121e-02;8.041387e-02;5.067811e-02;1.292984e-01;4.723246e-02;7.342920e-02;8.390732e-02;6.846862e-02;3.570236e-02
7.492678e-02;6.446714e-02;2.134044e-01;7.809386e-02;8.567238e-02;5.130700e-02;1.331567e-01;4.778435e-02;8.171047e-02;6.163822e-02;6.002061e-02;4.781814e-02
1.418818e-01;6.285323e-02;2.106413e-01;5.703730e-02;8.852033e-02;5.152033e-02;1.312089e-01;4.196971e-02;7.603094e-02;3.628178e-02;3.955854e-02;6.249576e-02
1.592409e-01;8.017096e-02;2.587803e-01;4.780120e-02;6.620096e-02;4.495253e-02;1.030388e-01;5.538205e-02;5.276965e-02;4.057276e-02;3.670654e-02;5.438337e-02
6.661702e-02;7.214893e-02;3.563170e-01;8.886838e-02;4.701207e-02;3.504496e-02;8.579062e-02;7.244460e-02;2.553083e-02;5.278386e-02;6.382822e-02;3.361356e-02
5.658143e-02;4.908375e-02;4.295001e-01;8.728930e-02;3.479140e-02;2.103300e-02;9.619596e-02;5.384525e-02;2.086241e-02;6.799079e-02;5.976301e-02;2.306361e-02
4.386641e-02;3.640281e-02;4.983716e-01;6.299408e-02;3.022636e-02;2.456093e-02;1.071968e-01;3.060274e-02;2.594158e-02;8.577993e-02;3.994937e-02;1.410735e-02
3.241943e-02;2.622793e-02;5.380720e-01;4.378287e-02;3.022805e-02;3.594229e-02;9.178419e-02;4.110663e-02;2.595159e-02;8.982541e-02;2.624941e-02;1.841024e-02
2.223177e-02;7.757437e-02;5.465186e-01;3.492663e-02;2.108215e-02;3.671085e-02;5.362858e-02;4.441842e-02;3.937246e-02;8.570707e-02;1.055416e-02;2.727493e-02
4.729781e-02;1.087747e-01;4.634199e-01;3.442074e-02;2.127967e-02;4.348932e-02;7.249341e-02;4.452405e-02;4.188371e-02;7.369675e-02;1.830547e-02;3.041445e-02
3.680566e-02;1.248725e-01;3.884519e-01;3.807539e-02;2.140643e-02;6.520329e-02;8.060951e-02;4.799244e-02;6.019545e-02;7.297259e-02;2.381457e-02;3.960037e-02
3.459259e-02;1.244228e-01;3.750647e-01;3.760776e-02;2.690521e-02;7.961766e-02;6.699277e-02;4.334245e-02;7.015005e-02;8.118503e-02;1.474737e-02;4.537161e-02
3.405474e-02;1.028248e-01;3.985522e-01;3.017770e-02;3.276183e-02;6.157243e-02;6.587689e-02;5.434505e-02;6.549917e-02;8.721834e-02;2.554720e-02;4.156959e-02
4.063774e-02;8.731480e-02;4.243240e-01;2.760905e-02;3.486424e-02;4.179969e-02;5.763815e-02;6.923850e-02;4.929681e-02;8.939698e-02;4.264546e-02;3.523463e-02
3.997065e-02;7.860138e-02;3.986726e-01;5.365103e-02;5.780951e-02;4.095671e-02;5.568031e-02;7.250822e-02;3.343645e-02;6.796109e-02;6.524789e-02;3.550417e-02
1.182428e-01;4.859180e-02;2.419373e-01;6.064756e-02;9.772967e-02;5.781272e-02;7.985718e-02;6.619841e-02;4.440887e-02;5.580906e-02;6.851894e-02;6.024563e-02
1.308144e-01;7.890346e-02;2.238428e-01;4.399142e-02;7.846774e-02;4.793253e-02;1.494307e-01;5.440749e-02;5.069099e-02;5.587525e-02;3.261277e-02;5.303044e-02
6.579159e-02;1.165598e-01;2.530383e-01;3.931028e-02;8.071500e-02;4.477468e-02;1.468500e-01;4.492234e-02;5.114063e-02;5.448085e-02;3.872002e-02;6.369642e-02
1.141539e-01;1.365112e-01;1.838404e-01;3.792935e-02;7.538126e-02;4.061943e-02;1.594593e-01;5.612289e-02;3.698710e-02;4.749670e-02;4.659270e-02;6.490581e-02
2.688885e-02;1.713665e-01;1.724134e-01;5.697579e-02;8.130087e-02;4.848204e-02;1.575307e-01;7.867946e-02;3.406721e-02;4.982213e-02;5.963634e-02;6.283671e-02
9.339669e-02;1.695681e-01;1.486513e-01;5.826179e-02;7.040056e-02;4.607744e-02;1.544687e-01;6.903140e-02;2.974246e-02;5.240609e-02;6.155701e-02;4.643852e-02
7.248055e-02;1.505054e-01;1.903071e-01;5.174299e-02;7.444415e-02;3.650438e-02;1.550850e-01;7.434251e-02;3.284281e-02;6.267735e-02;5.634945e-02;4.271828e-02
4.995571e-02;1.085591e-01;2.355662e-01;4.218812e-02;7.404423e-02;4.429661e-02;1.914230e-01;8.468810e-02;4.427595e-02;5.247620e-02;3.470825e-02;3.781855e-02
7.548824e-02;7.893984e-02;2.367203e-01;7.097930e-02;5.208192e-02;5.646478e-02;2.134456e-01;7.076297e-02;5.610310e-02;3.727892e-02;2.790762e-02;2.382736e-02
8.305100e-02;5.359158e-02;2.258310e-01;8.203978e-02;6.455686e-02;6.031876e-02;2.530632e-01;4.855195e-02;4.760351e-02;3.997160e-02;2.288157e-02;1.853913e-02
6.213598e-02;4.657369e-02;2.322643e-01;6.594785e-02;8.197181e-02;5.785469e-02;2.571009e-01;3.306215e-02;4.809357e-02;6.432252e-02;3.158443e-02;1.908809e-02
3.068616e-02;4.630695e-02;2.605357e-01;3.955399e-02;8.464581e-02;3.204554e-02;1.995683e-01;4.833190e-02;7.021535e-02;7.805672e-02;5.983134e-02;5.022226e-02
4.554066e-02;6.394081e-02;2.437533e-01;5.335656e-02;5.494936e-02;4.138998e-02;1.160497e-01;7.712536e-02;8.552185e-02;7.870570e-02;6.389338e-02;7.577334e-02
4.572468e-02;8.055568e-02;2.190222e-01;4.667873e-02;4.945844e-02;5.022896e-02;8.043049e-02;8.667511e-02;8.861272e-02;9.270526e-02;7.855840e-02;8.134934e-02
5.966966e-02;9.858119e-02;1.637972e-01;5.625528e-02;6.698138e-02;6.361776e-02;1.107034e-01;8.766513e-02;5.105114e-02;9.076223e-02;8.451518e-02;6.640048e-02
9.848502e-02;9.302456e-02;9.510467e-02;7.979273e-02;6.910035e-02;7.122669e-02;9.229805e-02;1.007051e-01;9.535189e-02;9.670249e-02;7.337743e-02;3.483101e-02
