7.113694e-02;5.044844e-02;2.205600e-01;7.855407e-02;9.894819e-02;7.173403e-02;1.072221e-01;4.975144e-02;4.296979e-02;7.553937e-02;3.608055e-02;9.705510e-02
5.910407e-02;7.748648e-02;2.233607e-01;8.743399e-02;7.578055e-02;5.717294e-02;1.277114e-01;8.602726e-02;5.851377e-02;6.145531e-02;3.105687e-02;5.489662e-02
4.703220e-02;8.497599e-02;1.834246e-01;8.609013e-02;6.930657e-02;6.920424e-02;8.793514e-02;9.918585e-02;7.147860e-02;6.495158e-02;2.731368e-02;1.091015e-01
8.044972e-02;6.725960e-02;1.827524e-01;1.056395e-01;5.652835e-02;6.207400e-02;6.198677e-02;9.757464e-02;6.598569e-02;5.086211e-02;4.864999e-02;1.202373e-01
7.258569e-02;6.062093e-02;1.833655e-01;1.103596e-01;5.550455e-02;6.060873e-02;5.456517e-02;9.980372e-02;5.365438e-02;5.629720e-02;6.595551e-02;1.266790e-01
4.460045e-02;9.952858e-02;2.092275e-01;7.910234e-02;8.718863e-02;7.592584e-02;4.631590e-02;7.307144e-02;5.432852e-02;7.911412e-02;5.204135e-02;9.955534e-02
9.345914e-02;8.663496e-02;1.541255e-01;4.951770e-02;1.015852e-01;9.201975e-02;1.197178e-01;8.191922e-02;5.463453e-02;6.691115e-02;6.260656e-02;3.686852e-02
8.859718e-02;6.725147e-02;1.784971e-01;7.726175e-02;7.777956e-02;4.660564e-02;8.918539e-02;7.391199e-02;9.327859e-02;8.572186e-02;6.265134e-02;5.925813e-02
8.602407e-02;9.330043e-02;2.048131e-01;8.499800e-02;5.984536e-02;4.498222e-02;9.042385e-02;4.736018e-02;9.772697e-02;6.899320e-02;6.052941e-02;6.100313e-02
6.842007e-02;1.032393e-01;2.479655e-01;7.790040e-02;5.415086e-02;4.131492e-02;1.065897e-01;3.243687e-02;9.175624e-02;5.695551e-02;6.152323e-02;5.774734e-02
4.340465e-02;8.713765e-02;2.867500e-01;8.253234e-02;5.992525e-02;3.700781e-02;1.176420e-01;3.309742e-02;7.754590e-02;4.953827e-02;6.392436e-02;6.149429e-02
6.205202e-02;9.900276e-02;3.185359e-01;7.427757e-02;4.810468e-02;3.213075e-02;1.125263e-01;2.531934e-02;6.541875e-02;5.382482e-02;5.072257e-02;5.808455e-02
7.132561e-02;9.944462e-02;3.432188e-01;5.544990e-02;4.369714e-02;3.448748e-02;1.221711e-01;2.271640e-02;5.396817e-02;5.965382e-02;3.905182e-02;5.481520e-02
5.417616e-02;5.893875e-02;3.430790e-01;6.760421e-02;6.359712e-02;5.447159e-02;1.293315e-01;4.571055e-02;3.859681e-02;3.679387e-02;7.270233e-02;3.499806e-02
6.366269e-02;6.521598e-02;3.291865e-01;7.727287e-02;9.005512e-02;6.138460e-02;9.292291e-02;3.353878e-02;3.941196e-02;4.257262e-02;6.922505e-02;3.555091e-02
7.520002e-02;6.537177e-02;2.132607e-01;6.970292e-02;7.698433e-02;6.683288e-02;1.226337e-01;6.939191e-02;5.493024e-02;6.987726e-02;7.091084e-02;4.490349e-02
8.092248e-02;6.479052e-02;1.958016e-01;4.790324e-02;8.469958e-02;6.587109e-02;1.063711e-01;1.041936e-01;1.016667e-01;7.389829e-02;2.712584e-02;4.675602e-02
9.957125e-02;6.900301e-02;1.960241e-01;5.610443e-02;9.352316e-02;9.273404e-02;7.210637e-02;9.463134e-02;6.848696e-02;7.285210e-02;5.318991e-02;3.177335e-02
1.061447e-01;6.573062e-02;1.739151e-01;4.785434e-02;4.655745e-02;1.152063e-01;8.288169e-02;6.858061e-02;6.584673e-02;9.570077e-02;8.253279e-02;4.904883e-02
1.662362e-01;9.568328e-02;1.418416e-01;5.966947e-02;7.448079e-02;7.215239e-02;8.930855e-02;5.267163e-02;5.132996e-02;8.794717e-02;4.261532e-02;6.606366e-02
1.587202e-01;9.540158e-02;1.537846e-01;7.316992e-02;8.808424e-02;6.679585e-02;1.062559e-01;4.612330e-02;4.925481e-02;6.260607e-02;4.387730e-02;5.592614e-02
1.470732e-01;9.598748e-02;1.605055e-01;8.202454e-02;1.008441e-01;7.506553e-02;1.156363e-01;3.594517e-02;5.213625e-02;5.175505e-02;3.815369e-02;4.487319e-02
1.311229e-01;7.858603e-02;1.602938e-01;6.449240e-02;1.255527e-01;1.013822e-01;1.550178e-01;3.061358e-02;4.243504e-02;3.549217e-02;4.030624e-02;3.470502e-02
7.546866e-02;1.058687e-01;1.658783e-01;8.340698e-02;9.074831e-02;8.878647e-02;1.612814e-01;4.694603e-02;6.490333e-02;3.263984e-02;4.832217e-02;3.574976e-02
8.507077e-02;1.298589e-01;2.504167e-01;9.053431e-02;7.413950e-02;7.990360e-02;8.049484e-02;3.379925e-02;8.079767e-02;3.412184e-02;2.475454e-02;3.610809e-02
8.032002e-02;1.703852e-01;2.693405e-01;8.367041e-02;5.398267e-02;9.632263e-02;3.286266e-02;2.017625e-02;1.005597e-01;3.272035e-02;1.475233e-02;4.490721e-02
5.675019e-02;2.046723e-01;2.554272e-01;6.912387e-02;3.165928e-02;1.259011e-01;3.864984e-02;2.016281e-02;1.060299e-01;2.948554e-02;1.051451e-02;5.162338e-02
6.740546e-02;2.153900e-01;2.212483e-01;5.522987e-02;3.213616e-02;1.539499e-01;3.822508e-02;2.035198e-02;1.073639e-01;3.047178e-02;1.082868e-02;4.739895e-02
9.384102e-02;2.265202e-01;1.246937e-01;6.740176e-02;5.186325e-02;1.804048e-01;2.675177e-02;2.166514e-02;1.261507e-01;2.123127e-02;1.166256e-02;4.781380e-02
9.763037e-02;2.193662e-01;1.598990e-01;5.751071e-02;4.159220e-02;1.603594e-01;3.728367e-02;1.572483e-02;1.155175e-01;3.306272e-02;1.076669e-02;5.128675e-02
9.524429e-02;1.967023e-01;2.606424e-01;3.381252e-02;4.131640e-02;1.010459e-01;5.894787e-02;1.216427e-02;7.606033e-02;5.419455e-02;2.017674e-02;4.969241e-02
8.570693e-02;1.757873e-01;3.160774e-01;3.523057e-02;5.274908e-02;4.133499e-02;7.330763e-02;2.263733e-02;4.824777e-02;6.849636e-02;3.083750e-02;4.958712e-02
9.563097e-02;1.647948e-01;3.033910e-01;4.867777e-02;4.575131e-02;3.430934e-02;8.172485e-02;2.854157e-02;5.761090e-02;6.226234e-02;2.405912e-02;5.324602e-02
1.532009e-01;1.404812e-01;2.420488e-01;5.743106e-02;3.280027e-02;5.903006e-02;9.037458e-02;3.831819e-02;7.480346e-02;4.362238e-02;2.852493e-02;3.936417e-02
1.176329e-01;1.720401e-01;2.262195e-01;5.419299e-02;3.594020e-02;7.794695e-02;1.042405e-01;2.677356e-02;8.989652e-02;4.441784e-02;1.987698e-02;3.082198e-02
9.864299e-02;1.916491e-01;1.576734e-01;4.055919e-02;5.567446e-02;6.601700e-02;6.615558e-02;5.988519e-02;1.186590e-01;7.952047e-02;2.400974e-02;4.155390e-02
1.186342e-01;2.010747e-01;1.027762e-01;4.443812e-02;6.482542e-02;3.941788e-02;5.082497e-02;7.639012e-02;1.418248e-01;6.867966e-02;3.609359e-02;5.502034e-02
1.010960e-01;1.534885e-01;2.072062e-01;5.277525e-02;3.664076e-02;4.251705e-02;6.334000e-02;4.472189e-02;1.369192e-01;5.991041e-02;5.154184e-02;4.984294e-02
1.200846e-01;7.479453e-02;2.359138e-01;5.945416e-02;3.695846e-02;5.598929e-02;7.251309e-02;5.847577e-02;9.041064e-02;1.036387e-01;5.580225e-02;3.596478e-02
7.274556e-02;3.216841e-02;1.964469e-01;4.049609e-02;5.493617e-02;6.659477e-02;1.101554e-01;1.257574e-01;8.250932e-02;1.345640e-01;3.611649e-02;4.750941e-02
7.819506e-02;3.525466e-02;1.656435e-01;4.519293e-02;5.400789e-02;7.390410e-02;1.055805e-01;1.363355e-01;6.702661e-02;1.305173e-01;7.177675e-02;3.656511e-02
8.758691e-02;4.675637e-02;1.955160e-01;7.259671e-02;5.267020e-02;8.041427e-02;7.208409e-02;7.612607e-02;8.650476e-02;9.427680e-02;8.949418e-02;4.597361e-02
7.011638e-02;4.830757e-02;1.702672e-01;8.594815e-02;4.787980e-02;8.071351e-02;1.521810e-01;4.111137e-02;8.145025e-02;6.881240e-02;1.050211e-01;4.819131e-02
7.775474e-02;6.698020e-02;1.483253e-01;4.771475e-02;7.858849e-02;6.335784e-02;3.219493e-01;3.482956e-02;2.448259e-02;5.796665e-02;5.427097e-02;2.377961e-02
8.330284e-02;5.885597e-02;1.494912e-01;5.619888e-02;9.254356e-02;6.636762e-02;2.934231e-01;3.154175e-02;4.000604e-02;5.205341e-02;4.546821e-02;3.074741e-02
6.042805e-02;4.102761e-02;3.089824e-01;6.569084e-02;9.056564e-02;4.782070e-02;1.842469e-01;3.454709e-02;2.855298e-02;5.672269e-02;5.336893e-02;2.804620e-02
2.986628e-02;3.811477e-02;4.805055e-01;6.413936e-02;6.974998e-02;3.426957e-02;8.301149e-02;2.518984e-02;2.348847e-02;8.268937e-02;4.620863e-02;2.276674e-02
1.945011e-02;4.680738e-02;5.034096e-01;4.302694e-02;4.587851e-02;3.743596e-02;4.926569e-02;2.735923e-02;7.140149e-02;9.026194e-02;4.232297e-02;2.338017e-02
3.385526e-02;6.284636e-02;3.588305e-01;4.217502e-02;2.922380e-02;5.227656e-02;4.551255e-02;4.296166e-02;1.560196e-01;9.652462e-02;5.229495e-02;2.747906e-02
4.794392e-02;8.673107e-02;2.717978e-01;3.666466e-02;2.764851e-02;5.885533e-02;4.349339e-02;2.690171e-02;2.256243e-01;9.543178e-02;3.736823e-02;4.153929e-02
7.625978e-02;1.160068e-01;2.167939e-01;2.540110e-02;2.696666e-02;5.735131e-02;3.346411e-02;2.314828e-02;2.772511e-01;7.497255e-02;3.129595e-02;4.108850e-02
1.221653e-01;1.223367e-01;1.379250e-01;1.694117e-02;3.277158e-02;4.788663e-02;4.539737e-02;3.951627e-02;2.496109e-01;5.456675e-02;9.189019e-02;3.899208e-02
1.829880e-01;1.153868e-01;1.020922e-01;1.000755e-02;3.570583e-02;3.661948e-02;5.023331e-02;6.135724e-02;1.702750e-01;3.969805e-02;1.499401e-01;4.569650e-02
2.309294e-01;9.031983e-02;8.399979e-02;1.159709e-02;3.827252e-02;2.506052e-02;6.616418e-02;8.164472e-02;9.117261e-02;2.672097e-02;2.067139e-01;4.740448e-02
2.561769e-01;4.282765e-02;6.258380e-02;1.814498e-02;4.015771e-02;1.681389e-02;1.156113e-01;9.862961e-02;4.453939e-02;3.704177e-02;2.151201e-01;5.235285e-02
2.746716e-01;2.930850e-02;4.929214e-02;2.950148e-02;3.578263e-02;1.147913e-02;1.800440e-01;9.303782e-02;2.838434e-02;7.273216e-02;1.509880e-01;4.477814e-02
2.894827e-01;4.003536e-02;4.925371e-02;3.345254e-02;3.817571e-02;1.367643e-02;2.179923e-01;6.212509e-02;1.224974e-02;8.531474e-02;1.131989e-01;4.504279e-02
2.770800e-01;4.354361e-02;5.701362e-02;3.210551e-02;3.559501e-02;1.621942e-02;2.381943e-01;4.625890e-02;2.766572e-02;8.511298e-02;1.026102e-01;3.860080e-02
2.414151e-01;4.607968e-02;8.348995e-02;3.271439e-02;3.025215e-02;1.804154e-02;2.495159e-01;4.509147e-02;4.320795e-02;9.078797e-02;6.936764e-02;5.003633e-02
1.814950e-01;5.846927e-02;9.480307e-02;3.511566e-02;3.568452e-02;2.756277e-02;2.702416e-01;3.661894e-02;4.633510e-02;1.045888e-01;6.071414e-02;4.837116e-02
1.496902e-01;4.067988e-02;1.203928e-01;4.253629e-02;4.819631e-02;3.452729e-02;2.598565e-01;6.887922e-02;3.198325e-02;1.170694e-01;4.659930e-02;3.958952e-02
1.535376e-01;5.586156e-02;9.555834e-02;3.457662e-02;4.282025e-02;3.266901e-02;1.447803e-01;9.309767e-02;6.253530e-02;1.059887e-01;1.420180e-01;3.655668e-02
9.702352e-02;6.282897e-02;7.523546e-02;4.231377e-02;5.880406e-02;4.393585e-02;1.162216e-01;1.174639e-01;8.791989e-02;6.702144e-02;2.066710e-01;2.456067e-02
1.093935e-01;8.206211e-02;1.377656e-01;5.204823e-02;5.929490e-02;6.475607e-02;8.722363e-02;1.019330e-01;4.640505e-02;4.304396e-02;1.452228e-01;7.085128e-02
1.307375e-01;1.094915e-01;1.653092e-01;4.053907e-02;7.175314e-02;6.194411e-02;9.118906e-02;4.753558e-02;5.723042e-02;6.164161e-02;7.180854e-02;9.082029e-02
1.581640e-01;9.394753e-02;1.429417e-01;6.617451e-02;7.651462e-02;5.243908e-02;9.787408e-02;2.308757e-02;6.641918e-02;7.554913e-02;6.813660e-02;7.875192e-02
1.442338e-01;5.621581e-02;1.577398e-01;9.305126e-02;8.353306e-02;5.950120e-02;1.059253e-01;2.125644e-02;4.953562e-02;5.896302e-02;5.880250e-02;1.112422e-01
7.904274e-02;6.684028e-02;2.036273e-01;9.649693e-02;8.009028e-02;6.929690e-02;8.570465e-02;2.687367e-02;6.753933e-02;4.679834e-02;7.176238e-02;1.059273e-01
8.950064e-02;7.447387e-02;1.861045e-01;8.141910e-02;7.572000e-02;6.339181e-02;8.156164e-02;7.271927e-02;7.079300e-02;7.237408e-02;5.166437e-02;8.027773e-02
8.299834e-02;5.948610e-02;1.269278e-01;7.719870e-02;8.378536e-02;7.348110e-02;1.268834e-01;7.030988e-02;8.267454e-02;8.591655e-02;6.206528e-02;6.827295e-02
8.739546e-02;6.157346e-02;1.290353e-01;7.172488e-02;8.701257e-02;7.782998e-02;1.281579e-01;5.746519e-02;8.378173e-02;8.491389e-02;6.312308e-02;6.798654e-02
7.853468e-02;8.127607e-02;1.707649e-01;5.783962e-02;7.416810e-02;7.363424e-02;1.680580e-01;4.735620e-02;9.229186e-02;7.885192e-02;3.263030e-02;4.459414e-02
1.125499e-01;7.579201e-02;1.743962e-01;4.635914e-02;4.457473e-02;3.367810e-02;1.529608e-01;4.961074e-02;6.377273e-02;8.269379e-02;1.085567e-01;5.505505e-02
1.254732e-01;6.252129e-02;1.815161e-01;3.405989e-02;4.157402e-02;2.840267e-02;1.327386e-01;3.357989e-02;7.356628e-02;8.615137e-02;1.423327e-01;5.808402e-02
9.907610e-02;1.023552e-01;1.714926e-01;1.895360e-02;3.131330e-02;3.978014e-02;1.041918e-01;2.719246e-02;1.225215e-01;7.963490e-02;1.415034e-01;6.198497e-02
9.022976e-02;1.459364e-01;1.369490e-01;1.442063e-02;3.616997e-02;4.282431e-02;7.667638e-02;6.844018e-02;1.388133e-01;4.533026e-02;1.556730e-01;4.853675e-02
1.257574e-01;1.720343e-01;9.587779e-02;2.000988e-02;4.212765e-02;3.584633e-02;6.959985e-02;7.926148e-02;1.512813e-01;3.368861e-02;1.570362e-01;1.747912e-02
1.114873e-01;1.749608e-01;1.153875e-01;1.636456e-02;3.468687e-02;4.748044e-02;4.293269e-02;6.159624e-02;2.498908e-01;3.489464e-02;8.484907e-02;2.546916e-02
8.251158e-02;1.614555e-01;1.355465e-01;1.629638e-02;2.747674e-02;7.202529e-02;3.207801e-02;3.791497e-02;3.137391e-01;3.663931e-02;2.901740e-02;5.529913e-02
5.740734e-02;1.423906e-01;1.384636e-01;1.719482e-02;2.524221e-02;9.167364e-02;2.633152e-02;2.132195e-02;3.141117e-01;3.384607e-02;3.303309e-02;9.898348e-02
4.984201e-02;1.225513e-01;1.459798e-01;1.703697e-02;2.385450e-02;1.044594e-01;3.292021e-02;1.501382e-02;2.780424e-01;4.037095e-02;2.107052e-02;1.488581e-01
5.687434e-02;9.311949e-02;1.865624e-01;1.745334e-02;2.136538e-02;9.963538e-02;6.198711e-02;1.779409e-02;2.134441e-01;5.954877e-02;1.624149e-02;1.559741e-01
8.392382e-02;5.754572e-02;2.653252e-01;1.709577e-02;2.044097e-02;7.564487e-02;1.012226e-01;1.215875e-02;1.252732e-01;1.109686e-01;2.382378e-02;1.065767e-01
1.131168e-01;3.458503e-02;3.350320e-01;2.316636e-02;2.567045e-02;4.829671e-02;1.242104e-01;2.204557e-02;5.247129e-02;1.481175e-01;2.251239e-02;5.077547e-02
1.055268e-01;4.724331e-02;3.571013e-01;2.573081e-02;2.813864e-02;3.916150e-02;1.253423e-01;1.502485e-02;2.900261e-02;1.483621e-01;3.062782e-02;4.873793e-02
7.297225e-02;4.698008e-02;4.422198e-01;2.978696e-02;3.887940e-02;3.410985e-02;9.757558e-02;1.742618e-02;1.775103e-02;1.409174e-01;2.713785e-02;3.424358e-02
5.726404e-02;3.307275e-02;5.385246e-01;3.590195e-02;4.516104e-02;2.348361e-02;6.278606e-02;1.342343e-02;3.000174e-02;9.802771e-02;3.180234e-02;3.055070e-02
3.893287e-02;2.276363e-02;6.196869e-01;4.487468e-02;4.695008e-02;1.477507e-02;4.928747e-02;9.259385e-03;3.430464e-02;6.023690e-02;3.057562e-02;2.835269e-02
2.088041e-02;2.222311e-02;6.487238e-01;4.925758e-02;5.033536e-02;1.661155e-02;4.913764e-02;1.163440e-02;2.552657e-02;5.351645e-02;3.399696e-02;1.815611e-02
1.022852e-02;3.578077e-02;6.676258e-01;4.188466e-02;4.734620e-02;1.680095e-02;3.984128e-02;1.019859e-02;1.961268e-02;6.345323e-02;3.090824e-02;1.631903e-02
1.875609e-02;5.452091e-02;6.466415e-01;3.634992e-02;4.359592e-02;1.933082e-02;2.594416e-02;1.249961e-02;2.447437e-02;6.550299e-02;2.571480e-02;2.666895e-02
3.465204e-02;7.116980e-02;5.725512e-01;3.915428e-02;3.132874e-02;1.494825e-02;4.319557e-02;1.603559e-02;4.783009e-02;6.280214e-02;2.915528e-02;3.717698e-02
3.624351e-02;5.994049e-02;4.840057e-01;4.267604e-02;3.778923e-02;2.356014e-02;5.302758e-02;1.705875e-02;7.297833e-02;7.913886e-02;3.959521e-02;5.398616e-02
4.391410e-02;3.632405e-02;4.104859e-01;3.537898e-02;3.787398e-02;3.056165e-02;9.620602e-02;2.512686e-02;8.330816e-02;8.969168e-02;3.930966e-02;7.181899e-02
5.482557e-02;2.763068e-02;3.552786e-01;4.344068e-02;5.122099e-02;3.219935e-02;1.287734e-01;3.091617e-02;6.737551e-02;8.508064e-02;5.594274e-02;6.731576e-02
4.741570e-02;4.930254e-02;3.181271e-01;5.692418e-02;7.105845e-02;2.900860e-02;1.140038e-01;3.301254e-02;4.960866e-02;7.324135e-02;8.558171e-02;7.271547e-02
7.769132e-02;9.008884e-02;2.658950e-01;6.061976e-02;7.777256e-02;2.610186e-02;6.926110e-02;5.026432e-02;5.910487e-02;5.201920e-02;8.680741e-02;8.437372e-02
8.318000e-02;8.423062e-02;1.359791e-01;6.121939e-02;9.501877e-02;5.291967e-02;1.180042e-01;9.123074e-02;1.085949e-01;8.957177e-02;4.387835e-02;3.617258e-02
3.691335e-02;5.164253e-02;7.910461e-02;7.261379e-02;9.133402e-02;8.492858e-02;1.398410e-01;1.144505e-01;1.122698e-01;1.051608e-01;6.297699e-02;4.876407e-02
3.116999e-02;4.068603e-02;8.048744e-02;8.127358e-02;9.201921e-02;9.171641e-02;1.256948e-01;1.239616e-01;1.120873e-01;1.081264e-01;6.049802e-02;5.227918e-02
4.977429e-02;2.673467e-02;9.963210e-02;8.176558e-02;8.956128e-02;8.433220e-02;1.134948e-01;1.227971e-01;1.099532e-01;1.060297e-01;6.509776e-02;5.082740e-02
1.013259e-01;4.395356e-02;1.456998e-01;7.940806e-02;6.981052e-02;7.864530e-02;1.107192e-01;9.433807e-02;7.100167e-02;7.623382e-02;5.277371e-02;7.609034e-02
1.031079e-01;4.020830e-02;1.904289e-01;5.728314e-02;6.359495e-02;9.477202e-02;1.065335e-01;7.793677e-02;7.530020e-02;3.562276e-02;5.789464e-02;9.731686e-02
1.144065e-01;5.814879e-02;1.834344e-01;4.896678e-02;5.606606e-02;1.009900e-01;1.029809e-01;9.353035e-02;6.275599e-02;4.324862e-02;6.303321e-02;7.243838e-02
8.071274e-02;7.479303e-02;1.702544e-01;7.768283e-02;5.554633e-02;9.314071e-02;1.390206e-01;9.054107e-02;2.974255e-02;6.604501e-02;4.686865e-02;7.565205e-02
5.725855e-02;5.686404e-02;1.568960e-01;6.402599e-02;8.042178e-02;8.403800e-02;1.182644e-01;7.533758e-02;6.572235e-02;9.251145e-02;4.140298e-02;1.072569e-01
5.861694e-02;6.471417e-02;1.696581e-01;5.110739e-02;8.491737e-02;7.560705e-02;1.126354e-01;8.962602e-02;5.476242e-02;9.157369e-02;2.558096e-02;1.212005e-01
7.834736e-02;5.768125e-02;1.554238e-01;6.014979e-02;8.324145e-02;5.530516e-02;1.038457e-01;7.659572e-02;3.825833e-02;1.132899e-01;7.799254e-02;9.986902e-02
7.379697e-02;6.604873e-02;1.497037e-01;5.939834e-02;7.547072e-02;6.184307e-02;1.219483e-01;5.780453e-02;8.739436e-02;8.814143e-02;1.011972e-01;5.725266e-02
5.512572e-02;8.483924e-02;1.893413e-01;6.494450e-02;5.928236e-02;5.248456e-02;1.439754e-01;5.666639e-02;7.809512e-02;6.756493e-02;7.228377e-02;7.539669e-02
7.973647e-02;7.952461e-02;2.335134e-01;5.525129e-02;6.069644e-02;4.432847e-02;1.474362e-01;6.278472e-02;6.597441e-02;5.185721e-02;5.153519e-02;6.736159e-02
5.562904e-02;5.950696e-02;2.416220e-01;7.658614e-02;6.704284e-02;4.745772e-02;1.017782e-01;6.836543e-02;7.086602e-02;6.200201e-02;7.204162e-02;7.710203e-02
3.800618e-02;4.020225e-02;1.985971e-01;7.639904e-02;7.581014e-02;7.104945e-02;8.992430e-02;6.443145e-02;7.705806e-02;9.363618e-02;8.811349e-02;8.677235e-02
6.549416e-02;3.872284e-02;1.548362e-01;7.505776e-02;9.421035e-02;6.878317e-02;1.098166e-01;5.360488e-02;7.626639e-02;1.033260e-01;6.688239e-02;9.299929e-02
1.080065e-01;6.127359e-02;1.394015e-01;6.157377e-02;9.826743e-02;4.197422e-02;9.048529e-02;4.444085e-02;1.004584e-01;1.099079e-01;8.262437e-02;6.158618e-02
1.000418e-01;6.296377e-02;1.364204e-01;4.522305e-02;9.364695e-02;5.174822e-02;5.573624e-02;7.797763e-02;9.981643e-02;9.239562e-02;9.785412e-02;8.617578e-02
9.349778e-02;3.340604e-02;1.385653e-01;5.023124e-02;8.702710e-02;4.819083e-02;1.105268e-01;1.063057e-01;7.427882e-02;6.120732e-02;9.355892e-02;1.032041e-01
1.325032e-01;5.987880e-02;1.164408e-01;6.413934e-02;7.918075e-02;5.983129e-02;1.111440e-01;8.232305e-02;5.770606e-02;5.295450e-02;6.464333e-02;1.192549e-01
1.136869e-01;7.810810e-02;1.285203e-01;6.611857e-02;9.542114e-02;5.835742e-02;7.177228e-02;5.401824e-02;8.111947e-02;3.417168e-02;4.821607e-02;1.704898e-01
7.821968e-02;6.914073e-02;1.612439e-01;8.592457e-02;8.532558e-02;6.096260e-02;9.131246e-02;2.579622e-02;7.066993e-02;4.928084e-02;5.887709e-02;1.632464e-01
8.994793e-02;6.847963e-02;1.567173e-01;8.313413e-02;4.445329e-02;6.805424e-02;1.247262e-01;3.794178e-02;9.365485e-02;5.285690e-02;8.057550e-02;9.945831e-02
1.308833e-01;9.643643e-02;1.070214e-01;6.628824e-02;3.730360e-02;4.173344e-02;1.401228e-01;3.862041e-02;8.113804e-02;7.758733e-02;9.815215e-02;8.471283e-02
1.203510e-01;1.322617e-01;1.073901e-01;6.147754e-02;4.143981e-02;5.519810e-02;1.284378e-01;3.776109e-02;6.552178e-02;8.211284e-02;1.021721e-01;6.587626e-02
9.822053e-02;1.442714e-01;1.030353e-01;7.877349e-02;7.231566e-02;7.871194e-02;1.025770e-01;4.717843e-02;4.389943e-02;6.562702e-02;7.481962e-02;9.057016e-02
6.934601e-02;1.055626e-01;8.148761e-02;8.689484e-02;1.264632e-01;1.269694e-01;9.408160e-02;2.757603e-02;8.811186e-02;7.023139e-02;2.751537e-02;9.576010e-02
6.616643e-02;7.935857e-02;4.876453e-02;4.892569e-02;1.297376e-01;1.534150e-01;1.939443e-01;3.762892e-02;7.827900e-02;4.441897e-02;6.116235e-02;5.819863e-02
6.823352e-02;4.977391e-02;5.753309e-02;3.264925e-02;1.284093e-01;1.047998e-01;2.650917e-01;2.782770e-02;7.223897e-02;7.152452e-02;7.239655e-02;4.952181e-02
5.283327e-02;3.954228e-02;1.033567e-01;5.306894e-02;1.028489e-01;8.488140e-02;2.416447e-01;5.460806e-02;6.490180e-02;7.677943e-02;8.093553e-02;4.459899e-02
3.221599e-02;4.332676e-02;1.928783e-01;9.668642e-02;8.027241e-02;7.382048e-02;1.625713e-01;8.385286e-02;3.507109e-02;6.050440e-02;1.035915e-01;3.520856e-02
3.324854e-02;3.949320e-02;3.014134e-01;1.095666e-01;6.578392e-02;5.492817e-02;1.326334e-01;6.952215e-02;1.966296e-02;6.775983e-02;8.496933e-02;2.101843e-02
5.590813e-02;3.420955e-02;3.958429e-01;8.089606e-02;6.011092e-02;3.894698e-02;9.688395e-02;3.615132e-02;1.682943e-02;1.094528e-01;5.309637e-02;2.167166e-02
2.697413e-02;3.986843e-02;4.743991e-01;5.730228e-02;5.658892e-02;3.423136e-02;8.177742e-02;2.890653e-02;3.628207e-02;1.121368e-01;3.119472e-02;2.033825e-02
2.244047e-02;4.772313e-02;5.732124e-01;4.712224e-02;5.369968e-02;2.948033e-02;2.360657e-02;1.888352e-02;2.812466e-02;8.778926e-02;2.901664e-02;3.890110e-02
3.998661e-02;5.165252e-02;4.900331e-01;3.484492e-02;4.282229e-02;3.041704e-02;7.319295e-02;2.984744e-02;4.476776e-02;8.052541e-02;3.085588e-02;5.105399e-02
4.336648e-02;3.753531e-02;3.838942e-01;3.737237e-02;4.459118e-02;3.198865e-02;1.721070e-01;4.315870e-02;4.664596e-02;6.739563e-02;3.185713e-02;6.008736e-02
5.231823e-02;4.033852e-02;2.918516e-01;3.493147e-02;6.097503e-02;3.932705e-02;2.475292e-01;5.511795e-02;3.557576e-02;4.936534e-02;3.344426e-02;5.922562e-02
3.635718e-02;5.716410e-02;3.208323e-01;3.512768e-02;6.742124e-02;3.881237e-02;2.048489e-01;6.015959e-02;2.080632e-02;5.233714e-02;2.972177e-02;7.641149e-02
6.969126e-02;7.255813e-02;2.622695e-01;6.308602e-02;7.205834e-02;6.236798e-02;1.191450e-01;6.713947e-02;3.629568e-02;6.024637e-02;3.509743e-02;8.004476e-02
9.370480e-02;6.300124e-02;1.589240e-01;4.062747e-02;9.802976e-02;9.177902e-02;8.732006e-02;9.217233e-02;6.562514e-02;8.839139e-02;5.214664e-02;6.827809e-02
1.275431e-01;7.646273e-02;1.200016e-01;6.048086e-02;8.913919e-02;7.898930e-02;1.167605e-01;8.586730e-02;5.430403e-02;7.080509e-02;5.759340e-02;6.205292e-02
1.267747e-01;7.574996e-02;1.323370e-01;6.843889e-02;8.551808e-02;7.809040e-02;1.262884e-01;7.771502e-02;5.063334e-02;5.820118e-02;4.932682e-02;7.092615e-02
1.388395e-01;8.158270e-02;1.555166e-01;8.285629e-02;8.451023e-02;6.547199e-02;1.125864e-01;7.170354e-02;5.223073e-02;4.398600e-02;3.705861e-02;7.365739e-02
1.567554e-01;1.132971e-01;1.774107e-01;4.861173e-02;5.458093e-02;4.614701e-02;1.625995e-01;4.791257e-02;4.121701e-02;4.595199e-02;5.258191e-02;5.293417e-02
1.703712e-01;1.294151e-01;1.753405e-01;5.385023e-02;5.482564e-02;3.373659e-02;1.678743e-01;3.875509e-02;3.135108e-02;4.343334e-02;5.823726e-02;4.280967e-02
1.585707e-01;9.041969e-02;2.375158e-01;7.158445e-02;5.909446e-02;3.042771e-02;1.343369e-01;3.437640e-02;2.954881e-02;4.101573e-02;6.498950e-02;4.811982e-02
9.328043e-02;7.138433e-02;3.421530e-01;6.405908e-02;7.214564e-02;3.926995e-02;9.397484e-02;2.598509e-02;3.580131e-02;6.612152e-02;5.160210e-02;4.422272e-02
2.500850e-02;7.132661e-02;4.524680e-01;5.104389e-02;7.200712e-02;5.123894e-02;6.336445e-02;1.973340e-02;5.097777e-02;6.859731e-02;2.835058e-02;4.588349e-02
1.606283e-02;6.537148e-02;4.724087e-01;4.974195e-02;3.728530e-02;6.039013e-02;9.216385e-02;2.317753e-02;5.041916e-02;7.312126e-02;1.530017e-02;4.455759e-02
2.422608e-02;5.431863e-02;4.137621e-01;3.944913e-02;3.845742e-02;5.648005e-02;1.618149e-01;3.237352e-02;3.840247e-02;8.861607e-02;2.658802e-02;2.551171e-02
3.563776e-02;4.803702e-02;3.621951e-01;3.969314e-02;5.233122e-02;5.389666e-02;1.886516e-01;4.820347e-02;2.742918e-02;9.052060e-02;3.295103e-02;2.045321e-02
1.242029e-02;4.145548e-02;4.151454e-01;6.240552e-02;7.523216e-02;5.379410e-02;1.300903e-01;4.463915e-02;2.302501e-02;9.122352e-02;3.703615e-02;1.353285e-02
2.892821e-02;2.124785e-02;5.557590e-01;5.443131e-02;6.372414e-02;2.118930e-02;8.279098e-02;2.341592e-02;1.810751e-02;8.612623e-02;3.322538e-02;1.105423e-02
3.392699e-02;1.822655e-02;5.727912e-01;5.002012e-02;4.493596e-02;1.537481e-02;9.720597e-02;3.277820e-02;2.078831e-02;7.154009e-02;3.251232e-02;9.899556e-03
5.041359e-02;2.868520e-02;5.291156e-01;5.991584e-02;4.671989e-02;1.948708e-02;1.084627e-01;2.902102e-02;2.364787e-02;5.145201e-02;3.806483e-02;1.501432e-02
6.986681e-02;3.038742e-02;4.372590e-01;6.996374e-02;4.675053e-02;2.662493e-02;1.219555e-01;3.628436e-02;2.796368e-02;5.978340e-02;5.307344e-02;2.008729e-02
7.173251e-02;1.821638e-02;4.526164e-01;6.160455e-02;4.187356e-02;1.808405e-02;1.244189e-01;3.911337e-02;3.000104e-02;8.179121e-02;4.875482e-02;1.179323e-02
6.468360e-02;2.079180e-02;4.854571e-01;5.990291e-02;3.464290e-02;9.666253e-03;1.187109e-01;3.390321e-02;2.379257e-02;8.556589e-02;5.158913e-02;1.129385e-02
5.921277e-02;3.297827e-02;4.985409e-01;5.246856e-02;3.949121e-02;8.707506e-03;1.223761e-01;2.812930e-02;1.875320e-02;8.323412e-02;4.649919e-02;9.608905e-03
4.844901e-02;5.387932e-02;4.923216e-01;4.484067e-02;5.141806e-02;1.820911e-02;1.144680e-01;1.999507e-02;1.831067e-02;8.893877e-02;3.548533e-02;1.368441e-02
3.742067e-02;9.148094e-02;4.424160e-01;4.974446e-02;5.279928e-02;4.554311e-02;8.101083e-02;1.760184e-02;3.280976e-02;8.467478e-02;3.111114e-02;3.338712e-02
4.101414e-02;1.460786e-01;3.560292e-01;7.207304e-02;3.603221e-02;7.577416e-02;5.187208e-02;1.988780e-02;6.264929e-02;5.942141e-02;2.454514e-02;5.462291e-02
8.346456e-02;1.601293e-01;2.722785e-01;7.260175e-02;3.078560e-02;7.697804e-02;7.149788e-02;2.934928e-02;6.821340e-02;4.207686e-02;4.890307e-02;4.372175e-02
1.406123e-01;1.331077e-01;2.615444e-01;4.349169e-02;6.004819e-02;6.436332e-02;9.141210e-02;2.546876e-02;6.817762e-02;2.052717e-02;6.483240e-02;2.641433e-02
1.014838e-01;1.468813e-01;2.764288e-01;5.767622e-02;5.055547e-02;5.993819e-02;7.150305e-02;2.513170e-02;6.433302e-02;3.875586e-02;3.470607e-02;7.260637e-02
7.425100e-02;5.382695e-02;4.112102e-01;5.798331e-02;6.075418e-02;4.050345e-02;8.472382e-02;2.470054e-02;9.724373e-03;9.110207e-02;4.231524e-02;4.890487e-02
6.253798e-02;3.312138e-02;4.363800e-01;6.939643e-02;7.297658e-02;2.176224e-02;1.064616e-01;2.018772e-02;1.767995e-02;1.088208e-01;3.889677e-02;1.177861e-02
5.309183e-02;3.511204e-02;4.363022e-01;7.025487e-02;7.244323e-02;2.980873e-02;1.177046e-01;2.009858e-02;7.149571e-03;1.080435e-01;3.580214e-02;1.418869e-02
3.610875e-02;3.877727e-02;4.394071e-01;5.979514e-02;6.925421e-02;4.005241e-02;1.312786e-01;1.613871e-02;1.726453e-02;1.031241e-01;3.200205e-02;1.679704e-02
2.700831e-02;4.375944e-02;4.438342e-01;4.771646e-02;6.177200e-02;4.685946e-02;1.517534e-01;9.435325e-03;2.542092e-02;9.819762e-02;2.401188e-02;2.023096e-02
2.880581e-02;4.051779e-02;4.497626e-01;3.446566e-02;5.561285e-02;4.342314e-02;1.625528e-01;1.363142e-02;2.643869e-02;1.011420e-01;2.167707e-02;2.197020e-02
3.119181e-02;5.682680e-02;4.388588e-01;3.060532e-02;4.462995e-02;4.224547e-02;1.424562e-01;1.574492e-02;3.655062e-02;1.064358e-01;2.782517e-02;2.662908e-02
3.542679e-02;9.183843e-02;4.108536e-01;2.492264e-02;3.071974e-02;4.988576e-02;1.070623e-01;1.693179e-02;5.186679e-02;1.027076e-01;4.321296e-02;3.457172e-02
2.149748e-02;1.139118e-01;4.318102e-01;2.308643e-02;2.913072e-02;4.804100e-02;8.697611e-02;1.694402e-02;4.060332e-02;1.066815e-01;5.055713e-02;3.076024e-02
3.523159e-02;1.324237e-01;4.516394e-01;2.127499e-02;2.841022e-02;3.400882e-02;7.142807e-02;1.279407e-02;4.089503e-02;9.874894e-02;4.556883e-02;2.757627e-02
2.532023e-02;1.484530e-01;4.747754e-01;1.829031e-02;2.848646e-02;2.773220e-02;6.141229e-02;1.118461e-02;3.971072e-02;9.190361e-02;4.566988e-02;2.706127e-02
2.016419e-02;1.506062e-01;4.920085e-01;2.616980e-02;2.671283e-02;2.532236e-02;5.043038e-02;1.821927e-02;3.088802e-02;8.436734e-02;4.195454e-02;3.315651e-02
3.229933e-02;1.536401e-01;4.658118e-01;2.248128e-02;1.845796e-02;3.600682e-02;4.416436e-02;2.255335e-02;4.860085e-02;6.717759e-02;3.874396e-02;5.006256e-02
2.874380e-02;1.624176e-01;4.560247e-01;1.428154e-02;1.230234e-02;4.941263e-02;3.890533e-02;2.629444e-02;5.669045e-02;5.840867e-02;3.064568e-02;6.587283e-02
3.082420e-02;1.561714e-01;4.436969e-01;2.038185e-02;9.665603e-03;5.684452e-02;4.412072e-02;2.483183e-02;5.903381e-02;5.212556e-02;2.596277e-02;7.634076e-02
2.828186e-02;1.459579e-01;4.211991e-01;1.637121e-02;9.841053e-03;6.399971e-02;5.479123e-02;2.402687e-02;6.487107e-02;5.088298e-02;2.980917e-02;8.996790e-02
4.239407e-02;1.340685e-01;3.476567e-01;3.174105e-02;1.286780e-02;7.561622e-02;7.700713e-02;2.296536e-02;8.838001e-02;3.915118e-02;2.545856e-02;1.026935e-01
3.354648e-02;1.043149e-01;2.718408e-01;4.041251e-02;2.554029e-02;9.785789e-02;1.114290e-01;3.028498e-02;1.058203e-01;4.343221e-02;3.032126e-02;1.051995e-01
1.611406e-02;7.290847e-02;2.234127e-01;2.566116e-02;2.647694e-02;1.111695e-01;1.489327e-01;4.380475e-02;9.721967e-02;8.082256e-02;5.629218e-02;9.718527e-02
1.489617e-02;6.442458e-02;2.192953e-01;1.879080e-02;1.807562e-02;1.223701e-01;1.445934e-01;3.858368e-02;1.091058e-01;9.528147e-02;6.238796e-02;9.219509e-02
2.655780e-02;6.347635e-02;2.134372e-01;1.874120e-02;2.691424e-02;1.449801e-01;1.164598e-01;3.860687e-02;1.231379e-01;9.489105e-02;4.719852e-02;8.559906e-02
2.307511e-02;7.573401e-02;2.146509e-01;2.158553e-02;4.008490e-02;1.689099e-01;9.689552e-02;3.765532e-02;1.312907e-01;8.331128e-02;2.630806e-02;8.049864e-02
3.078251e-02;6.773638e-02;2.387124e-01;3.197219e-02;5.437164e-02;1.602177e-01;1.163248e-01;4.130637e-02;9.782536e-02;6.977267e-02;2.509941e-02;6.587860e-02
2.330071e-02;5.530414e-02;3.831268e-01;4.344398e-02;6.055766e-02;1.233179e-01;8.684685e-02;3.292606e-02;5.588743e-02;6.243935e-02;2.257128e-02;5.027787e-02
1.670102e-02;4.867713e-02;5.460587e-01;4.106984e-02;5.174192e-02;5.458461e-02;5.966432e-02;1.949711e-02;2.507323e-02;6.737687e-02;2.331205e-02;4.624316e-02
2.095057e-02;6.875985e-02;5.697307e-01;5.010349e-02;3.870849e-02;4.689939e-02;3.282110e-02;1.987964e-02;2.128349e-02;6.540283e-02;2.067596e-02;4.478453e-02
1.899205e-02;7.686062e-02;5.431470e-01;5.946352e-02;2.583709e-02;5.417205e-02;2.770193e-02;2.100803e-02;3.573341e-02;7.484829e-02;2.439323e-02;3.784277e-02
1.666090e-02;5.523292e-02;5.716885e-01;5.264745e-02;2.942082e-02;4.293929e-02;4.499308e-02;2.077710e-02;2.672949e-02;8.191254e-02;2.827087e-02;2.872706e-02
1.744225e-02;4.404192e-02;6.301712e-01;3.849369e-02;3.671316e-02;2.508425e-02;4.049387e-02;1.053582e-02;2.349104e-02;8.419108e-02;2.710528e-02;2.223653e-02
1.360342e-02;5.302538e-02;6.279660e-01;3.760277e-02;3.334580e-02;2.091184e-02;3.615084e-02;8.828619e-03;3.305734e-02;7.585898e-02;2.683512e-02;3.281386e-02
2.097638e-02;6.638779e-02;6.013092e-01;4.559970e-02;2.928987e-02;2.731713e-02;2.499130e-02;1.276837e-02;4.568300e-02;6.029532e-02;2.385961e-02;4.152237e-02
2.025237e-02;7.027561e-02;5.989370e-01;4.372363e-02;1.849077e-02;2.882359e-02;3.272627e-02;1.669267e-02;4.822182e-02;6.322850e-02;1.993498e-02;3.869281e-02
9.456350e-03;5.093982e-02;6.507108e-01;3.806765e-02;3.267235e-02;2.392218e-02;2.795085e-02;1.392894e-02;3.227312e-02;6.924900e-02;2.228463e-02;2.854435e-02
9.901199e-03;4.314498e-02;6.585670e-01;3.765935e-02;3.159902e-02;2.508561e-02;3.327597e-02;8.829686e-03;3.372676e-02;6.331962e-02;2.437064e-02;3.052017e-02
1.257716e-02;5.722896e-02;6.192564e-01;3.677816e-02;2.763797e-02;2.900790e-02;4.369332e-02;1.185995e-02;4.110564e-02;6.328535e-02;1.984233e-02;3.772686e-02
2.702876e-02;7.474247e-02;5.749564e-01;4.393232e-02;2.982929e-02;3.358890e-02;3.737951e-02;1.280249e-02;4.678646e-02;5.882846e-02;1.953232e-02;4.059273e-02
2.100999e-02;8.428927e-02;5.563577e-01;4.482081e-02;1.610415e-02;3.623310e-02;4.290657e-02;1.939606e-02;5.864218e-02;5.939464e-02;1.800571e-02;4.283984e-02
2.150179e-02;8.115596e-02;5.924575e-01;3.723389e-02;1.799511e-02;3.204300e-02;1.828564e-02;1.885999e-02;5.535249e-02;6.468598e-02;1.665220e-02;4.377640e-02
1.480525e-02;6.022933e-02;6.186602e-01;3.793432e-02;2.548736e-02;2.417168e-02;3.128874e-02;1.642131e-02;4.126404e-02;6.959726e-02;2.471030e-02;3.543016e-02
8.912667e-03;4.211134e-02;6.685600e-01;3.733455e-02;3.152359e-02;1.972786e-02;2.548699e-02;1.091369e-02;2.818127e-02;7.657623e-02;2.496684e-02;2.570500e-02
7.712703e-03;4.104356e-02;6.814410e-01;3.565332e-02;3.336499e-02;1.589291e-02;3.060473e-02;8.690621e-03;1.981057e-02;7.713109e-02;2.394352e-02;2.471102e-02
1.197539e-02;4.125125e-02;6.680860e-01;3.561566e-02;3.815273e-02;1.884107e-02;3.537894e-02;1.159906e-02;1.744485e-02;7.736532e-02;2.227112e-02;2.201859e-02
2.392334e-02;3.251788e-02;6.533097e-01;3.964583e-02;4.193260e-02;1.714284e-02;3.747368e-02;8.642326e-03;2.199898e-02;7.855245e-02;2.730743e-02;1.755295e-02
2.999606e-02;2.082721e-02;6.304261e-01;5.548098e-02;4.998244e-02;1.600715e-02;3.430519e-02;1.104691e-02;1.949212e-02;7.489526e-02;4.143202e-02;1.610857e-02
2.993120e-02;1.817491e-02;5.886008e-01;7.707280e-02;5.914341e-02;1.277533e-02;4.023721e-02;2.097516e-02;1.581641e-02;6.725538e-02;5.562114e-02;1.439636e-02
3.441192e-02;1.512505e-02;5.085621e-01;1.086556e-01;8.158619e-02;1.623568e-02;3.684464e-02;3.275273e-02;1.641436e-02;4.993872e-02;7.392049e-02;2.555246e-02
2.346262e-02;1.686436e-02;4.538813e-01;1.309507e-01;9.782565e-02;2.627949e-02;4.435809e-02;3.786216e-02;1.693315e-02;4.116268e-02;8.447687e-02;2.594292e-02
3.717471e-02;1.440920e-02;4.593451e-01;1.266932e-01;8.580462e-02;2.483165e-02;4.913382e-02;3.860576e-02;1.717683e-02;4.235318e-02;8.547399e-02;1.899792e-02
3.749292e-02;2.216082e-02;4.840213e-01;1.155274e-01;7.141826e-02;2.116656e-02;4.606368e-02;3.881087e-02;1.337358e-02;4.648701e-02;9.135991e-02;1.211777e-02
3.666282e-02;2.281206e-02;4.966789e-01;1.118348e-01;6.626701e-02;1.397052e-02;5.353117e-02;3.864342e-02;9.860405e-03;3.271463e-02;1.001156e-01;1.690873e-02
2.758717e-02;1.623554e-02;4.953540e-01;1.094968e-01;8.239407e-02;2.324504e-02;6.592276e-02;3.412142e-02;8.837231e-03;3.137068e-02;9.278482e-02;1.265049e-02
2.828460e-02;3.475352e-02;4.370321e-01;1.270499e-01;1.116433e-01;3.087981e-02;3.212753e-02;4.449635e-02;1.697717e-02;3.638941e-02;8.019856e-02;2.016776e-02
3.762563e-02;3.588100e-02;3.783501e-01;1.315303e-01;1.145689e-01;3.876542e-02;4.588945e-02;4.571411e-02;2.337135e-02;3.456780e-02;8.626492e-02;2.747100e-02
3.995780e-02;2.263689e-02;4.558271e-01;1.023388e-01;8.630233e-02;2.736096e-02;6.653693e-02;2.939022e-02;2.569934e-02;5.533562e-02;6.878243e-02;1.983164e-02
4.921199e-02;8.882036e-03;5.074610e-01;7.359056e-02;6.346958e-02;1.578915e-02;9.645165e-02;2.138827e-02;1.739199e-02;8.194017e-02;5.219390e-02;1.222978e-02
4.601663e-02;1.395712e-02;5.148790e-01;5.651048e-02;5.023270e-02;1.352828e-02;1.036696e-01;1.718397e-02;1.319853e-02;1.098784e-01;4.597757e-02;1.496776e-02
3.701501e-02;1.668803e-02;5.134287e-01;5.132679e-02;4.241608e-02;1.162643e-02;1.051778e-01;1.704110e-02;1.402692e-02;1.309669e-01;4.736441e-02;1.292169e-02
2.927956e-02;3.034755e-02;5.149374e-01;3.965686e-02;3.540310e-02;1.886342e-02;9.336837e-02;1.467912e-02;3.020918e-02;1.368861e-01;4.371054e-02;1.265885e-02
2.412556e-02;4.131188e-02;5.327843e-01;3.022048e-02;3.061777e-02;2.184750e-02;9.990246e-02;7.668148e-03;2.739720e-02;1.290122e-01;4.433107e-02;1.078139e-02
3.127895e-02;6.046826e-02;5.199882e-01;3.681875e-02;3.164686e-02;2.124247e-02;8.543460e-02;2.295111e-02;2.791674e-02;1.007844e-01;4.071324e-02;2.075643e-02
3.670578e-02;9.096245e-02;5.015662e-01;3.423698e-02;2.380242e-02;2.620975e-02;3.273946e-02;3.421278e-02;5.755795e-02;8.140127e-02;4.279956e-02;3.780540e-02
7.242024e-02;9.153689e-02;4.069094e-01;2.644746e-02;2.859234e-02;2.578913e-02;8.773254e-02;3.645506e-02;7.808424e-02;6.646920e-02;3.879832e-02;4.076517e-02
1.023165e-01;7.576111e-02;3.130733e-01;1.770908e-02;2.704037e-02;2.618421e-02;1.660302e-01;4.526473e-02;9.342352e-02;5.547581e-02;4.043630e-02;3.728478e-02
1.132674e-01;8.662566e-02;2.654867e-01;1.947900e-02;3.502898e-02;1.847959e-02;1.737315e-01;5.162726e-02;9.181828e-02;6.022770e-02;4.971087e-02;3.451711e-02
9.871528e-02;7.912731e-02;2.823480e-01;3.314996e-02;4.612139e-02;2.116960e-02;1.736581e-01;3.650083e-02;5.654988e-02;7.723062e-02;5.752183e-02;3.790722e-02
7.782318e-02;5.102780e-02;3.333679e-01;5.469250e-02;5.465452e-02;3.191569e-02;1.668339e-01;2.599438e-02;3.361800e-02;7.962984e-02;5.383235e-02;3.660983e-02
1.091247e-01;3.148913e-02;3.304978e-01;3.496453e-02;5.623097e-02;3.892662e-02;1.845162e-01;2.697615e-02;2.897399e-02;7.322318e-02;4.136134e-02;4.371537e-02
9.622529e-02;2.657909e-02;3.040020e-01;3.944806e-02;5.790892e-02;4.398093e-02;2.330930e-01;3.294084e-02;1.565799e-02;6.739566e-02;3.882352e-02;4.394474e-02
8.994056e-02;3.713686e-02;2.745072e-01;2.711226e-02;5.290911e-02;4.540765e-02;2.639892e-01;3.669287e-02;3.535942e-02;6.278200e-02;3.503836e-02;3.912451e-02
8.700994e-02;2.745118e-02;2.453471e-01;3.108248e-02;4.558578e-02;4.462357e-02;3.158713e-01;2.884513e-02;3.584475e-02;5.234355e-02;4.426576e-02;4.172945e-02
8.490630e-02;1.890789e-02;2.304679e-01;3.612079e-02;3.822719e-02;3.989293e-02;3.484408e-01;2.820287e-02;3.882226e-02;6.155870e-02;4.201608e-02;3.243634e-02
6.758102e-02;4.420054e-02;2.258019e-01;3.168938e-02;4.277036e-02;4.081496e-02;3.393044e-01;3.387610e-02;4.770110e-02;6.613164e-02;3.295781e-02;2.717078e-02
3.651056e-02;5.512693e-02;2.921636e-01;4.411923e-02;3.580172e-02;3.957827e-02;2.848152e-01;4.272166e-02;4.965333e-02;7.256720e-02;2.293841e-02;2.400387e-02
6.055964e-02;6.888298e-02;3.861283e-01;5.348603e-02;4.588526e-02;3.867057e-02;1.192931e-01;3.572696e-02;5.642549e-02;6.554002e-02;3.540538e-02;3.399628e-02
5.136827e-02;8.863296e-02;4.225861e-01;5.199131e-02;2.923313e-02;4.017527e-02;8.107119e-02;3.320694e-02;6.820375e-02;5.911255e-02;3.169975e-02;4.271879e-02
1.978445e-02;9.824887e-02;4.833024e-01;4.404918e-02;2.379862e-02;4.217042e-02;5.966040e-02;2.891884e-02;6.744196e-02;6.527528e-02;2.257155e-02;4.477804e-02
3.714463e-02;1.073697e-01;5.031458e-01;3.908952e-02;2.465546e-02;3.953313e-02;4.182135e-02;2.643003e-02;5.987950e-02;6.080600e-02;1.810835e-02;4.201657e-02
4.964196e-02;1.079712e-01;4.889063e-01;5.277589e-02;2.877255e-02;3.583762e-02;4.643096e-02;2.268530e-02;5.875713e-02;5.533819e-02;1.224819e-02;4.063477e-02
6.397048e-02;9.254882e-02;4.799324e-01;5.442977e-02;3.443215e-02;2.839525e-02;5.988595e-02;2.449876e-02;5.039917e-02;5.336786e-02;1.808580e-02;4.005359e-02
6.791385e-02;7.243769e-02;4.562574e-01;4.441156e-02;3.811360e-02;2.088877e-02;1.079485e-01;3.164933e-02;4.310481e-02;5.919337e-02;2.312884e-02;3.495229e-02
5.521980e-02;7.013021e-02;4.039674e-01;4.354566e-02;5.134533e-02;3.226390e-02;1.234688e-01;3.714075e-02;3.733658e-02;7.737957e-02;4.857843e-02;1.962365e-02
9.550117e-02;7.958661e-02;3.119850e-01;4.589324e-02;6.511874e-02;4.642486e-02;8.061343e-02;4.827441e-02;5.510118e-02;8.884389e-02;4.384580e-02;3.881172e-02
1.120822e-01;5.979953e-02;2.923018e-01;4.071302e-02;6.769962e-02;5.658874e-02;9.855805e-02;4.831596e-02;7.279312e-02;6.805187e-02;4.214318e-02;4.095288e-02
9.804729e-02;8.641499e-02;2.921112e-01;4.536396e-02;6.475329e-02;6.827731e-02;1.105809e-01;5.211863e-02;3.669364e-02;4.864669e-02;5.112246e-02;4.586969e-02
1.428737e-01;7.301744e-02;1.732509e-01;3.669162e-02;7.238242e-02;5.563289e-02;1.160859e-01;6.451760e-02;4.776717e-02;6.648622e-02;5.588379e-02;9.541035e-02
1.086453e-01;8.895350e-02;1.438611e-01;3.303171e-02;6.916870e-02;5.424022e-02;1.664366e-01;6.698522e-02;6.630920e-02;7.314735e-02;5.843502e-02;7.078604e-02
8.917899e-02;8.847784e-02;1.447382e-01;4.781340e-02;6.824473e-02;5.760747e-02;1.685380e-01;6.804855e-02;6.696634e-02;8.333524e-02;6.559063e-02;5.146058e-02
8.320670e-02;8.603772e-02;1.506714e-01;5.576105e-02;6.589630e-02;6.199258e-02;1.482079e-01;6.457812e-02;6.476619e-02;9.917907e-02;7.044736e-02;4.925563e-02
7.134749e-02;7.862052e-02;1.942680e-01;5.622366e-02;6.311618e-02;8.654926e-02;1.188464e-01;4.744387e-02;5.214759e-02;1.116303e-01;7.678284e-02;4.302394e-02
8.284673e-02;5.155328e-02;1.826519e-01;7.127631e-02;6.842164e-02;8.947964e-02;1.255764e-01;7.254358e-02;5.364937e-02;1.254182e-01;3.354384e-02;4.303903e-02
1.086087e-01;7.560495e-02;1.694384e-01;6.455799e-02;5.503671e-02;4.857842e-02;1.071806e-01;6.810877e-02;9.164194e-02;1.171792e-01;2.333056e-02;7.073374e-02
1.074059e-01;7.978664e-02;1.602025e-01;6.444688e-02;6.424894e-02;2.929824e-02;1.111413e-01;6.591948e-02;7.393649e-02;1.359080e-01;3.634319e-02;7.136237e-02
