7.464840e-02;6.781787e-02;2.151084e-01;7.468380e-02;6.130103e-02;4.146957e-02;2.224066e-01;4.456333e-02;5.110749e-02;7.852446e-02;4.266061e-02;2.570848e-02
6.905060e-02;5.058771e-02;3.015263e-01;7.258218e-02;6.099252e-02;3.461879e-02;1.730898e-01;2.900324e-02;2.889412e-02;8.722063e-02;5.880611e-02;3.362802e-02
4.248137e-02;6.669681e-02;4.070407e-01;5.839030e-02;5.516268e-02;2.928660e-02;1.013386e-01;1.490709e-02;2.961058e-02;8.884441e-02;6.232480e-02;4.391607e-02
5.577987e-02;1.188669e-01;3.662555e-01;5.987452e-02;3.918554e-02;6.257535e-02;6.650364e-02;2.463804e-02;4.453624e-02;7.109872e-02;3.857210e-02;5.211357e-02
2.288420e-02;1.645750e-01;3.543495e-01;4.915680e-02;2.494560e-02;9.581251e-02;5.141967e-02;2.746718e-02;6.120541e-02;6.847892e-02;2.070474e-02;5.900050e-02
3.838002e-02;1.754388e-01;3.321467e-01;6.734571e-02;2.290908e-02;1.055923e-01;2.889215e-02;2.274556e-02;6.007459e-02;5.653445e-02;2.987034e-02;6.007023e-02
6.636488e-02;1.889017e-01;2.630419e-01;8.956907e-02;2.603522e-02;1.000481e-01;3.828274e-02;2.070943e-02;7.059001e-02;4.782370e-02;3.283352e-02;5.579971e-02
1.050142e-01;2.153532e-01;2.162045e-01;9.855605e-02;1.826083e-02;8.666456e-02;2.536643e-02;3.018585e-02;7.863954e-02;3.854561e-02;3.676869e-02;5.044061e-02
1.487518e-01;2.046467e-01;1.672574e-01;8.307838e-02;3.358260e-02;6.280828e-02;4.617947e-02;4.123433e-02;8.240601e-02;4.345632e-02;5.123307e-02;3.536558e-02
1.678754e-01;1.803870e-01;1.393909e-01;6.940866e-02;5.720746e-02;5.112202e-02;7.950260e-02;4.977125e-02;7.935139e-02;5.050513e-02;6.394708e-02;1.153116e-02
1.263896e-01;1.829585e-01;1.748939e-01;8.743964e-02;5.244114e-02;5.720377e-02;6.859841e-02;3.348952e-02;8.628710e-02;4.657730e-02;4.229861e-02;4.142255e-02
9.601081e-02;1.989919e-01;2.134983e-01;1.027728e-01;3.614353e-02;6.518621e-02;4.867633e-02;1.846767e-02;9.500720e-02;4.092381e-02;2.423289e-02;6.008847e-02
1.133503e-01;1.771421e-01;2.094389e-01;9.218208e-02;2.907014e-02;5.910172e-02;8.195984e-02;2.327317e-02;7.875113e-02;3.881358e-02;3.447188e-02;6.244520e-02
1.202932e-01;1.584823e-01;1.927959e-01;7.616989e-02;3.963759e-02;5.425741e-02;1.251960e-01;2.716075e-02;6.048079e-02;3.961183e-02;4.819756e-02;5.771685e-02
9.866616e-02;1.753049e-01;2.086271e-01;7.178226e-02;6.412688e-02;5.376342e-02;1.502919e-01;2.238436e-02;4.774199e-02;3.202833e-02;3.478394e-02;4.049877e-02
1.474546e-01;1.969761e-01;1.830113e-01;7.318064e-02;6.026309e-02;4.738167e-02;1.086774e-01;4.269595e-02;4.171702e-02;2.733894e-02;3.687435e-02;3.442900e-02
1.283188e-01;1.965200e-01;1.299828e-01;8.780818e-02;5.011514e-02;7.391259e-02;8.483715e-02;5.437673e-02;4.674002e-02;5.488940e-02;5.457501e-02;3.792424e-02
8.626187e-02;1.697628e-01;1.023624e-01;8.915323e-02;4.517841e-02;9.297547e-02;8.604521e-02;4.914062e-02;8.795518e-02;6.832486e-02;7.616481e-02;4.667518e-02
1.018126e-01;8.114393e-02;1.917305e-01;6.046242e-02;5.129676e-02;7.112883e-02;1.055959e-01;6.383464e-02;9.717599e-02;4.749779e-02;6.689924e-02;6.142133e-02
1.177625e-01;1.016457e-01;1.594445e-01;5.542416e-02;4.593253e-02;4.358245e-02;1.351540e-01;7.129154e-02;8.422437e-02;7.648849e-02;5.803929e-02;5.101041e-02
8.694968e-02;1.290579e-01;1.500238e-01;6.043454e-02;4.013391e-02;3.345924e-02;1.725304e-01;6.036615e-02;6.953123e-02;7.822236e-02;5.665480e-02;6.263603e-02
8.796077e-02;1.636218e-01;1.095660e-01;6.421582e-02;4.634812e-02;3.029215e-02;2.066532e-01;6.012174e-02;5.468396e-02;6.047206e-02;6.293494e-02;5.312943e-02
1.300201e-01;1.167092e-01;2.127649e-01;7.112832e-02;4.530379e-02;3.490778e-02;1.404977e-01;5.864934e-02;4.335170e-02;3.654294e-02;6.581652e-02;4.430785e-02
1.166790e-01;9.501185e-02;2.760272e-01;7.425420e-02;4.861526e-02;3.408226e-02;1.231126e-01;4.040607e-02;3.381117e-02;6.098245e-02;5.817491e-02;3.884304e-02
6.651530e-02;8.182234e-02;4.290576e-01;5.388112e-02;3.632364e-02;2.223644e-02;1.259764e-01;1.420143e-02;1.324237e-02;1.001616e-01;4.277613e-02;1.380556e-02
3.710363e-02;5.526692e-02;5.143536e-01;3.710715e-02;3.355290e-02;1.671861e-02;1.121381e-01;1.525147e-02;1.456104e-02;1.132353e-01;3.408885e-02;1.662237e-02
3.483272e-02;5.683605e-02;5.312309e-01;3.263304e-02;3.116481e-02;2.447579e-02;8.540492e-02;1.466454e-02;1.990689e-02;1.062294e-01;3.971485e-02;2.290619e-02
3.443076e-02;8.484043e-02;5.244197e-01;2.307783e-02;2.204324e-02;2.805275e-02;6.051713e-02;2.045044e-02;3.390495e-02;8.573236e-02;4.374675e-02;3.878369e-02
2.871914e-02;1.084724e-01;5.164002e-01;2.338073e-02;1.545992e-02;4.012659e-02;4.379682e-02;2.117838e-02;3.913732e-02;6.706566e-02;4.626459e-02;4.999825e-02
5.502381e-02;1.604482e-01;4.053802e-01;3.113156e-02;1.721172e-02;6.180661e-02;2.622826e-02;1.857093e-02;7.605644e-02;4.556338e-02;3.241106e-02;7.016783e-02
1.082497e-01;1.997709e-01;2.727056e-01;3.003352e-02;2.345892e-02;7.445989e-02;4.231505e-02;2.224971e-02;1.025917e-01;3.365886e-02;1.846405e-02;7.204200e-02
1.605900e-01;1.791375e-01;1.779074e-01;3.113517e-02;3.310821e-02;7.229841e-02;6.531782e-02;3.703462e-02;9.919150e-02;4.230660e-02;3.790505e-02;6.406777e-02
1.710653e-01;1.536302e-01;1.464309e-01;3.626947e-02;4.771955e-02;7.027084e-02;6.361458e-02;4.765923e-02;7.915069e-02;5.899046e-02;5.987829e-02;6.532053e-02
8.403314e-02;1.880593e-01;1.295637e-01;5.130105e-02;5.536386e-02;9.948514e-02;8.190016e-02;4.172019e-02;1.012013e-01;5.471369e-02;5.573291e-02;5.692554e-02
6.573457e-02;1.706253e-01;2.072893e-01;4.372070e-02;3.572727e-02;1.249114e-01;2.949696e-02;3.170646e-02;1.633137e-01;3.382677e-02;4.256138e-02;5.108622e-02
6.606509e-02;1.634589e-01;1.721918e-01;4.022865e-02;3.239695e-02;1.409556e-01;6.395759e-02;1.956042e-02;1.942807e-01;2.317287e-02;3.582510e-02;4.790634e-02
6.431872e-02;1.476426e-01;1.029263e-01;3.920890e-02;3.876038e-02;1.650109e-01;5.275983e-02;3.473685e-02;2.261265e-01;3.218270e-02;4.170354e-02;5.462280e-02
4.460733e-02;1.237839e-01;7.770628e-02;3.916384e-02;3.391992e-02;1.812641e-01;6.185880e-02;2.938608e-02;2.460272e-01;4.229426e-02;3.470604e-02;8.528227e-02
2.848540e-02;1.134741e-01;1.024331e-01;3.068980e-02;2.006123e-02;1.912236e-01;5.729805e-02;2.132345e-02;2.645207e-01;4.740122e-02;1.522600e-02;1.078633e-01
2.830183e-02;1.110670e-01;9.999772e-02;2.772358e-02;2.299852e-02;1.921678e-01;4.310298e-02;2.747027e-02;2.777798e-01;3.405397e-02;2.311982e-02;1.122168e-01
2.995408e-02;9.748896e-02;1.175513e-01;2.427809e-02;2.860145e-02;1.813053e-01;4.817411e-02;3.421497e-02;2.484560e-01;5.902815e-02;2.850685e-02;1.024407e-01
3.219853e-02;6.708513e-02;1.859577e-01;1.642716e-02;3.547747e-02;1.546296e-01;1.149150e-01;2.513031e-02;1.709266e-01;1.005313e-01;2.318839e-02;7.353272e-02
3.542316e-02;3.356719e-02;2.806785e-01;2.120572e-02;3.693623e-02;1.113669e-01;1.846659e-01;2.232168e-02;8.192886e-02;1.296021e-01;2.864817e-02;3.365560e-02
5.320104e-02;4.010995e-02;3.346302e-01;3.505210e-02;3.261461e-02;5.761646e-02;1.681594e-01;3.958751e-02;5.366611e-02;1.069345e-01;5.559990e-02;2.282829e-02
6.462687e-02;7.825229e-02;3.602792e-01;4.802069e-02;2.835770e-02;2.299229e-02;1.244705e-01;4.016474e-02;6.152928e-02;9.762397e-02;5.529823e-02;1.838421e-02
7.251912e-02;9.755154e-02;3.462728e-01;4.671896e-02;3.293387e-02;1.273178e-02;1.343063e-01;4.460403e-02;7.347716e-02;6.886121e-02;4.144981e-02;2.857340e-02
8.282995e-02;7.346731e-02;3.423502e-01;4.447147e-02;3.786954e-02;1.850557e-02;1.231208e-01;5.648402e-02;9.822451e-02;6.647724e-02;2.493561e-02;3.126375e-02
7.518774e-02;4.047652e-02;3.567723e-01;5.130379e-02;5.724189e-02;3.296777e-02;9.405501e-02;3.664566e-02;9.031026e-02;8.028103e-02;5.885982e-02;2.589820e-02
3.625434e-02;5.950159e-02;2.181962e-01;7.600708e-02;1.279235e-01;5.725086e-02;1.564453e-01;2.733481e-02;5.230034e-02;6.517301e-02;7.348195e-02;5.013106e-02
1.023934e-01;4.530257e-02;1.390079e-01;5.223493e-02;1.842937e-01;8.172914e-02;1.257392e-01;3.636495e-02;4.523122e-02;5.303948e-02;5.270623e-02;8.195724e-02
1.494122e-01;3.264690e-02;1.085954e-01;4.214863e-02;1.649382e-01;8.145100e-02;1.541071e-01;4.462653e-02;3.261923e-02;4.213929e-02;6.374536e-02;8.357011e-02
1.121572e-01;3.052109e-02;2.651919e-01;6.135289e-02;1.159173e-01;5.154029e-02;8.148471e-02;3.446920e-02;3.681232e-02;6.272103e-02;8.973178e-02;5.810035e-02
3.619578e-02;4.156725e-02;4.250622e-01;6.137659e-02;7.186100e-02;3.253038e-02;5.177848e-02;2.628254e-02;3.695904e-02;8.896281e-02;8.737282e-02;4.005110e-02
3.841017e-02;7.988274e-02;4.419895e-01;3.752996e-02;3.832966e-02;3.206511e-02;6.937327e-02;3.527260e-02;4.061588e-02;9.090514e-02;5.178252e-02;4.384346e-02
3.340467e-02;1.170755e-01;4.208446e-01;3.545943e-02;2.761441e-02;4.616375e-02;4.565746e-02;3.901847e-02;7.614125e-02;7.733314e-02;2.784356e-02;5.344373e-02
6.068656e-02;1.361038e-01;3.408473e-01;4.302936e-02;2.023851e-02;5.470688e-02;7.121810e-02;3.629266e-02;1.020011e-01;5.148352e-02;2.677073e-02;5.662145e-02
5.212784e-02;1.379702e-01;3.362245e-01;4.979277e-02;2.154871e-02;5.643215e-02;7.731181e-02;3.539746e-02;1.082228e-01;4.492667e-02;2.158828e-02;5.845691e-02
6.292996e-02;1.291403e-01;3.878040e-01;4.196245e-02;2.184854e-02;5.647058e-02;4.715256e-02;2.753109e-02;1.008345e-01;5.096394e-02;1.718931e-02;5.617275e-02
3.827810e-02;1.006898e-01;4.654291e-01;3.181935e-02;3.169852e-02;4.406250e-02;3.734757e-02;2.931856e-02;7.098188e-02;7.748798e-02;3.293585e-02;3.995078e-02
1.587994e-02;4.059021e-02;5.013754e-01;3.190281e-02;5.131268e-02;2.107267e-02;9.885018e-02;1.964741e-02;4.387646e-02;1.162149e-01;4.817386e-02;1.110355e-02
3.935127e-02;2.983202e-02;4.446229e-01;3.720186e-02;5.154910e-02;2.274683e-02;1.242257e-01;1.722103e-02;2.425885e-02;1.207487e-01;6.149140e-02;2.675029e-02
5.562390e-02;5.711595e-02;4.100704e-01;3.055014e-02;4.011953e-02;2.918738e-02;1.247375e-01;2.457242e-02;2.039888e-02;1.182741e-01;6.011516e-02;2.923469e-02
3.933400e-02;6.165901e-02;4.113062e-01;3.608105e-02;3.459841e-02;4.643174e-02;1.056971e-01;3.653955e-02;3.076303e-02;1.167383e-01;5.321521e-02;2.763643e-02
5.591052e-02;9.651349e-02;3.352112e-01;4.258809e-02;3.231481e-02;7.229713e-02;1.144056e-01;3.796533e-02;5.513202e-02;8.530525e-02;3.776998e-02;3.458658e-02
6.231838e-02;1.398891e-01;2.844622e-01;4.742797e-02;3.916473e-02;9.382864e-02;1.009128e-01;3.101029e-02;7.988334e-02;5.313764e-02;2.822027e-02;3.974456e-02
7.200294e-02;1.391577e-01;2.719867e-01;4.394765e-02;4.417648e-02;9.678387e-02;1.098606e-01;4.083358e-02;8.115872e-02;3.413540e-02;2.877733e-02;3.717897e-02
7.949302e-02;9.761003e-02;2.973024e-01;4.604160e-02;5.062853e-02;8.142269e-02;1.384726e-01;3.382664e-02;6.916183e-02;5.407799e-02;1.555645e-02;3.640620e-02
7.137640e-02;9.053582e-02;3.079378e-01;6.427804e-02;7.287378e-02;4.393031e-02;1.292548e-01;2.282318e-02;5.730933e-02;7.110171e-02;4.004302e-02;2.853585e-02
5.634883e-02;9.962951e-02;2.988578e-01;1.071815e-01;7.720437e-02;3.696063e-02;7.530829e-02;3.711130e-02;5.451271e-02;8.522263e-02;2.678306e-02;4.487942e-02
4.997683e-02;9.751242e-02;2.439503e-01;1.134468e-01;7.293770e-02;4.080573e-02;9.864907e-02;4.410273e-02;5.901115e-02;8.296548e-02;2.056250e-02;7.607939e-02
1.208784e-01;1.293463e-01;1.683106e-01;1.059716e-01;5.372657e-02;4.257033e-02;1.074532e-01;5.054332e-02;6.616271e-02;4.911676e-02;3.173185e-02;7.418836e-02
1.427873e-01;1.689111e-01;1.257551e-01;7.249338e-02;6.411915e-02;5.211848e-02;1.405903e-01;7.269032e-02;3.565563e-02;2.879604e-02;5.584699e-02;4.023623e-02
1.120499e-01;1.229081e-01;2.086611e-01;6.130418e-02;5.158046e-02;4.296187e-02;1.686019e-01;5.536978e-02;1.751876e-02;4.414711e-02;8.037756e-02;3.451926e-02
9.450737e-02;6.980523e-02;2.925235e-01;9.092791e-02;4.342144e-02;2.693221e-02;1.437296e-01;3.726750e-02;2.497060e-02;6.010991e-02;7.703149e-02;3.877322e-02
7.154275e-02;6.864029e-02;3.458329e-01;7.780948e-02;3.348477e-02;4.303198e-02;1.107899e-01;2.328076e-02;5.531212e-02;7.054929e-02;4.199750e-02;5.772822e-02
5.506406e-02;1.077544e-01;3.076288e-01;6.637765e-02;2.974316e-02;6.922611e-02;7.839230e-02;2.718979e-02;9.345327e-02;5.389416e-02;4.050885e-02;7.076736e-02
6.333262e-02;1.048862e-01;2.083083e-01;9.005871e-02;4.532134e-02;8.748230e-02;9.246924e-02;3.251482e-02;1.161988e-01;3.265722e-02;5.827275e-02;6.849771e-02
6.224483e-02;6.128883e-02;1.571721e-01;8.407404e-02;5.083641e-02;8.584925e-02;1.946000e-01;4.619762e-02;1.080711e-01;3.160211e-02;6.745504e-02;5.060867e-02
5.136000e-02;3.839179e-02;2.267334e-01;5.839638e-02;4.410648e-02;7.385966e-02;2.717401e-01;3.546082e-02;8.572700e-02;2.855802e-02;5.519200e-02;3.047429e-02
5.520669e-02;4.170816e-02;3.136010e-01;6.409761e-02;5.681170e-02;3.986087e-02;2.334258e-01;4.944930e-02;3.218228e-02;4.931500e-02;3.207208e-02;3.226944e-02
2.519013e-02;6.522240e-02;3.203608e-01;7.257225e-02;7.140388e-02;7.013991e-02;1.820799e-01;2.484877e-02;2.887366e-02;4.550021e-02;5.833832e-02;3.546976e-02
4.899379e-02;5.604380e-02;2.573805e-01;1.077961e-01;8.434924e-02;8.592725e-02;9.285543e-02;4.012740e-02;7.326723e-02;5.933410e-02;4.922950e-02;4.469561e-02
7.662699e-02;7.860935e-02;1.577962e-01;6.351348e-02;6.403207e-02;5.063023e-02;8.078726e-02;7.711413e-02;8.373629e-02;1.055397e-01;9.500585e-02;6.660848e-02
1.016696e-01;8.378292e-02;1.044554e-01;5.735927e-02;6.203155e-02;4.868925e-02;1.196242e-01;9.078571e-02;5.663844e-02;1.135423e-01;9.119535e-02;7.022603e-02
1.129363e-01;8.107166e-02;8.646675e-02;6.528224e-02;6.828744e-02;6.138576e-02;1.184600e-01;9.020790e-02;8.480413e-02;1.064674e-01;7.494485e-02;4.968562e-02
1.123325e-01;8.922505e-02;9.537314e-02;6.548770e-02;6.067340e-02;8.323146e-02;1.022962e-01;8.199628e-02;1.190849e-01;9.453540e-02;6.139299e-02;3.437099e-02
9.981625e-02;8.480553e-02;1.502404e-01;6.574855e-02;5.256581e-02;1.003094e-01;9.731039e-02;4.653170e-02;1.147787e-01;6.504419e-02;7.292749e-02;4.992172e-02
1.005748e-01;7.746159e-02;1.433118e-01;4.352241e-02;9.975538e-02;7.161245e-02;1.690800e-01;5.250563e-02;8.331134e-02;4.357566e-02;7.010592e-02;4.518307e-02
9.556691e-02;7.639605e-02;1.106756e-01;3.607005e-02;1.026533e-01;8.280777e-02;2.407534e-01;2.741876e-02;7.676663e-02;5.460107e-02;5.213393e-02;4.415656e-02
6.460056e-02;5.613065e-02;1.802648e-01;6.751261e-02;9.885862e-02;6.182870e-02;1.957446e-01;3.905225e-02;6.600488e-02;5.469280e-02;6.962451e-02;4.568505e-02
3.687558e-02;3.246625e-02;3.244950e-01;9.007852e-02;7.080884e-02;3.994556e-02;1.160359e-01;3.996184e-02;4.297774e-02;8.771173e-02;8.721550e-02;3.142760e-02
3.326976e-02;4.342178e-02;4.247488e-01;7.548143e-02;4.056658e-02;2.957377e-02;8.863480e-02;2.593425e-02;2.104502e-02;1.234769e-01;6.692996e-02;2.691692e-02
2.125409e-02;5.190901e-02;4.533325e-01;5.285634e-02;2.863785e-02;2.756930e-02;8.153304e-02;2.578652e-02;4.410728e-02;1.237249e-01;4.866665e-02;4.062247e-02
4.535620e-02;6.142012e-02;4.574037e-01;5.465429e-02;3.384554e-02;2.719241e-02;6.509118e-02;2.436187e-02;4.647553e-02;9.366463e-02;4.375895e-02;4.677559e-02
5.995539e-02;4.672613e-02;4.441056e-01;7.562111e-02;4.778795e-02;2.587666e-02;4.145431e-02;2.877600e-02;4.355579e-02;8.404648e-02;5.358679e-02;4.850782e-02
3.406496e-02;4.427996e-02;3.644786e-01;7.309771e-02;5.808629e-02;3.894026e-02;5.555082e-02;5.185285e-02;6.291341e-02;8.989727e-02;8.381436e-02;4.302357e-02
7.135765e-02;3.488896e-02;2.399010e-01;5.808098e-02;9.392099e-02;8.350314e-02;7.434855e-02;7.407988e-02;1.037233e-01;5.340718e-02;8.695394e-02;2.583444e-02
8.643030e-02;5.748327e-02;1.464718e-01;7.776411e-02;8.168873e-02;9.824917e-02;1.040352e-01;8.358335e-02;9.910683e-02;7.040554e-02;6.468105e-02;3.010058e-02
3.599934e-02;6.692953e-02;1.374553e-01;7.710385e-02;5.718330e-02;6.289429e-02;1.473393e-01;8.317064e-02;9.780078e-02;1.150590e-01;6.527536e-02;5.378940e-02
6.678232e-02;7.995498e-02;1.554288e-01;7.552166e-02;3.183832e-02;6.346358e-02;8.776324e-02;9.042393e-02;1.054312e-01;1.079937e-01;6.447478e-02;7.092353e-02
7.099950e-02;7.513517e-02;1.292384e-01;6.474832e-02;3.563860e-02;4.889351e-02;1.348863e-01;1.185519e-01;9.861758e-02;9.770054e-02;4.406806e-02;8.152210e-02
5.876024e-02;6.258761e-02;1.246804e-01;4.138422e-02;5.094105e-02;7.036572e-02;1.771249e-01;1.084397e-01;1.002248e-01;1.018393e-01;4.568117e-02;5.797088e-02
7.115797e-02;5.625386e-02;1.232588e-01;6.193190e-02;6.377559e-02;5.141693e-02;1.180617e-01;1.077207e-01;1.058530e-01;9.786508e-02;7.198019e-02;7.072437e-02
8.036017e-02;4.917322e-02;1.016225e-01;8.236404e-02;4.985209e-02;3.382435e-02;1.111208e-01;1.475342e-01;8.997145e-02;1.193589e-01;9.478868e-02;4.002966e-02
1.109117e-01;5.768184e-02;1.209372e-01;5.975029e-02;3.472368e-02;2.404290e-02;9.820122e-02;1.432291e-01;1.193698e-01;9.506453e-02;8.524904e-02;5.083876e-02
9.664688e-02;5.107352e-02;1.401414e-01;4.231482e-02;4.201550e-02;3.233472e-02;1.073274e-01;1.459321e-01;1.163881e-01;8.773719e-02;7.043592e-02;6.765246e-02
9.504667e-02;4.712224e-02;1.633828e-01;5.521157e-02;4.033865e-02;5.453240e-02;9.838348e-02;1.054683e-01;1.465333e-01;8.873618e-02;4.801442e-02;5.722992e-02
6.344467e-02;4.724928e-02;1.880001e-01;6.481532e-02;4.982712e-02;5.991973e-02;9.406864e-02;6.798012e-02;1.844178e-01;7.810538e-02;4.749903e-02;5.467279e-02
6.111673e-02;4.233875e-02;1.936008e-01;7.192916e-02;5.186883e-02;6.900563e-02;7.777124e-02;6.702477e-02;1.560124e-01;7.474616e-02;7.623143e-02;5.835408e-02
6.173193e-02;7.548630e-02;1.505131e-01;7.496199e-02;4.218697e-02;4.194531e-02;1.975653e-01;7.535855e-02;6.632320e-02;1.009253e-01;7.178392e-02;4.121819e-02
1.055477e-01;6.901039e-02;2.073985e-01;5.032805e-02;4.308270e-02;3.228017e-02;2.249955e-01;6.361461e-02;4.322810e-02;7.995530e-02;4.608607e-02;3.447288e-02
1.097775e-01;3.889632e-02;2.625789e-01;5.024751e-02;4.543278e-02;4.080028e-02;1.911631e-01;5.352481e-02;3.368307e-02;8.688314e-02;5.331983e-02;3.369273e-02
1.200433e-01;6.801607e-02;2.699987e-01;3.945851e-02;4.293743e-02;4.863121e-02;1.393165e-01;3.220646e-02;5.661680e-02;8.830135e-02;5.428580e-02;4.018793e-02
1.475880e-01;1.262231e-01;1.865350e-01;2.781394e-02;4.321704e-02;5.056192e-02;1.340633e-01;4.108515e-02;8.816112e-02;7.216431e-02;5.305670e-02;2.953044e-02
1.995566e-01;1.582358e-01;1.122683e-01;1.875710e-02;5.055775e-02;4.477112e-02;1.457957e-01;6.585990e-02;8.726948e-02;4.149560e-02;5.552648e-02;1.990618e-02
2.540813e-01;1.679840e-01;1.000571e-01;1.419257e-02;5.362886e-02;3.197547e-02;1.277806e-01;7.219280e-02;6.195564e-02;3.135217e-02;5.986096e-02;2.493847e-02
3.021829e-01;1.486641e-01;8.803223e-02;1.499711e-02;5.626532e-02;2.079437e-02;1.171868e-01;7.712787e-02;4.881532e-02;3.016292e-02;5.493574e-02;4.083535e-02
3.545246e-01;1.234711e-01;6.484248e-02;1.848105e-02;5.572511e-02;1.473485e-02;1.441835e-01;8.044583e-02;2.326577e-02;2.379289e-02;4.997881e-02;4.655404e-02
3.724650e-01;1.137305e-01;6.043546e-02;1.631120e-02;5.227947e-02;9.089636e-03;1.552080e-01;7.800969e-02;2.057253e-02;2.330928e-02;5.378031e-02;4.480889e-02
3.593938e-01;1.168163e-01;5.702110e-02;1.526486e-02;5.401494e-02;1.182763e-02;1.643726e-01;7.271861e-02;2.739446e-02;2.341207e-02;5.333426e-02;4.442934e-02
2.944030e-01;1.183419e-01;7.899933e-02;1.646359e-02;5.333357e-02;2.080024e-02;1.887601e-01;6.573822e-02;4.673002e-02;2.248057e-02;5.379790e-02;4.015157e-02
1.897759e-01;1.065090e-01;1.149892e-01;2.791286e-02;5.787821e-02;4.322666e-02;2.319788e-01;6.331665e-02;5.633917e-02;2.082460e-02;5.244524e-02;3.480361e-02
8.602586e-02;9.070874e-02;1.224384e-01;4.960077e-02;7.039568e-02;6.737252e-02;2.804851e-01;5.916919e-02;4.962804e-02;3.775315e-02;4.855828e-02;3.786433e-02
7.429053e-02;6.596562e-02;3.541903e-01;4.697578e-02;5.988081e-02;4.865646e-02;1.796948e-01;4.278647e-02;2.897881e-02;3.883769e-02;3.509632e-02;2.464632e-02
5.340819e-02;7.714720e-02;4.818393e-01;3.189501e-02;4.106410e-02;3.582169e-02;1.104886e-01;3.674114e-02;1.921837e-02;3.924567e-02;4.615267e-02;2.697803e-02
5.380638e-02;6.634448e-02;4.626050e-01;3.485613e-02;6.628871e-02;3.229908e-02;1.037349e-01;3.859229e-02;2.161823e-02;4.465013e-02;5.613293e-02;1.907179e-02
5.699639e-02;6.101838e-02;3.758287e-01;5.065942e-02;7.605448e-02;4.777761e-02;1.002217e-01;3.851896e-02;4.594323e-02;4.330678e-02;6.076070e-02;4.291357e-02
5.033449e-02;6.667891e-02;2.293384e-01;7.045497e-02;6.115070e-02;5.785956e-02;1.102341e-01;4.260217e-02;8.841946e-02;6.880746e-02;7.984639e-02;7.427339e-02
6.767155e-02;6.666405e-02;1.517543e-01;6.986412e-02;5.936892e-02;5.448947e-02;1.371144e-01;4.389600e-02;9.544099e-02;8.159255e-02;9.233192e-02;7.981171e-02
5.608581e-02;6.615949e-02;1.416294e-01;6.237452e-02;4.915753e-02;5.545095e-02;1.496044e-01;4.006505e-02;1.095045e-01;8.481735e-02;1.008413e-01;8.430976e-02
5.043784e-02;7.063016e-02;1.824443e-01;5.266262e-02;7.097545e-02;7.980144e-02;1.134966e-01;4.402259e-02;1.098302e-01;6.490659e-02;7.619783e-02;8.459436e-02
7.979425e-02;7.536735e-02;1.775749e-01;7.161719e-02;9.241261e-02;1.128027e-01;6.014730e-02;6.290142e-02;9.509027e-02;6.197722e-02;4.835068e-02;6.196402e-02
7.459707e-02;6.636780e-02;1.579863e-01;5.975907e-02;8.518380e-02;1.063447e-01;7.716641e-02;9.832928e-02;1.067802e-01;6.368570e-02;4.855136e-02;5.524836e-02
7.456650e-02;7.698116e-02;1.372408e-01;9.542216e-02;4.336998e-02;6.605559e-02;6.419355e-02;1.310213e-01;1.135311e-01;4.975312e-02;8.297796e-02;6.488676e-02
3.439956e-02;7.557819e-02;1.894849e-01;7.674002e-02;4.802572e-02;4.607385e-02;1.083496e-01;1.110804e-01;1.041979e-01;5.924525e-02;7.945338e-02;6.737122e-02
9.436815e-02;7.926182e-02;2.369324e-01;6.351851e-02;5.348131e-02;5.965247e-02;1.162410e-01;7.348180e-02;7.142214e-02;5.777941e-02;6.203150e-02;3.182944e-02
1.317263e-01;6.913251e-02;2.058466e-01;7.598311e-02;5.464680e-02;6.864972e-02;9.011776e-02;7.349116e-02;4.755102e-02;7.218195e-02;6.104210e-02;4.963099e-02
1.140892e-01;5.673229e-02;1.769845e-01;7.240477e-02;7.052512e-02;6.014412e-02;8.881747e-02;1.028958e-01;5.597769e-02;7.762890e-02;5.621997e-02;6.758028e-02
5.952956e-02;5.513790e-02;1.801120e-01;7.377946e-02;7.698090e-02;5.419991e-02;1.076267e-01;1.154712e-01;5.442506e-02;8.277358e-02;6.988254e-02;7.008118e-02
3.213589e-02;5.849246e-02;1.449244e-01;7.041179e-02;7.117434e-02;5.510971e-02;1.339335e-01;9.634241e-02;9.160098e-02;7.173008e-02;1.037555e-01;7.038890e-02
4.406876e-02;8.537224e-02;1.394932e-01;7.032014e-02;1.085047e-01;6.158892e-02;1.504595e-01;4.944872e-02;8.185388e-02;5.136468e-02;1.147250e-01;4.280031e-02
7.124507e-02;5.973606e-02;1.966574e-01;4.623615e-02;1.191861e-01;9.334105e-02;1.221369e-01;2.884514e-02;1.049049e-01;3.942851e-02;5.410459e-02;6.417809e-02
