4.017619e-02;1.322971e-01;8.140509e-02;6.452601e-02;6.549951e-02;1.730088e-01;2.264148e-02;1.568405e-01;7.299994e-02;2.316812e-02;1.038485e-01;6.358865e-02
2.089039e-02;1.489230e-01;1.477207e-01;5.642191e-02;4.356498e-02;1.630544e-01;1.341250e-02;1.506289e-01;6.756510e-02;1.846985e-02;1.128720e-01;5.647627e-02
5.084924e-02;1.450456e-01;9.721674e-02;3.603770e-02;4.035937e-02;1.445409e-01;5.239366e-02;9.601197e-02;5.550347e-02;5.273820e-02;1.407230e-01;8.858013e-02
4.303848e-02;8.061177e-02;9.249073e-02;3.095879e-02;5.682734e-02;1.063188e-01;7.865300e-02;9.062905e-02;5.980257e-02;1.336934e-01;1.379638e-01;8.901233e-02
4.607405e-02;7.700579e-02;9.032825e-02;3.448270e-02;6.666015e-02;1.085674e-01;7.581919e-02;8.961789e-02;6.559339e-02;1.514271e-01;1.056494e-01;8.877466e-02
3.978292e-02;8.834381e-02;1.350472e-01;5.473736e-02;4.855996e-02;1.345948e-01;6.251377e-02;1.061815e-01;7.990368e-02;1.256410e-01;4.649132e-02;7.820257e-02
4.255656e-02;8.521746e-02;1.383660e-01;6.846227e-02;8.396900e-02;2.375631e-01;2.927891e-02;9.674175e-02;7.270287e-02;5.560841e-02;1.718874e-02;7.234486e-02
5.325099e-02;9.355325e-02;1.122169e-01;5.100564e-02;8.417767e-02;2.777062e-01;5.356219e-02;6.319791e-02;5.791012e-02;3.133918e-02;5.859717e-02;6.348269e-02
7.924452e-02;7.440312e-02;6.518303e-02;2.728443e-02;4.823514e-02;3.511917e-01;9.455884e-02;4.327438e-02;3.780141e-02;5.416916e-02;8.752215e-02;3.713210e-02
9.991182e-02;4.585770e-02;2.664416e-02;3.212351e-02;3.825802e-02;3.377240e-01;1.232285e-01;5.271535e-02;2.242316e-02;1.194227e-01;8.654353e-02;1.514752e-02
8.588029e-02;2.290984e-02;1.970057e-02;5.983639e-02;4.271793e-02;2.706629e-01;1.328772e-01;5.200365e-02;2.599142e-02;1.703782e-01;7.765373e-02;3.938785e-02
4.867680e-02;2.894902e-02;2.752392e-02;6.179035e-02;4.626041e-02;1.581320e-01;1.563745e-01;5.008039e-02;5.359602e-02;1.658752e-01;1.360921e-01;6.664938e-02
4.217854e-02;4.794146e-02;2.291439e-02;3.114719e-02;6.490327e-02;7.052841e-02;1.694675e-01;6.569597e-02;7.201553e-02;8.852696e-02;2.535958e-01;7.108500e-02
6.087452e-02;3.870898e-02;2.961855e-02;2.428867e-02;7.982602e-02;4.691738e-02;1.342127e-01;1.214059e-01;6.272272e-02;4.821042e-02;2.685870e-01;8.462723e-02
5.075259e-02;2.133061e-02;5.298539e-02;2.145500e-02;5.140550e-02;6.011415e-02;7.597571e-02;1.978297e-01;4.125603e-02;9.707482e-02;1.465916e-01;1.832289e-01
3.246940e-02;2.482269e-02;5.444102e-02;1.213547e-02;1.943747e-02;1.096509e-01;3.565418e-02;2.450274e-01;3.734772e-02;1.157292e-01;3.590232e-02;2.773823e-01
4.673599e-02;4.079833e-02;3.143556e-02;1.840184e-02;4.020655e-02;1.557945e-01;2.015259e-02;2.059623e-01;5.620478e-02;7.013314e-02;2.514183e-02;2.890326e-01
6.434096e-02;5.916041e-02;3.367812e-02;2.833184e-02;5.581041e-02;1.623051e-01;1.601221e-02;1.546508e-01;6.665380e-02;3.417622e-02;4.527307e-02;2.796071e-01
5.488827e-02;6.253967e-02;5.146840e-02;3.576976e-02;6.055110e-02;1.455737e-01;2.443239e-02;1.391316e-01;9.198779e-02;2.862721e-02;4.165097e-02;2.633792e-01
3.690734e-02;5.397153e-02;8.470133e-02;3.424253e-02;5.562059e-02;1.462852e-01;2.587369e-02;1.711421e-01;8.941339e-02;1.795694e-02;2.896252e-02;2.549228e-01
2.618813e-02;4.798714e-02;1.004571e-01;4.014860e-02;4.383410e-02;1.468078e-01;8.283871e-03;2.325272e-01;7.047787e-02;1.808464e-02;2.695330e-02;2.382502e-01
2.631398e-02;5.120226e-02;1.102946e-01;4.260519e-02;3.165312e-02;1.306607e-01;4.964162e-02;2.546116e-01;5.653385e-02;2.919414e-02;2.703687e-02;1.902520e-01
2.801745e-02;6.588788e-02;1.218541e-01;4.731333e-02;3.033222e-02;1.145178e-01;4.361201e-02;2.362040e-01;7.256879e-02;4.110332e-02;2.892299e-02;1.696661e-01
4.561252e-02;7.127897e-02;1.048510e-01;5.282496e-02;3.052903e-02;1.190740e-01;5.545682e-02;1.735847e-01;8.902106e-02;4.796472e-02;3.470517e-02;1.750971e-01
4.074389e-02;3.335159e-02;4.282770e-02;3.532190e-02;2.419843e-02;1.504232e-01;1.182359e-01;1.976568e-01;7.634942e-02;6.389181e-02;5.850016e-02;1.584992e-01
2.316972e-02;1.870179e-02;5.274713e-02;2.423178e-02;2.451444e-02;1.957068e-01;6.581412e-02;2.132262e-01;7.139808e-02;5.675910e-02;7.890916e-02;1.748217e-01
2.462189e-02;2.537495e-02;5.668549e-02;2.160135e-02;1.607658e-02;1.937759e-01;5.524426e-02;2.708003e-01;6.522868e-02;5.550677e-02;8.607328e-02;1.290106e-01
1.871888e-02;2.312875e-02;4.356345e-02;3.094526e-02;2.643201e-02;1.886394e-01;2.940994e-02;2.807025e-01;8.347878e-02;1.254516e-01;4.883481e-02;1.006946e-01
2.013797e-02;2.155972e-02;3.010275e-02;1.794885e-02;1.964949e-02;1.633998e-01;9.131256e-02;1.815372e-01;7.900292e-02;1.140622e-01;1.185915e-01;1.426949e-01
2.290608e-02;3.323618e-02;3.147718e-02;1.574629e-02;2.016188e-02;1.247488e-01;9.599143e-02;1.661727e-01;9.884217e-02;8.910180e-02;1.039037e-01;1.977119e-01
2.696229e-02;3.956418e-02;4.980948e-02;2.547785e-02;5.007012e-02;8.211087e-02;5.877478e-02;2.320665e-01;1.084810e-01;6.873956e-02;2.975584e-02;2.281876e-01
3.490122e-02;3.199694e-02;5.181618e-02;1.641764e-02;4.806015e-02;1.422200e-01;5.958231e-02;2.297982e-01;1.024724e-01;6.889553e-02;2.248763e-02;1.913518e-01
3.004372e-02;3.382140e-02;3.523860e-02;1.683452e-02;2.257888e-02;1.812729e-01;6.041712e-02;2.402115e-01;8.303394e-02;8.784089e-02;5.112756e-02;1.575789e-01
3.090948e-02;6.093286e-02;4.475594e-02;1.874298e-02;1.584432e-02;2.006201e-01;4.138562e-02;2.505025e-01;1.157800e-01;7.638423e-02;3.556860e-02;1.085734e-01
3.097342e-02;8.805764e-02;6.773330e-02;2.116730e-02;1.173422e-02;1.933089e-01;5.584989e-02;2.909952e-01;1.206136e-01;4.533238e-02;2.064337e-02;5.359089e-02
2.687413e-02;9.773407e-02;2.731517e-02;2.775250e-02;1.696554e-02;2.116203e-01;6.734686e-02;3.249991e-01;1.147435e-01;1.583012e-02;2.056104e-02;4.825765e-02
2.595836e-02;1.116443e-01;9.027299e-02;3.341587e-02;2.885948e-02;1.710150e-01;4.108729e-02;2.399524e-01;1.110364e-01;3.642760e-02;4.802173e-02;6.230862e-02
2.293471e-02;1.105868e-01;9.000366e-02;2.308215e-02;2.890826e-02;1.484440e-01;7.440057e-02;2.331217e-01;9.697694e-02;4.913468e-02;6.714063e-02;5.526587e-02
2.159107e-02;8.017724e-02;4.398579e-02;1.211394e-02;2.760290e-02;1.769928e-01;1.359319e-01;2.408549e-01;8.372225e-02;4.908728e-02;8.791457e-02;4.002538e-02
2.864945e-02;5.014997e-02;6.712938e-02;2.583064e-02;3.295267e-02;1.883551e-01;1.305832e-01;2.615333e-01;5.330834e-02;2.230381e-02;9.750783e-02;4.169630e-02
1.732860e-02;4.981704e-02;7.957918e-02;2.083509e-02;2.793214e-02;1.180007e-01;9.907143e-02;3.334283e-01;6.000260e-02;4.634280e-02;9.136094e-02;5.630121e-02
1.865896e-02;3.285877e-02;7.106290e-02;2.063065e-02;2.703918e-02;8.803593e-02;1.045708e-01;2.906245e-01;4.473186e-02;8.828294e-02;1.312626e-01;8.224088e-02
1.219796e-02;3.950645e-02;6.482124e-02;9.231464e-03;3.676562e-02;1.654125e-01;8.904997e-02;1.852135e-01;4.029117e-02;1.108649e-01;1.278664e-01;1.187789e-01
1.393781e-02;3.923161e-02;6.052518e-02;1.420981e-02;2.540053e-02;1.847388e-01;1.311181e-01;1.119282e-01;4.741893e-02;6.859687e-02;2.099439e-01;9.295020e-02
2.121985e-02;3.619164e-02;5.589500e-02;1.700665e-02;2.450209e-02;1.418537e-01;1.132893e-01;1.914231e-01;6.523526e-02;5.938029e-02;2.088495e-01;6.515349e-02
2.800479e-02;4.523287e-02;6.409977e-02;1.506801e-02;4.244999e-02;1.116462e-01;6.526773e-02;1.717153e-01;8.860781e-02;7.707385e-02;1.507230e-01;1.401107e-01
1.882600e-02;3.466091e-02;6.059933e-02;1.766502e-02;5.660885e-02;1.984708e-01;1.176776e-01;1.229925e-01;7.510313e-02;5.936561e-02;1.115277e-01;1.265025e-01
2.735372e-02;3.053660e-02;1.205050e-01;3.522214e-02;6.459440e-02;1.666516e-01;1.210676e-01;1.027906e-01;7.129932e-02;9.019039e-02;1.044614e-01;6.532723e-02
4.407246e-02;7.027434e-02;5.726995e-02;7.662012e-02;6.865162e-02;1.497089e-01;1.467215e-01;1.194524e-01;8.568156e-02;6.638182e-02;6.243548e-02;5.272987e-02
5.657744e-02;5.145117e-02;5.344335e-02;9.332079e-02;9.698825e-02;1.330384e-01;1.334421e-01;1.042639e-01;1.235344e-01;5.514268e-02;4.842624e-02;5.037135e-02
7.075852e-02;3.568337e-02;5.318466e-02;1.226436e-01;1.161436e-01;1.074294e-01;1.237378e-01;8.455736e-02;1.528176e-01;5.433211e-02;4.761694e-02;3.109509e-02
7.470850e-02;2.163236e-02;4.185121e-02;1.512544e-01;1.330719e-01;8.084566e-02;1.308841e-01;5.570711e-02;1.733485e-01;8.479215e-02;3.328917e-02;1.861488e-02
5.085425e-02;2.582873e-02;3.298393e-02;1.349328e-01;1.666588e-01;8.526623e-02;1.093144e-01;3.738400e-02;1.407221e-01;1.598458e-01;2.651050e-02;2.969852e-02
2.146437e-02;5.720638e-02;2.657094e-02;8.748875e-02;2.375213e-01;7.681296e-02;5.533270e-02;5.134475e-02;7.543928e-02;2.446387e-01;2.884798e-02;3.733191e-02
1.436165e-02;8.352577e-02;1.856470e-02;4.554389e-02;2.605303e-01;1.039651e-01;2.647659e-02;8.206998e-02;4.053259e-02;2.592225e-01;3.232852e-02;3.287840e-02
9.649448e-03;9.372778e-02;1.281241e-02;2.313358e-02;2.498618e-01;1.563780e-01;1.941316e-02;9.416349e-02;3.005034e-02;2.273281e-01;6.102957e-02;2.245232e-02
6.724476e-03;8.408889e-02;2.824732e-02;3.472856e-02;2.185413e-01;2.020732e-01;4.919592e-02;8.417774e-02;4.156142e-02;1.550071e-01;7.922137e-02;1.643265e-02
8.245742e-03;8.915524e-02;2.574929e-02;5.306639e-02;2.472267e-01;1.781012e-01;5.941739e-02;7.903215e-02;5.377642e-02;1.483998e-01;3.435577e-02;2.347382e-02
6.079522e-03;8.786360e-02;1.846442e-02;5.414552e-02;2.311716e-01;1.580791e-01;6.469831e-02;7.484344e-02;6.072723e-02;1.810557e-01;4.434970e-02;1.852182e-02
1.050899e-02;8.253759e-02;6.225071e-02;5.190869e-02;1.344537e-01;2.430654e-01;4.855897e-02;5.566630e-02;5.984493e-02;1.286381e-01;1.059763e-01;1.659030e-02
1.256577e-02;4.880520e-02;1.139972e-01;4.281861e-02;8.406726e-02;3.148563e-01;5.241144e-02;4.398733e-02;3.371159e-02;4.044904e-02;1.804505e-01;3.187982e-02
1.695684e-02;2.803714e-02;1.102393e-01;6.221325e-02;3.757923e-02;2.470542e-01;1.584731e-01;2.454786e-02;2.123138e-02;3.494692e-02;1.630232e-01;9.569760e-02
4.117078e-02;2.535158e-02;6.388438e-02;1.235815e-01;2.139547e-02;1.172830e-01;2.487358e-01;6.888979e-02;1.533913e-02;4.045740e-02;8.479335e-02;1.491178e-01
1.043154e-01;4.225186e-02;3.357825e-02;1.444810e-01;4.492521e-02;2.986820e-02;2.310867e-01;1.696937e-01;1.604982e-02;2.713104e-02;2.779175e-02;1.288270e-01
1.831886e-01;6.545758e-02;2.158583e-02;9.251889e-02;9.308553e-02;1.669008e-02;1.466942e-01;2.754097e-01;2.188513e-02;1.966282e-02;5.659073e-03;5.816263e-02
2.273367e-01;1.214413e-01;2.563467e-02;3.881510e-02;1.214985e-01;2.108104e-02;6.199325e-02;3.234734e-01;2.738624e-02;1.229188e-02;3.571521e-03;1.547645e-02
2.204198e-01;1.902046e-01;4.803479e-02;2.280648e-02;1.080563e-01;3.007741e-02;2.272218e-02;2.846149e-01;4.216865e-02;1.437280e-02;8.215891e-03;8.306156e-03
2.187467e-01;2.254850e-01;4.472251e-02;2.312605e-02;9.711006e-02;2.938624e-02;3.172221e-02;2.338736e-01;4.902261e-02;3.104812e-02;8.254935e-03;7.501985e-03
2.457384e-01;1.993990e-01;3.183792e-02;2.327112e-02;1.139297e-01;1.697988e-02;3.000692e-02;2.454708e-01;4.827144e-02;2.932537e-02;2.983978e-03;1.278532e-02
2.643794e-01;1.628922e-01;3.042043e-02;2.087459e-02;1.269236e-01;5.731970e-03;3.197572e-02;2.572924e-01;4.025051e-02;2.246856e-02;1.088333e-02;2.590726e-02
2.523192e-01;1.178508e-01;3.482623e-02;3.141511e-02;1.208840e-01;1.651910e-02;6.224633e-02;2.422358e-01;2.314334e-02;2.151531e-02;2.030592e-02;5.673881e-02
2.253992e-01;8.982517e-02;5.967126e-02;5.279057e-02;1.135263e-01;2.956675e-02;4.615853e-02;2.262792e-01;1.636780e-02;2.998138e-02;1.355535e-02;9.687857e-02
1.268055e-01;1.237079e-01;6.189037e-02;9.388952e-02;9.517744e-02;1.390002e-02;5.873449e-02;1.935475e-01;2.093861e-02;5.227739e-02;3.004672e-02;1.290847e-01
5.085823e-02;9.047661e-02;4.025677e-02;1.662030e-01;6.694739e-02;2.083956e-02;1.427734e-01;1.529644e-01;2.133776e-02;7.206692e-02;1.176337e-02;1.635126e-01
3.468928e-02;6.933489e-02;6.219478e-02;1.685124e-01;4.279079e-02;9.190871e-02;1.518517e-01;9.093083e-02;2.462348e-02;6.611762e-02;4.678410e-02;1.502615e-01
3.058191e-02;5.185662e-02;1.406513e-01;9.847552e-02;3.374038e-02;1.578232e-01;9.609932e-02;6.319147e-02;4.728100e-02;7.287637e-02;1.116815e-01;9.574144e-02
2.460270e-02;5.849845e-02;1.537707e-01;3.502535e-02;7.472145e-02;2.583990e-01;5.733632e-02;4.370273e-02;4.407215e-02;8.674778e-02;1.150812e-01;4.804212e-02
1.218977e-02;8.529828e-02;8.748639e-02;4.671071e-02;1.436705e-01;3.056941e-01;4.403132e-02;5.069600e-02;3.659511e-02;9.418613e-02;6.640286e-02;2.703888e-02
8.278437e-03;9.006099e-02;4.680637e-02;5.823573e-02;2.273077e-01;2.742649e-01;2.813304e-02;6.965841e-02;5.662099e-02;1.020492e-01;2.070365e-02;1.788057e-02
1.298021e-02;7.091357e-02;1.830684e-02;7.341021e-02;3.106706e-01;1.896858e-01;2.913497e-02;8.817344e-02;7.182179e-02;1.050667e-01;1.911928e-02;1.071657e-02
1.821891e-02;4.646367e-02;1.153085e-02;1.353239e-01;3.306828e-01;8.472610e-02;6.462286e-02;9.365754e-02;1.012378e-01;8.515244e-02;1.732021e-02;1.106299e-02
4.061557e-02;3.656498e-02;2.238544e-02;1.758930e-01;3.150675e-01;4.186325e-02;9.515311e-02;7.216862e-02;1.108171e-01;6.888248e-02;1.006310e-02;1.052590e-02
3.989353e-02;2.656799e-02;2.625237e-02;1.874148e-01;2.966598e-01;4.437024e-02;1.339239e-01;4.977049e-02;1.113481e-01;6.420114e-02;9.521260e-03;1.007640e-02
2.255142e-02;2.694827e-02;2.939338e-02;1.937643e-01;2.627413e-01;3.587424e-02;1.676970e-01;5.074897e-02;1.224344e-01;7.306591e-02;6.798259e-03;7.982613e-03
3.302408e-02;3.039392e-02;2.458063e-02;1.708723e-01;2.401616e-01;2.900857e-02;1.991712e-01;5.378695e-02;1.217230e-01;8.251648e-02;7.121379e-03;7.639872e-03
3.449278e-02;3.573890e-02;3.210309e-02;1.559500e-01;1.883244e-01;2.697163e-02;2.322642e-01;7.039282e-02;1.272600e-01;8.378009e-02;7.103816e-03;5.618307e-03
4.222817e-02;3.855249e-02;3.899734e-02;1.659665e-01;1.202505e-01;4.117090e-02;2.231342e-01;9.969515e-02;1.418472e-01;6.845817e-02;1.221561e-02;7.483758e-03
5.002623e-02;4.321634e-02;5.076973e-02;1.932237e-01;8.888355e-02;4.293795e-02;1.648404e-01;1.438122e-01;1.652935e-01;2.621809e-02;1.962394e-02;1.115438e-02
2.289698e-02;3.706573e-02;3.952710e-02;1.544610e-01;2.006992e-01;7.370965e-02;7.364672e-02;1.207877e-01;1.642629e-01;8.059038e-02;1.646333e-02;1.588928e-02
7.891100e-03;2.122765e-02;1.331418e-02;1.080677e-01;1.845597e-01;1.142023e-01;5.844919e-02;1.473378e-01;1.930774e-01;1.100297e-01;2.345453e-02;1.838890e-02
7.522510e-03;1.626984e-02;1.929557e-02;9.430411e-02;1.132189e-01;9.291724e-02;6.606054e-02;2.116563e-01;2.314613e-01;1.148673e-01;1.996312e-02;1.246312e-02
1.236164e-02;2.797133e-02;3.623271e-02;8.527920e-02;6.051401e-02;6.798717e-02;7.353294e-02;2.806184e-01;2.487293e-01;8.270184e-02;1.717496e-02;6.896453e-03
1.173444e-02;5.011514e-02;9.737524e-02;5.675382e-02;6.636292e-02;9.164861e-02;4.326139e-02;2.430146e-01;2.512994e-01;5.792249e-02;1.671798e-02;1.379398e-02
1.129548e-02;4.666061e-02;1.270399e-01;9.133305e-02;5.836559e-02;9.669800e-02;1.676880e-02;2.301499e-01;2.311329e-01;5.117747e-02;1.333466e-02;2.604365e-02
1.870862e-02;3.119742e-02;1.353914e-01;9.817632e-02;4.686262e-02;1.014947e-01;2.660475e-02;2.655231e-01;1.899983e-01;4.324405e-02;8.756880e-03;3.404181e-02
1.908395e-02;4.159287e-02;1.262761e-01;7.347146e-02;3.700054e-02;1.127552e-01;2.435901e-02;3.352793e-01;1.441641e-01;4.462804e-02;7.501812e-03;3.388771e-02
1.467711e-02;5.649780e-02;1.033579e-01;4.843608e-02;2.491736e-02;1.397022e-01;4.381700e-02;3.753033e-01;1.114762e-01;3.367585e-02;2.198299e-02;2.615622e-02
1.456751e-02;5.557086e-02;6.193736e-02;4.484750e-02;7.055034e-02;1.184917e-01;3.097107e-02;4.078669e-01;1.210820e-01;2.746714e-02;2.657899e-02;2.006871e-02
1.614320e-02;8.328771e-02;6.769702e-02;8.184136e-02;1.383202e-01;1.117067e-01;4.241724e-02;3.314570e-01;8.173705e-02;1.003278e-02;2.081444e-02;1.454525e-02
2.285049e-02;7.358739e-02;7.517045e-02;1.012325e-01;1.291132e-01;1.262078e-01;1.259597e-01;2.233164e-01;5.269608e-02;1.952948e-02;3.815729e-02;1.217924e-02
2.844121e-02;8.280929e-02;1.111764e-01;7.354923e-02;7.415800e-02;1.095797e-01;1.852214e-01;1.654824e-01;8.512072e-02;2.962906e-02;4.134944e-02;1.348308e-02
1.965207e-02;1.037178e-01;1.126017e-01;5.592652e-02;3.843984e-02;1.605838e-01;2.114775e-01;1.208726e-01;9.009463e-02;3.981960e-02;3.080566e-02;1.600830e-02
1.686455e-02;9.333516e-02;6.992037e-02;7.500345e-02;2.827368e-02;1.848214e-01;2.629458e-01;9.463184e-02;8.705955e-02;4.587923e-02;2.167884e-02;1.958623e-02
4.798521e-02;5.806510e-02;2.510624e-02;9.107608e-02;2.784007e-02;2.301760e-01;2.515088e-01;9.190557e-02;6.809427e-02;6.989180e-02;1.659996e-02;2.175096e-02
6.830371e-02;3.835932e-02;1.699934e-02;1.010432e-01;2.091840e-02;2.978683e-01;1.918953e-01;8.143141e-02;4.430354e-02;1.054456e-01;1.597551e-02;1.745648e-02
7.861917e-02;2.925630e-02;1.583964e-02;1.027345e-01;2.080469e-02;3.395959e-01;1.249507e-01;9.892479e-02;3.145235e-02;1.331389e-01;1.605896e-02;8.624163e-03
8.622690e-02;1.725951e-02;1.146502e-02;1.010676e-01;5.153856e-02;3.633163e-01;6.637526e-02;1.192175e-01;2.443568e-02;1.384789e-01;1.242116e-02;8.197636e-03
7.413822e-02;3.178797e-02;2.517658e-02;9.056581e-02;8.494465e-02;3.427962e-01;4.021129e-02;1.224701e-01;3.040214e-02;1.126767e-01;3.432858e-02;1.050178e-02
5.115945e-02;5.021524e-02;3.570661e-02;7.299495e-02;8.772992e-02;2.945344e-01;4.124872e-02;1.364875e-01;5.958571e-02;7.192763e-02;7.276189e-02;2.564796e-02
4.083125e-02;9.940451e-02;7.486983e-02;5.653926e-02;2.991952e-02;2.014264e-01;1.979946e-02;1.760772e-01;1.024553e-01;5.223683e-02;9.596060e-02;5.047984e-02
4.407517e-02;1.256888e-01;9.123742e-02;8.751179e-02;5.873988e-02;1.423150e-01;5.549616e-02;1.422098e-01;1.094392e-01;4.807782e-02;6.911139e-02;2.609769e-02
2.717391e-02;5.963963e-02;5.344434e-02;1.116400e-01;1.012694e-01;1.614921e-01;9.164393e-02;1.901896e-01;9.797113e-02;8.059964e-02;1.058345e-02;1.435286e-02
2.679679e-02;6.787407e-02;5.510151e-02;1.210843e-01;1.509115e-01;1.332242e-01;1.241821e-01;1.297136e-01;8.507746e-02;6.787885e-02;2.229573e-02;1.585990e-02
1.874912e-02;5.673131e-02;3.619117e-02;1.045782e-01;1.735256e-01;2.121326e-01;1.492359e-01;1.179993e-01;6.813097e-02;4.105927e-02;9.878187e-03;1.178841e-02
1.209938e-02;3.365887e-02;2.392339e-02;9.980002e-02;1.483166e-01;2.477121e-01;1.898248e-01;1.138340e-01;7.591704e-02;3.578445e-02;1.049088e-02;8.638558e-03
1.301783e-02;3.643183e-02;1.680934e-02;1.108875e-01;1.382893e-01;2.402099e-01;2.323959e-01;9.230015e-02;6.443069e-02;3.728432e-02;8.940289e-03;9.002939e-03
1.256066e-02;3.613298e-02;4.073239e-02;1.027622e-01;1.475001e-01;2.100343e-01;2.598611e-01;1.050126e-01;3.566539e-02;3.927679e-02;3.173409e-03;7.288300e-03
8.300238e-03;2.122866e-02;5.161275e-02;4.519628e-02;1.173434e-01;3.018288e-01;1.909953e-01;1.603667e-01;5.887071e-02;3.243248e-02;4.178521e-03;7.646013e-03
1.139772e-02;8.034598e-02;1.119542e-01;3.309029e-02;6.663289e-02;2.446168e-01;1.039999e-01;2.199984e-01;8.413150e-02;2.089753e-02;1.267157e-02;1.026314e-02
1.664614e-02;1.017454e-01;1.426994e-01;2.007408e-02;2.884614e-02;3.361544e-01;3.893930e-02;2.065453e-01;5.774938e-02;2.030360e-02;1.669385e-02;1.360307e-02
2.041471e-02;1.007358e-01;1.080006e-01;2.909037e-02;3.207542e-02;3.706562e-01;5.759204e-02;1.959552e-01;4.562132e-02;1.971594e-02;8.788160e-03;1.135432e-02
2.401308e-02;7.910406e-02;5.837630e-02;3.708930e-02;3.816046e-02;4.189785e-01;7.381833e-02;1.862453e-01;5.585992e-02;1.770590e-02;3.442376e-03;7.206510e-03
2.997443e-02;5.676302e-02;4.470466e-02;3.336010e-02;3.239391e-02;5.279129e-01;6.912284e-02;1.361003e-01;3.745632e-02;1.420512e-02;6.538514e-03;1.146792e-02
3.464802e-02;3.061770e-02;4.537003e-02;2.082210e-02;2.310464e-02;6.094685e-01;3.833173e-02;1.237658e-01;4.593026e-02;8.590055e-03;7.338474e-03;1.201268e-02
3.815771e-02;3.211628e-02;2.461608e-02;2.210690e-02;2.737317e-02;6.494524e-01;3.085773e-02;1.052760e-01;3.482600e-02;1.809696e-02;5.614623e-03;1.150617e-02
3.779114e-02;4.180884e-02;2.546078e-02;1.670059e-02;4.838457e-02;6.455041e-01;3.918055e-02;8.303492e-02;2.128694e-02;2.491613e-02;5.561302e-03;1.037023e-02
4.261156e-02;5.081531e-02;2.694418e-02;2.073103e-02;4.765288e-02;5.731298e-01;4.612235e-02;1.213588e-01;3.943197e-02;1.952882e-02;3.740726e-03;7.932648e-03
5.137112e-02;6.673451e-02;2.369209e-02;3.662530e-02;4.165094e-02;5.336670e-01;4.291352e-02;1.387255e-01;3.975096e-02;1.259107e-02;4.275853e-03;8.002133e-03
5.933262e-02;8.680554e-02;2.840609e-02;3.072872e-02;3.183334e-02;4.955955e-01;4.419530e-02;1.551210e-01;4.007382e-02;1.648310e-02;4.909473e-03;6.515505e-03
7.027970e-02;1.287202e-01;3.295664e-02;2.026809e-02;3.098140e-02;4.410177e-01;5.446188e-02;1.351463e-01;4.652753e-02;2.643969e-02;3.441123e-03;9.759693e-03
8.232491e-02;1.983857e-01;4.184640e-02;1.960138e-02;2.285254e-02;4.088419e-01;5.426947e-02;8.850255e-02;3.468432e-02;2.968572e-02;4.761247e-03;1.424381e-02
8.889786e-02;2.228426e-01;2.020996e-02;1.489810e-02;2.305307e-02;4.026586e-01;5.752806e-02;7.535066e-02;2.745210e-02;3.056321e-02;9.054464e-03;2.749125e-02
7.706854e-02;2.215141e-01;4.338884e-02;8.296735e-03;3.466628e-02;3.527416e-01;4.946681e-02;9.290363e-02;3.693919e-02;2.954950e-02;1.242945e-02;4.103531e-02
6.971443e-02;1.910646e-01;4.411343e-02;2.823622e-02;5.390068e-02;2.916731e-01;2.957427e-02;1.447740e-01;4.965198e-02;2.852272e-02;1.642030e-02;5.235434e-02
7.981670e-02;1.188964e-01;5.379709e-02;4.263084e-02;9.034673e-02;2.777650e-01;6.336467e-02;1.350972e-01;4.741403e-02;1.802726e-02;1.050644e-02;6.233761e-02
6.153671e-02;1.052192e-01;5.593738e-02;2.956536e-02;7.011262e-02;3.604379e-01;5.014968e-02;9.837248e-02;5.927492e-02;3.668344e-02;1.762025e-02;5.509012e-02
7.162505e-02;1.301580e-01;6.066857e-02;2.481579e-02;7.248390e-02;3.769861e-01;4.438096e-02;6.796450e-02;5.249098e-02;3.864735e-02;2.391631e-02;3.586249e-02
7.771672e-02;9.923474e-02;3.892472e-02;2.368948e-02;8.069956e-02;4.280069e-01;5.096669e-02;5.355293e-02;5.182172e-02;3.983604e-02;2.636699e-02;2.918353e-02
7.665549e-02;9.799812e-02;5.372148e-02;1.750696e-02;5.943192e-02;4.543609e-01;2.574547e-02;6.049633e-02;4.912637e-02;4.457686e-02;3.032277e-02;3.005733e-02
5.489634e-02;9.266736e-02;5.494989e-02;2.568211e-02;7.319991e-02;4.447703e-01;4.464746e-02;4.594715e-02;3.515365e-02;4.212351e-02;4.414187e-02;4.182038e-02
5.086784e-02;7.602353e-02;4.482697e-02;3.755016e-02;1.174118e-01;4.067013e-01;4.615822e-02;5.160941e-02;4.128984e-02;3.339929e-02;6.088248e-02;3.327913e-02
4.387151e-02;9.384086e-02;4.633864e-02;5.733925e-02;1.548190e-01;3.219807e-01;4.619675e-02;5.826442e-02;5.487750e-02;2.784330e-02;6.794997e-02;2.667804e-02
4.064034e-02;1.234468e-01;5.812544e-02;6.967226e-02;1.649618e-01;2.537978e-01;6.059489e-02;3.806673e-02;6.214768e-02;2.869423e-02;6.356148e-02;3.629053e-02
5.755080e-02;1.143597e-01;4.952936e-02;7.124799e-02;9.538341e-02;2.247028e-01;5.279045e-02;1.079523e-01;7.056321e-02;4.200085e-02;3.622001e-02;7.769912e-02
5.172063e-02;8.356996e-02;7.165433e-02;7.743766e-02;9.882680e-02;2.461336e-01;4.220019e-02;9.687043e-02;4.378223e-02;3.897028e-02;3.402912e-02;1.148047e-01
4.603876e-02;6.491496e-02;3.781632e-02;8.398467e-02;1.138267e-01;3.165628e-01;4.333662e-02;1.105476e-01;5.427259e-02;2.066461e-02;1.919919e-02;8.883518e-02
3.519076e-02;6.456113e-02;6.005333e-02;7.456545e-02;6.930970e-02;3.563628e-01;4.695339e-02;1.300852e-01;6.833356e-02;3.865878e-02;2.286005e-02;3.306591e-02
4.206536e-02;1.017709e-01;1.005966e-01;6.575700e-02;5.732022e-02;3.605742e-01;4.116558e-02;7.529160e-02;6.631736e-02;3.852480e-02;2.187702e-02;2.873940e-02
4.684612e-02;8.691181e-02;1.013131e-01;8.835428e-02;6.074250e-02;3.117227e-01;6.268644e-02;6.204319e-02;5.653054e-02;3.914844e-02;3.133848e-02;5.236238e-02
5.518235e-02;1.096915e-01;8.404738e-02;8.834948e-02;7.449858e-02;2.183670e-01;8.469041e-02;8.996638e-02;8.495601e-02;3.465196e-02;3.220166e-02;4.339730e-02
5.727436e-02;1.275872e-01;5.774536e-02;6.602325e-02;8.399295e-02;1.789885e-01;7.859341e-02;1.214956e-01;9.614242e-02;5.128049e-02;3.131286e-02;4.956369e-02
4.843226e-02;1.308497e-01;1.104012e-01;4.934608e-02;7.369704e-02;1.703148e-01;6.460719e-02;1.296742e-01;6.767983e-02;6.812435e-02;3.307589e-02;5.379741e-02
6.049237e-02;1.633013e-01;7.489001e-02;3.664159e-02;4.596626e-02;2.603734e-01;3.670466e-02;1.187000e-01;6.468289e-02;5.157163e-02;2.979661e-02;5.687917e-02
5.456209e-02;2.147140e-01;5.858798e-02;1.948135e-02;3.827677e-02;3.275366e-01;3.864678e-02;1.392153e-01;3.580174e-02;2.609594e-02;1.504849e-02;3.203306e-02
3.743562e-02;1.648569e-01;4.130666e-02;2.147345e-02;3.974620e-02;3.570974e-01;1.737938e-02;1.777151e-01;8.066287e-02;3.063269e-02;1.352692e-02;1.816672e-02
2.624367e-02;1.248374e-01;6.090517e-02;3.232778e-02;5.366539e-02;3.860080e-01;4.005452e-02;1.588604e-01;5.806882e-02;2.576081e-02;2.113270e-02;1.213533e-02
1.670802e-02;6.540612e-02;5.309825e-02;3.479189e-02;5.056410e-02;3.896827e-01;7.292942e-02;2.002368e-01;7.736572e-02;1.373864e-02;1.502653e-02;1.045187e-02
1.594402e-02;6.476536e-02;3.115069e-02;2.716258e-02;3.698518e-02;3.705988e-01;6.101164e-02;2.199957e-01;1.253877e-01;1.773380e-02;1.403457e-02;1.522990e-02
3.624263e-02;7.305832e-02;3.930021e-02;2.860682e-02;3.890423e-02;4.204575e-01;4.483126e-02;1.517690e-01;1.023791e-01;2.483257e-02;2.047048e-02;1.914784e-02
