1.572612e-01;4.166557e-02;4.398350e-02;4.081530e-02;6.371729e-02;5.738982e-02;8.768252e-02;1.720558e-01;3.703339e-02;5.072188e-02;2.210077e-01;2.666597e-02
8.998971e-02;5.252471e-02;4.335046e-02;1.840836e-02;6.329617e-02;7.311762e-02;1.866123e-01;1.727889e-01;2.685873e-02;5.377649e-02;2.014933e-01;1.778323e-02
2.172124e-01;1.185570e-01;4.225017e-02;2.916338e-02;5.104175e-02;8.938213e-02;2.014361e-01;7.378848e-02;1.961359e-02;4.633449e-02;6.508005e-02;4.614037e-02
1.857557e-01;1.281449e-01;2.569851e-02;1.308329e-02;2.669946e-02;5.355451e-02;2.435069e-01;1.682036e-01;2.083362e-02;1.945958e-02;8.998545e-02;2.507461e-02
1.369513e-01;1.473317e-01;1.867955e-02;9.068325e-03;1.126230e-02;4.626205e-02;2.985034e-01;2.157506e-01;1.654001e-02;1.540444e-02;7.646567e-02;7.780643e-03
8.312664e-02;1.568412e-01;1.515240e-02;1.804102e-02;1.837444e-02;4.093927e-02;3.373836e-01;2.436517e-01;1.564462e-02;1.211056e-02;5.236251e-02;6.372077e-03
4.601173e-02;1.747676e-01;1.910792e-02;1.755029e-02;1.980715e-02;3.647790e-02;3.542284e-01;2.634065e-01;1.621814e-02;9.690241e-03;3.515629e-02;7.577935e-03
4.447370e-02;1.855736e-01;1.826374e-02;7.577031e-03;2.315507e-02;3.902849e-02;3.578037e-01;2.632024e-01;1.458750e-02;1.088347e-02;2.704044e-02;8.410940e-03
1.201993e-01;1.707472e-01;1.821609e-02;1.137044e-02;2.537548e-02;4.187940e-02;3.145853e-01;2.178238e-01;1.274844e-02;1.796946e-02;3.768511e-02;1.139996e-02
1.847230e-01;1.598976e-01;2.017836e-02;2.465508e-02;3.340758e-02;4.829320e-02;2.197173e-01;1.977936e-01;1.468005e-02;3.351612e-02;4.389763e-02;1.924054e-02
1.564097e-01;8.078662e-02;1.535518e-02;4.198382e-02;2.019259e-02;5.570130e-02;2.708328e-01;1.924893e-01;2.793139e-02;3.655819e-02;7.735813e-02;2.440094e-02
1.150871e-01;4.634974e-02;2.121791e-02;3.899118e-02;3.415992e-02;4.294283e-02;3.158640e-01;2.099156e-01;4.090776e-02;3.741585e-02;6.913648e-02;2.801162e-02
6.247991e-02;6.790952e-02;2.821903e-02;4.664327e-02;4.948902e-02;4.350410e-02;2.991040e-01;2.233531e-01;6.680631e-02;4.177670e-02;3.336365e-02;3.735136e-02
4.694100e-02;6.347209e-02;3.357280e-02;4.650731e-02;5.507604e-02;6.209566e-02;2.552382e-01;2.106670e-01;8.651946e-02;3.536997e-02;5.807593e-02;4.646444e-02
7.948610e-02;9.357623e-02;5.119689e-02;5.015321e-02;6.506905e-02;9.015635e-02;1.725444e-01;2.213469e-01;6.893349e-02;1.942732e-02;4.866338e-02;3.944674e-02
1.069504e-01;1.338449e-01;4.660141e-02;5.778554e-02;8.368847e-02;9.279793e-02;1.091441e-01;1.651473e-01;6.078577e-02;2.846716e-02;9.147204e-02;2.331489e-02
1.256893e-01;1.070937e-01;4.698695e-02;6.990670e-02;6.824768e-02;5.403260e-02;7.728385e-02;1.714724e-01;8.848260e-02;4.779827e-02;1.036689e-01;3.933709e-02
1.588453e-01;8.986844e-02;3.892525e-02;4.610177e-02;4.508521e-02;2.334304e-02;9.690268e-02;1.743806e-01;6.026502e-02;4.034598e-02;1.971877e-01;2.874906e-02
1.727645e-01;1.140053e-01;2.013665e-02;1.375886e-02;2.055758e-02;7.559704e-03;1.298491e-01;1.989561e-01;1.998315e-02;2.860278e-02;2.581332e-01;1.569307e-02
1.379965e-01;9.358179e-02;1.318283e-02;1.353334e-02;1.073443e-02;1.576437e-02;1.686938e-01;2.401320e-01;1.463113e-02;2.655085e-02;2.560104e-01;9.188561e-03
7.551958e-02;6.289685e-02;1.213050e-02;1.787390e-02;8.872774e-03;2.345412e-02;2.343659e-01;3.173426e-01;2.133658e-02;2.372774e-02;1.929311e-01;9.548331e-03
5.903141e-02;6.715259e-02;1.483082e-02;2.359489e-02;1.159087e-02;2.919083e-02;2.469669e-01;4.024008e-01;2.832692e-02;1.795839e-02;8.895733e-02;9.998224e-03
5.788176e-02;4.572976e-02;2.537927e-02;1.550020e-02;1.071524e-02;4.020533e-02;3.212141e-01;3.956347e-01;1.830951e-02;2.323348e-02;3.834680e-02;7.849800e-03
4.285155e-02;2.708451e-02;3.371681e-02;1.093416e-02;1.015495e-02;3.504757e-02;3.181655e-01;4.223194e-01;1.966163e-02;2.216691e-02;4.944562e-02;8.451363e-03
2.724696e-02;4.530487e-02;4.576923e-02;1.496296e-02;1.662124e-02;5.356746e-02;2.595787e-01;4.625040e-01;2.057063e-02;2.195628e-02;1.948630e-02;1.243141e-02
2.883263e-02;4.909440e-02;5.066439e-02;2.693403e-02;2.769020e-02;8.105522e-02;2.050066e-01;4.257953e-01;3.917600e-02;2.264166e-02;3.127033e-02;1.183916e-02
3.896004e-02;3.079030e-02;3.783771e-02;4.962906e-02;4.054163e-02;8.126090e-02;1.915830e-01;3.423828e-01;6.352215e-02;2.875398e-02;8.457040e-02;1.016806e-02
4.803256e-02;2.055150e-02;2.869204e-02;8.169360e-02;5.714851e-02;4.653145e-02;1.920220e-01;3.036242e-01;9.396593e-02;4.037841e-02;8.284840e-02;4.511413e-03
5.520532e-02;2.188682e-02;3.867395e-02;1.130845e-01;5.936128e-02;2.474822e-02;1.848660e-01;2.647986e-01;1.213872e-01;4.523221e-02;6.597122e-02;4.784804e-03
5.469419e-02;1.814327e-02;5.340812e-02;1.062229e-01;3.734215e-02;2.061794e-02;1.576340e-01;3.243134e-01;1.139037e-01;4.311573e-02;6.094356e-02;9.661172e-03
5.550681e-02;4.883737e-02;5.594965e-02;6.721168e-02;1.735594e-02;1.298483e-02;1.643455e-01;3.946589e-01;7.444493e-02;3.719927e-02;6.228225e-02;9.222898e-03
6.507612e-02;8.633071e-02;3.735435e-02;2.848436e-02;7.748062e-03;2.053541e-02;2.332895e-01;3.613435e-01;3.295358e-02;3.041856e-02;8.878449e-02;7.681310e-03
8.844787e-02;1.207509e-01;2.098939e-02;1.634145e-02;9.240216e-03;3.381498e-02;2.814829e-01;2.676974e-01;1.273630e-02;2.458451e-02;1.172340e-01;6.680043e-03
9.639126e-02;1.495548e-01;1.583330e-02;1.975891e-02;1.712926e-02;4.556330e-02;3.058880e-01;1.909483e-01;1.672208e-02;2.348907e-02;1.105123e-01;8.209368e-03
1.436269e-01;8.932763e-02;3.847839e-02;2.660550e-02;2.947960e-02;4.378468e-02;2.241561e-01;2.602503e-01;3.176182e-02;2.986591e-02;6.611317e-02;1.654986e-02
1.101236e-01;5.794465e-02;3.467654e-02;3.410182e-02;2.173452e-02;3.940968e-02;2.412169e-01;3.032857e-01;2.777334e-02;2.651004e-02;9.597109e-02;7.252149e-03
1.422028e-01;1.024374e-01;3.425667e-02;3.406546e-02;3.423050e-02;3.101575e-02;2.003280e-01;2.092983e-01;3.471310e-02;5.388560e-02;1.018120e-01;2.175437e-02
1.107584e-01;9.486728e-02;5.323270e-02;4.319326e-02;6.467941e-02;7.713263e-02;1.414800e-01;1.729910e-01;4.403229e-02;4.660907e-02;1.246420e-01;2.638195e-02
1.484664e-01;7.988041e-02;5.410488e-02;4.885395e-02;7.581308e-02;8.569710e-02;1.054181e-01;1.883503e-01;4.512736e-02;4.589513e-02;7.217905e-02;5.021423e-02
1.792718e-01;1.093719e-01;3.285163e-02;3.597327e-02;4.692497e-02;5.989446e-02;1.370556e-01;2.075610e-01;2.849412e-02;3.495757e-02;8.641587e-02;4.122787e-02
1.905743e-01;1.554219e-01;2.457047e-02;1.763089e-02;2.129957e-02;3.805616e-02;1.976312e-01;1.831767e-01;1.429858e-02;2.200544e-02;1.139700e-01;2.136483e-02
1.902551e-01;1.907109e-01;2.274416e-02;1.326627e-02;1.918312e-02;4.158492e-02;2.139298e-01;1.502768e-01;1.446622e-02;1.882337e-02;1.045864e-01;2.017293e-02
2.150086e-01;2.048588e-01;2.011145e-02;1.525288e-02;1.745482e-02;5.817647e-02;1.850116e-01;1.002513e-01;1.271444e-02;1.818592e-02;1.256951e-01;2.727848e-02
2.188824e-01;1.784115e-01;1.470628e-02;1.203199e-02;2.248763e-02;7.829237e-02;1.826654e-01;9.533685e-02;1.481965e-02;1.792756e-02;1.383969e-01;2.604147e-02
2.520727e-01;1.565613e-01;1.558836e-02;1.496355e-02;2.416489e-02;7.452262e-02;2.222439e-01;8.278117e-02;1.458516e-02;2.378809e-02;1.017807e-01;1.694766e-02
3.539250e-01;1.187199e-01;1.094668e-02;1.922460e-02;2.110076e-02;8.614972e-02;2.237711e-01;6.151338e-02;1.231096e-02;3.068803e-02;4.530613e-02;1.634378e-02
4.023865e-01;8.806714e-02;9.325978e-03;1.327263e-02;1.635259e-02;9.394793e-02;2.323262e-01;5.274507e-02;1.332009e-02;2.759167e-02;3.443830e-02;1.622594e-02
3.832733e-01;9.023554e-02;8.390020e-03;1.181760e-02;1.597377e-02;8.826302e-02;2.473272e-01;7.240585e-02;1.186274e-02;1.768317e-02;3.490432e-02;1.786344e-02
2.887684e-01;4.994898e-02;8.353855e-03;1.193456e-02;1.998297e-02;8.023785e-02;2.700310e-01;1.282521e-01;1.588822e-02;1.349102e-02;9.657862e-02;1.653238e-02
1.897180e-01;5.266111e-02;1.500009e-02;1.729688e-02;2.530451e-02;7.552037e-02;2.545095e-01;1.460526e-01;2.501762e-02;1.414108e-02;1.678029e-01;1.697537e-02
2.320981e-01;6.341658e-02;2.264527e-02;3.009287e-02;3.054662e-02;7.350988e-02;1.620092e-01;9.901616e-02;2.996730e-02;1.813336e-02;2.112068e-01;2.735786e-02
3.306594e-01;4.227839e-02;2.058327e-02;3.211033e-02;4.157735e-02;7.470068e-02;1.831754e-01;6.585274e-02;2.174344e-02;2.281058e-02;1.272995e-01;3.720892e-02
1.690091e-01;7.414354e-02;2.230349e-02;2.381007e-02;4.251163e-02;6.714691e-02;2.011599e-01;8.730353e-02;1.225208e-02;2.617362e-02;2.442708e-01;2.991529e-02
1.532470e-01;5.080598e-02;2.725214e-02;2.706867e-02;3.748556e-02;2.991000e-02;2.008209e-01;7.911953e-02;2.193443e-02;1.913113e-02;3.380128e-01;1.521195e-02
2.175274e-01;6.706411e-02;2.697825e-02;2.972106e-02;4.620365e-02;3.579016e-02;1.993142e-01;5.451393e-02;2.816461e-02;1.347227e-02;2.651177e-01;1.613270e-02
2.460680e-01;6.608031e-02;2.807529e-02;2.309665e-02;5.290873e-02;7.732154e-02;2.366854e-01;5.791678e-02;3.804883e-02;1.155869e-02;1.348083e-01;2.743149e-02
2.436236e-01;6.299435e-02;1.488627e-02;1.612394e-02;3.741828e-02;9.214799e-02;2.859815e-01;1.074030e-01;2.975431e-02;1.463410e-02;7.811184e-02;1.692083e-02
1.617789e-01;1.062317e-01;7.506836e-03;1.924658e-02;2.697643e-02;1.036501e-01;3.314953e-01;1.336046e-01;1.874308e-02;1.721046e-02;6.518984e-02;8.366178e-03
2.162319e-01;1.453690e-01;6.701324e-03;1.772794e-02;2.296826e-02;1.024563e-01;3.009008e-01;1.098649e-01;1.295384e-02;1.578890e-02;4.201059e-02;7.026217e-03
3.024572e-01;1.658554e-01;1.254697e-02;1.268540e-02;2.140753e-02;9.929986e-02;2.464984e-01;7.336885e-02;1.336628e-02;1.534464e-02;2.750727e-02;9.662244e-03
3.290465e-01;1.315163e-01;2.677397e-02;1.556591e-02;2.857123e-02;9.266228e-02;2.057902e-01;4.115845e-02;1.486527e-02;1.176295e-02;8.457823e-02;1.770867e-02
2.436149e-01;6.918347e-02;3.832784e-02;2.271112e-02;4.061282e-02;8.223728e-02;2.102438e-01;5.129644e-02;1.884503e-02;1.676240e-02;1.780295e-01;2.813552e-02
1.944186e-01;7.910277e-02;2.775806e-02;2.087893e-02;3.336586e-02;7.084125e-02;2.165212e-01;9.997269e-02;1.838676e-02;2.270775e-02;1.890859e-01;2.696021e-02
2.315382e-01;1.397109e-01;3.118987e-02;2.411248e-02;2.310129e-02;6.056637e-02;1.991781e-01;1.345006e-01;3.005115e-02;4.635905e-02;5.984481e-02;1.984723e-02
1.367332e-01;1.877189e-01;4.447763e-02;1.493733e-02;2.828863e-02;8.618870e-02;1.129718e-01;1.100387e-01;2.888593e-02;5.129789e-02;1.751924e-01;2.326895e-02
2.080481e-01;1.608216e-01;5.005614e-02;1.724507e-02;5.919136e-02;1.111980e-01;1.562838e-01;8.143502e-02;3.296690e-02;3.178266e-02;5.569091e-02;3.528051e-02
1.922853e-01;8.384669e-02;7.035644e-02;2.261448e-02;8.215881e-02;1.138968e-01;1.423226e-01;4.707497e-02;4.660405e-02;2.512716e-02;1.202925e-01;5.342021e-02
1.227985e-01;5.236187e-02;7.650788e-02;3.865919e-02;8.212315e-02;9.988108e-02;1.783056e-01;6.092989e-02;5.197587e-02;3.029275e-02;1.250315e-01;8.113273e-02
1.240699e-01;6.976862e-02;6.192886e-02;3.646483e-02;8.256952e-02;8.851627e-02;1.948081e-01;4.651196e-02;4.798172e-02;2.557337e-02;1.228718e-01;9.893505e-02
1.421743e-01;8.884034e-02;4.222773e-02;3.392465e-02;6.443418e-02;8.610210e-02;1.975502e-01;5.546884e-02;3.332241e-02;2.138784e-02;1.736684e-01;6.089901e-02
1.132240e-01;1.057839e-01;3.694190e-02;2.282512e-02;5.588165e-02;7.794973e-02;2.192698e-01;4.272935e-02;2.319704e-02;2.167936e-02;2.378253e-01;4.269286e-02
4.438452e-02;1.267574e-01;4.550390e-02;2.663627e-02;6.499393e-02;7.578991e-02;2.391939e-01;9.196109e-02;2.178583e-02;1.982619e-02;1.412942e-01;1.018728e-01
1.589689e-01;1.154960e-01;5.204862e-02;4.422377e-02;6.475036e-02;5.840759e-02;1.274358e-01;8.024931e-02;1.790149e-02;1.954344e-02;1.224103e-01;1.385642e-01
1.863329e-01;9.868118e-02;3.890183e-02;6.713674e-02;6.563275e-02;5.423499e-02;6.922936e-02;4.282115e-02;1.542137e-02;1.913690e-02;2.214620e-01;1.210088e-01
1.298270e-01;7.398866e-02;2.522295e-02;6.147508e-02;5.736388e-02;1.450797e-01;1.415731e-01;8.884943e-02;6.807597e-02;4.361349e-02;1.075368e-01;5.739385e-02
1.017172e-01;5.267948e-02;2.544233e-02;6.183689e-02;4.743124e-02;1.832981e-01;1.587188e-01;9.318963e-02;1.065065e-01;5.132847e-02;7.771261e-02;4.013871e-02
9.562597e-02;5.101823e-02;4.094699e-02;7.065593e-02;4.106733e-02;1.751617e-01;1.485263e-01;6.952734e-02;1.202383e-01;5.129487e-02;1.068006e-01;2.913645e-02
1.056631e-01;8.571260e-02;5.805647e-02;7.201012e-02;3.993342e-02;1.196998e-01;1.386967e-01;7.415332e-02;9.973024e-02;5.161446e-02;1.293001e-01;2.542959e-02
1.138775e-01;1.164812e-01;4.586942e-02;7.258406e-02;2.935157e-02;7.484835e-02;1.889195e-01;1.046421e-01;5.994448e-02;3.505518e-02;1.395896e-01;1.883703e-02
1.229004e-01;8.201807e-02;3.144173e-02;6.555759e-02;3.287281e-02;5.970713e-02;2.307884e-01;1.688918e-01;4.043004e-02;3.282449e-02;1.114876e-01;2.107996e-02
1.160089e-01;4.652418e-02;2.855657e-02;7.220247e-02;3.524434e-02;9.904388e-02;2.809870e-01;1.760814e-01;2.932343e-02;3.518414e-02;5.704633e-02;2.379736e-02
1.905612e-01;6.182047e-02;2.914392e-02;4.513782e-02;4.505719e-02;1.285001e-01;2.877839e-01;1.101020e-01;1.568131e-02;2.796121e-02;4.230577e-02;1.594515e-02
2.564480e-01;8.002117e-02;3.230378e-02;2.041570e-02;6.788915e-02;1.027466e-01;2.409125e-01;7.821074e-02;2.494391e-02;1.381211e-02;6.217346e-02;2.012288e-02
2.395024e-01;5.189715e-02;3.941838e-02;2.284771e-02;1.192817e-01;8.896890e-02;2.097167e-01;2.845590e-02;3.058550e-02;1.029317e-02;1.250787e-01;3.395387e-02
1.299917e-01;4.300219e-02;3.718014e-02;2.998367e-02;1.355175e-01;7.537528e-02;2.003146e-01;3.711118e-02;2.914628e-02;1.117304e-02;2.302666e-01;4.093781e-02
9.522372e-02;5.929544e-02;3.642780e-02;3.478929e-02;7.615259e-02;5.806574e-02;1.315926e-01;7.337841e-02;1.718484e-02;1.727643e-02;3.687662e-01;3.184694e-02
1.126305e-01;7.469691e-02;3.050120e-02;5.323042e-02;5.034507e-02;3.085541e-02;1.297729e-01;1.182332e-01;3.012953e-02;2.740837e-02;3.173977e-01;2.479884e-02
5.539720e-02;5.684279e-02;2.903536e-02;5.613691e-02;4.699191e-02;2.382004e-02;1.517542e-01;2.261039e-01;5.117914e-02;2.948006e-02;2.452912e-01;2.796737e-02
5.808682e-02;5.588892e-02;2.834289e-02;6.103193e-02;2.615093e-02;4.563808e-02;1.029195e-01;2.798925e-01;4.538494e-02;3.069644e-02;2.423672e-01;2.359990e-02
8.481034e-02;8.204068e-02;3.633675e-02;6.846635e-02;3.310160e-02;4.741651e-02;9.593367e-02;2.804268e-01;3.023238e-02;2.526091e-02;2.007135e-01;1.526048e-02
9.104170e-02;1.674648e-01;5.538504e-02;6.500103e-02;2.925903e-02;4.500696e-02;1.666490e-01;2.328108e-01;2.094703e-02;2.145706e-02;8.799842e-02;1.697909e-02
1.093627e-01;1.941758e-01;5.434320e-02;3.792095e-02;1.070540e-02;2.938745e-02;1.413626e-01;1.424376e-01;2.088181e-02;2.524923e-02;2.193823e-01;1.479091e-02
1.238098e-01;1.812787e-01;5.778440e-02;2.108357e-02;2.339964e-02;4.300050e-02;1.350055e-01;1.297937e-01;1.551479e-02;2.070775e-02;2.278627e-01;2.075894e-02
1.195565e-01;1.760111e-01;7.917266e-02;3.616076e-02;3.853467e-02;6.494369e-02;1.282750e-01;1.410074e-01;1.926192e-02;3.259785e-02;1.347187e-01;2.975966e-02
9.950501e-02;1.649106e-01;8.183854e-02;4.749076e-02;6.040286e-02;4.751278e-02;1.383954e-01;1.576813e-01;2.792788e-02;3.559555e-02;1.130657e-01;2.567359e-02
8.495247e-02;1.674045e-01;8.670014e-02;6.417689e-02;6.792232e-02;3.989640e-02;1.127075e-01;1.197570e-01;5.286967e-02;3.483468e-02;1.493921e-01;1.938636e-02
1.075234e-01;1.700801e-01;8.905741e-02;6.051112e-02;3.659397e-02;2.211547e-02;1.323006e-01;1.397268e-01;5.965280e-02;3.553752e-02;1.182818e-01;2.861894e-02
1.097637e-01;9.264696e-02;1.138012e-01;7.485294e-02;7.039394e-02;5.242860e-02;1.250796e-01;1.268097e-01;5.544630e-02;5.306285e-02;6.315414e-02;6.256007e-02
8.042974e-02;9.934702e-02;1.169325e-01;5.250241e-02;7.187555e-02;5.559764e-02;1.276849e-01;1.235914e-01;4.623906e-02;5.903947e-02;9.436814e-02;7.239214e-02
1.085180e-01;1.402098e-01;1.120279e-01;4.605338e-02;3.599154e-02;6.779233e-02;1.069489e-01;1.404437e-01;5.009671e-02;6.852672e-02;7.403722e-02;4.935383e-02
1.207889e-01;1.386442e-01;7.724129e-02;7.436017e-02;3.019203e-02;7.159760e-02;1.015283e-01;1.270904e-01;3.769008e-02;5.494842e-02;1.303461e-01;3.557236e-02
1.318845e-01;1.252475e-01;6.522636e-02;6.398827e-02;3.891056e-02;3.814612e-02;1.016337e-01;1.074125e-01;3.223481e-02;5.103200e-02;2.076509e-01;3.663290e-02
1.252454e-01;8.639730e-02;7.888521e-02;6.114427e-02;5.689168e-02;3.641565e-02;1.588361e-01;1.168092e-01;2.792878e-02;4.189588e-02;1.780580e-01;3.149257e-02
1.472424e-01;1.405310e-01;6.136997e-02;8.564993e-02;6.528254e-02;7.018885e-02;1.973784e-01;9.355246e-02;3.007493e-02;3.523633e-02;4.492719e-02;2.856602e-02
9.612256e-02;9.102134e-02;3.622387e-02;7.972112e-02;4.448480e-02;7.222695e-02;1.437618e-01;1.171518e-01;2.512691e-02;4.112037e-02;2.146413e-01;3.839710e-02
7.750014e-02;5.339751e-02;1.917998e-02;8.199045e-02;2.881519e-02;6.922111e-02;1.183647e-01;1.666439e-01;3.211748e-02;6.946063e-02;2.259804e-01;5.732856e-02
8.951630e-02;6.285701e-02;1.166211e-02;6.758947e-02;2.028616e-02;5.017804e-02;1.297077e-01;1.747365e-01;6.107801e-02;7.492410e-02;1.763111e-01;8.115355e-02
1.081477e-01;8.409944e-02;1.833250e-02;5.398112e-02;2.446508e-02;3.149627e-02;1.346566e-01;1.710061e-01;7.350748e-02;6.955291e-02;1.281650e-01;1.025898e-01
1.236387e-01;9.022025e-02;1.733074e-02;2.904798e-02;2.708870e-02;3.089062e-02;1.297972e-01;1.670429e-01;4.817141e-02;4.275598e-02;1.960251e-01;9.799052e-02
1.250270e-01;9.847150e-02;2.249942e-02;3.705648e-02;2.733557e-02;5.417030e-02;2.474928e-01;1.916550e-01;2.030200e-02;2.257661e-02;1.412062e-01;1.220706e-02
1.799939e-01;9.378874e-02;2.386164e-02;5.141251e-02;2.915975e-02;5.680649e-02;2.676090e-01;1.570414e-01;1.445376e-02;2.023403e-02;8.918281e-02;1.645595e-02
2.616016e-01;7.693449e-02;3.042686e-02;5.186605e-02;4.525668e-02;6.998740e-02;1.963918e-01;8.235424e-02;1.555075e-02;1.257086e-02;1.347089e-01;2.235034e-02
3.464618e-01;3.504701e-02;3.529321e-02;3.394106e-02;8.703413e-02;1.044796e-01;1.276523e-01;2.909620e-02;2.124166e-02;5.508460e-03;1.434827e-01;3.076200e-02
3.404123e-01;2.228773e-02;2.416815e-02;1.058439e-02;9.192428e-02;1.079153e-01;1.419691e-01;5.211287e-02;2.455801e-02;4.074488e-03;1.473480e-01;3.264541e-02
3.316422e-01;1.013556e-02;1.947803e-02;1.778986e-02;7.444178e-02;9.020144e-02;1.507966e-01;6.987084e-02;3.334683e-02;1.209377e-02;1.667621e-01;2.344096e-02
2.810427e-01;2.666024e-02;2.860956e-02;1.721304e-02;6.435311e-02;1.098754e-01;2.369531e-01;6.381834e-02;2.932850e-02;1.914303e-02;1.051134e-01;1.788954e-02
2.047895e-01;3.988821e-02;2.065494e-02;2.833505e-02;4.598850e-02;1.314691e-01;3.417920e-01;7.409151e-02;1.282125e-02;2.284587e-02;6.607387e-02;1.125020e-02
1.686139e-01;4.593565e-02;1.105118e-02;2.477096e-02;2.475141e-02;1.034916e-01;4.051827e-01;1.238897e-01;9.333130e-03;1.786168e-02;5.781963e-02;7.298474e-03
1.395295e-01;4.181126e-02;7.402088e-03;1.218979e-02;1.358104e-02;7.562994e-02;4.441256e-01;2.069729e-01;9.700001e-03;1.215496e-02;3.186106e-02;5.041872e-03
7.819412e-02;5.901405e-02;8.008847e-03;1.043720e-02;1.354661e-02;5.471329e-02;4.510921e-01;2.871964e-01;8.584827e-03;9.496763e-03;1.705704e-02;2.658761e-03
2.552969e-02;7.363582e-02;1.046538e-02;1.294400e-02;1.045452e-02;4.457381e-02;4.507319e-01;3.286045e-01;1.106841e-02;1.008689e-02;1.899658e-02;2.908480e-03
1.931911e-02;9.818928e-02;1.258534e-02;9.464159e-03;1.367858e-02;4.387772e-02;4.386940e-01;2.808779e-01;1.321133e-02;1.216694e-02;5.063589e-02;7.299718e-03
5.632370e-02;1.530072e-01;1.644528e-02;8.693275e-03;1.991114e-02;4.443214e-02;4.070231e-01;2.226507e-01;1.349268e-02;1.644979e-02;3.079827e-02;1.077267e-02
5.010048e-02;1.845870e-01;2.872706e-02;1.679940e-02;2.470917e-02;4.194842e-02;3.174811e-01;2.289159e-01;2.940552e-02;2.419292e-02;4.006046e-02;1.307264e-02
5.445010e-02;1.449357e-01;2.820972e-02;1.639308e-02;2.116201e-02;4.775216e-02;3.723551e-01;2.063479e-01;4.066468e-02;2.352942e-02;3.579533e-02;8.404793e-03
6.031124e-02;1.238358e-01;2.169455e-02;1.510948e-02;2.188389e-02;4.627507e-02;3.797714e-01;2.104877e-01;3.839915e-02;2.090300e-02;5.222319e-02;9.105401e-03
5.798386e-02;1.081044e-01;1.751493e-02;3.417796e-02;2.813368e-02;4.923229e-02;3.623931e-01;2.144810e-01;3.013764e-02;2.336522e-02;6.226127e-02;1.221460e-02
5.676629e-02;9.597427e-02;1.583055e-02;6.174978e-02;4.904123e-02;5.524894e-02;3.159342e-01;2.065545e-01;3.737361e-02;3.513845e-02;5.196391e-02;1.842426e-02
8.144615e-02;8.300786e-02;3.361151e-02;6.136294e-02;4.317876e-02;4.884583e-02;2.622969e-01;2.083502e-01;5.338235e-02;4.625594e-02;3.821191e-02;4.004963e-02
9.126043e-02;6.648578e-02;3.916882e-02;4.329874e-02;3.223805e-02;4.109889e-02;2.422473e-01;1.660619e-01;5.884533e-02;4.139001e-02;1.221203e-01;5.578449e-02
1.019710e-01;6.866179e-02;3.245793e-02;3.567739e-02;2.310191e-02;2.652126e-02;2.281338e-01;2.194408e-01;3.953031e-02;3.912319e-02;1.430292e-01;4.235132e-02
6.420382e-02;5.403731e-02;2.133135e-02;2.348093e-02;2.203256e-02;3.367560e-02;2.907294e-01;3.296419e-01;2.361332e-02;3.078509e-02;7.679705e-02;2.967169e-02
2.950929e-02;5.224532e-02;1.976577e-02;1.349973e-02;1.802030e-02;3.646865e-02;3.636006e-01;3.551942e-01;2.165651e-02;1.998142e-02;4.509741e-02;2.496089e-02
3.605438e-02;9.781511e-02;1.480597e-02;1.079541e-02;2.023819e-02;3.881354e-02;3.992285e-01;2.930260e-01;1.842411e-02;2.007236e-02;3.233336e-02;1.839305e-02
8.678959e-02;1.258980e-01;1.331492e-02;1.606826e-02;1.838421e-02;3.980399e-02;3.677138e-01;2.278470e-01;1.515921e-02;2.280389e-02;5.236143e-02;1.385576e-02
1.168207e-01;1.409843e-01;1.724381e-02;2.434407e-02;1.746442e-02;4.738454e-02;2.719165e-01;2.083600e-01;1.492571e-02;2.725262e-02;9.453344e-02;1.876994e-02
1.007031e-01;1.452284e-01;1.778532e-02;3.718954e-02;4.329108e-02;6.490778e-02;1.609842e-01;2.113419e-01;1.628235e-02;3.999155e-02;1.281045e-01;3.419041e-02
7.430542e-02;1.171146e-01;3.891156e-02;5.822837e-02;3.315473e-02;7.028729e-02;2.728012e-01;1.593013e-01;1.796998e-02;4.513234e-02;8.221746e-02;3.057574e-02
1.041965e-01;7.773557e-02;3.892897e-02;7.052247e-02;4.927672e-02;7.917783e-02;2.142517e-01;1.556043e-01;3.139026e-02;3.269375e-02;8.562170e-02;6.060023e-02
1.070361e-01;6.800554e-02;4.399567e-02;6.655904e-02;4.124968e-02;7.320247e-02;1.817666e-01;1.502865e-01;3.083171e-02;3.354640e-02;1.108247e-01;9.269559e-02
1.073101e-01;8.244241e-02;4.845483e-02;6.830165e-02;2.606861e-02;5.912558e-02;1.686590e-01;1.131561e-01;2.981550e-02;4.883481e-02;1.417878e-01;1.060437e-01
1.016926e-01;6.311130e-02;4.928998e-02;6.416450e-02;4.916153e-02;5.824347e-02;1.593960e-01;1.318507e-01;4.573887e-02;6.094536e-02;1.231221e-01;9.328350e-02
1.330983e-01;5.319607e-02;4.683903e-02;4.642151e-02;7.692066e-02;6.792548e-02;1.547505e-01;1.275263e-01;5.428200e-02;6.810185e-02;9.562113e-02;7.531720e-02
1.762869e-01;1.207593e-01;3.047252e-02;2.968985e-02;6.215712e-02;6.949962e-02;1.326354e-01;1.299589e-01;3.811244e-02;5.422701e-02;1.298179e-01;2.638308e-02
1.696693e-01;1.602968e-01;2.815687e-02;3.537530e-02;4.933725e-02;5.752759e-02;1.389976e-01;1.269434e-01;1.778139e-02;3.705513e-02;1.411676e-01;3.769192e-02
1.806757e-01;8.847033e-02;3.060729e-02;1.639328e-02;4.184727e-02;6.255237e-02;2.491497e-01;1.379381e-01;1.188755e-02;1.762931e-02;1.465245e-01;1.632462e-02
1.899470e-01;8.874796e-02;2.337595e-02;2.008672e-02;3.426721e-02;7.576612e-02;3.054112e-01;1.446206e-01;1.390827e-02;1.978767e-02;7.255085e-02;1.153049e-02
2.003489e-01;5.852285e-02;2.275602e-02;2.320128e-02;5.015854e-02;8.902579e-02;2.809037e-01;9.598197e-02;2.999468e-02;2.049202e-02;1.065414e-01;2.207296e-02
1.618820e-01;2.611289e-02;3.076077e-02;3.151665e-02;8.526405e-02;1.052876e-01;2.479914e-01;5.052725e-02;4.609453e-02;1.740433e-02;1.580187e-01;3.913976e-02
4.775659e-02;5.920605e-02;4.160642e-02;3.479367e-02;7.791682e-02;9.338319e-02;1.865221e-01;9.270148e-02;3.912738e-02;1.906874e-02;2.792089e-01;2.870866e-02
5.620204e-02;6.459364e-02;4.698038e-02;3.170630e-02;4.382335e-02;6.202436e-02;1.014128e-01;1.142445e-01;2.490450e-02;2.524739e-02;4.217336e-01;7.127137e-03
6.583222e-02;8.788612e-02;4.570561e-02;2.474617e-02;3.469247e-02;4.920742e-02;6.648606e-02;9.839269e-02;1.763017e-02;2.729067e-02;4.664710e-01;1.565941e-02
7.581904e-02;1.393355e-01;5.108950e-02;2.993742e-02;3.312668e-02;3.398164e-02;8.564739e-02;7.360286e-02;1.516262e-02;3.683783e-02;4.066308e-01;1.882863e-02
1.060909e-01;1.930859e-01;5.991548e-02;3.504693e-02;2.890181e-02;2.687704e-02;7.689813e-02;6.361772e-02;1.424635e-02;4.727571e-02;3.347719e-01;1.327212e-02
1.021734e-01;2.138263e-01;7.231091e-02;3.727812e-02;1.607559e-02;2.282711e-02;6.201139e-02;5.390135e-02;1.913342e-02;4.747341e-02;3.387716e-01;1.421748e-02
8.810748e-02;1.928099e-01;7.765511e-02;6.098121e-02;3.633305e-02;3.112107e-02;1.179765e-01;4.629016e-02;2.290224e-02;4.016654e-02;2.742576e-01;1.139920e-02
7.678749e-02;1.338230e-01;6.591189e-02;7.533713e-02;5.414766e-02;2.750531e-02;1.171782e-01;8.099207e-02;2.351647e-02;3.358401e-02;2.924742e-01;1.874260e-02
9.396821e-02;7.821640e-02;6.825717e-02;5.990722e-02;5.165166e-02;2.152222e-02;9.337877e-02;1.027197e-01;2.079177e-02;3.263705e-02;3.606964e-01;1.625342e-02
9.739991e-02;9.841543e-02;7.289607e-02;4.246639e-02;3.694065e-02;4.582326e-02;8.383662e-02;8.262660e-02;1.416477e-02;3.067662e-02;3.878980e-01;6.855698e-03
6.128610e-02;1.558386e-01;7.105969e-02;3.960278e-02;1.978820e-02;4.370696e-02;8.123040e-02;7.682262e-02;1.474380e-02;3.728282e-02;3.909603e-01;7.677705e-03
8.163404e-02;1.692689e-01;6.687038e-02;2.837260e-02;2.566639e-02;2.232604e-02;1.045689e-01;6.740198e-02;2.537292e-02;4.616995e-02;3.552336e-01;7.114294e-03
1.021478e-01;1.598931e-01;5.404756e-02;2.526035e-02;2.750584e-02;4.584111e-02;1.117073e-01;1.186311e-01;3.948765e-02;4.913926e-02;2.485803e-01;1.775859e-02
1.220351e-01;1.139631e-01;5.633460e-02;4.702847e-02;3.579325e-02;8.026861e-02;9.398981e-02;1.290769e-01;7.394318e-02;6.345900e-02;1.410248e-01;4.308324e-02
1.336453e-01;6.774953e-02;6.833905e-02;6.072984e-02;4.095846e-02;5.442611e-02;1.254413e-01;1.386663e-01;9.893960e-02;6.564931e-02;8.713612e-02;5.831918e-02
1.288072e-01;5.415600e-02;6.321624e-02;5.877518e-02;5.801480e-02;5.757063e-02;1.256329e-01;1.603420e-01;1.496563e-01;5.431431e-02;4.799798e-02;4.151640e-02
1.182453e-01;2.950742e-02;4.649457e-02;4.223629e-02;5.984395e-02;9.016090e-02;1.188594e-01;1.549499e-01;1.314467e-01;8.563453e-02;7.736785e-02;4.525316e-02
9.066148e-02;4.593136e-02;7.012250e-02;5.378528e-02;5.519932e-02;6.245128e-02;1.013102e-01;1.328145e-01;7.167281e-02;7.409305e-02;1.427880e-01;9.917018e-02
9.623400e-02;5.411115e-02;6.878232e-02;7.044870e-02;5.623070e-02;4.198364e-02;1.215260e-01;1.340618e-01;4.973256e-02;5.702937e-02;1.233554e-01;1.265043e-01
1.074887e-01;8.562466e-02;6.891541e-02;6.586986e-02;3.714929e-02;5.688972e-02;9.876919e-02;1.153017e-01;8.575204e-02;5.768093e-02;8.462980e-02;1.359287e-01
7.835685e-02;7.122324e-02;6.508783e-02;6.748067e-02;2.447373e-02;5.131810e-02;1.136670e-01;1.502116e-01;1.367566e-01;5.518944e-02;1.176016e-01;6.863336e-02
9.268872e-02;3.965547e-02;3.801496e-02;6.737407e-02;6.666084e-02;5.576885e-02;1.325071e-01;1.602220e-01;1.628345e-01;5.580693e-02;9.550362e-02;3.296303e-02
1.117319e-01;5.440108e-02;3.228016e-02;6.018225e-02;9.126505e-02;5.910862e-02;9.579029e-02;1.121372e-01;1.768154e-01;6.625527e-02;8.830561e-02;5.172716e-02
1.221197e-01;5.255076e-02;4.396029e-02;3.527415e-02;7.556665e-02;5.586707e-02;8.798535e-02;1.324835e-01;1.577394e-01;5.338670e-02;1.225635e-01;6.050300e-02
1.067149e-01;6.839474e-02;4.523478e-02;6.411263e-02;6.994556e-02;4.544893e-02;9.294037e-02;1.424427e-01;1.148671e-01;3.799734e-02;1.692891e-01;4.261184e-02
8.987787e-02;9.276246e-02;6.276578e-02;9.099665e-02;6.640812e-02;4.732872e-02;1.317074e-01;9.058942e-02;7.982837e-02;4.066796e-02;1.739938e-01;3.307335e-02
1.618588e-01;1.073040e-01;5.066795e-02;5.410566e-02;3.293804e-02;6.350276e-02;2.804570e-01;1.264906e-01;4.850971e-02;2.367978e-02;2.621218e-02;2.427356e-02
2.020086e-01;1.158774e-01;2.640123e-02;1.932174e-02;1.408524e-02;4.205436e-02;2.592426e-01;1.598430e-01;4.082200e-02;1.942961e-02;8.852740e-02;1.238685e-02
1.991918e-01;1.321149e-01;2.484014e-02;1.361014e-02;1.288039e-02;4.215933e-02;2.586692e-01;1.626441e-01;4.423986e-02;1.519198e-02;8.858109e-02;5.877035e-03
1.897671e-01;1.769351e-01;2.455404e-02;1.265336e-02;9.756340e-03;4.729522e-02;2.876318e-01;1.472371e-01;4.142419e-02;9.317374e-03;5.040186e-02;3.026583e-03
1.816860e-01;2.409018e-01;2.410026e-02;1.015260e-02;7.617893e-03;4.927282e-02;2.979587e-01;1.209851e-01;3.058367e-02;6.019433e-03;2.585313e-02;4.868560e-03
1.539150e-01;2.968169e-01;3.082967e-02;7.653570e-03;1.038305e-02;4.363361e-02;2.874258e-01;1.267706e-01;1.955474e-02;7.468211e-03;1.201933e-02;3.529557e-03
1.042202e-01;3.171130e-01;3.472556e-02;7.079590e-03;1.283425e-02;3.180359e-02;2.830010e-01;1.675531e-01;1.440082e-02;7.824168e-03;1.580370e-02;3.640994e-03
4.951086e-02;2.760226e-01;4.626548e-02;1.165007e-02;1.193512e-02;2.064346e-02;2.666478e-01;2.545709e-01;2.852456e-02;8.476820e-03;1.764440e-02;8.107952e-03
3.277069e-02;1.783702e-01;7.108659e-02;1.409093e-02;7.205548e-03;1.713827e-02;2.489871e-01;3.405711e-01;5.270870e-02;1.225539e-02;1.329797e-02;1.151753e-02
4.750315e-02;6.393306e-02;6.928648e-02;2.066603e-02;8.038651e-03;2.831769e-02;2.729088e-01;3.919550e-01;4.646994e-02;1.215419e-02;2.546949e-02;1.329752e-02
5.197462e-02;2.413791e-02;4.916974e-02;2.940153e-02;1.494106e-02;4.076656e-02;3.125173e-01;3.919377e-01;3.483541e-02;1.663868e-02;2.427791e-02;9.401533e-03
5.462218e-02;7.870018e-02;5.084371e-02;2.972932e-02;2.111806e-02;4.432677e-02;3.127913e-01;3.090767e-01;4.202037e-02;2.440810e-02;2.568401e-02;6.679243e-03
9.252670e-02;1.172262e-01;5.938222e-02;3.297988e-02;2.611227e-02;4.607585e-02;2.632699e-01;1.578334e-01;6.297069e-02;5.089683e-02;8.175053e-02;8.975607e-03
1.647619e-01;7.360293e-02;5.434505e-02;4.248413e-02;2.310817e-02;3.391297e-02;2.047467e-01;9.911758e-02;6.767957e-02;7.870872e-02;1.420854e-01;1.544688e-02
