6.568090e-02;7.151056e-02;1.087001e-01;5.794570e-02;6.998490e-02;7.211065e-02;1.064100e-01;8.558001e-02;1.117245e-01;1.295906e-01;6.849148e-02;5.227059e-02
8.295446e-02;7.396954e-02;1.219260e-01;4.871682e-02;5.591638e-02;7.270932e-02;1.282966e-01;7.826245e-02;1.106551e-01;1.125771e-01;6.796754e-02;4.604868e-02
9.295509e-02;8.045121e-02;9.046185e-02;4.907942e-02;5.593616e-02;7.298966e-02;1.163220e-01;9.993534e-02;1.175313e-01;1.085780e-01;5.800125e-02;5.775876e-02
8.702980e-02;5.098504e-02;6.111395e-02;4.813822e-02;7.769262e-02;5.711932e-02;1.257896e-01;1.267023e-01;1.131366e-01;1.082798e-01;6.485488e-02;7.915796e-02
6.680834e-02;6.911433e-02;1.064875e-01;4.351365e-02;7.678138e-02;6.937761e-02;1.137713e-01;1.060115e-01;1.108276e-01;1.015291e-01;7.212427e-02;6.365348e-02
4.945195e-02;8.870354e-02;5.974884e-02;7.200097e-02;6.857855e-02;7.164808e-02;1.308307e-01;9.019826e-02;1.579345e-01;1.039952e-01;6.570777e-02;4.120163e-02
5.164033e-02;7.795960e-02;8.436628e-02;7.846048e-02;9.026847e-02;5.862652e-02;1.049550e-01;1.117851e-01;1.444647e-01;9.336206e-02;5.562050e-02;4.849100e-02
5.665422e-02;9.177263e-02;1.307374e-01;6.617858e-02;1.047483e-01;6.665857e-02;8.925192e-02;9.792218e-02;8.761556e-02;9.846318e-02;5.176796e-02;5.822947e-02
3.832614e-02;9.764621e-02;1.435744e-01;7.508929e-02;9.569006e-02;8.449267e-02;7.527064e-02;1.034126e-01;4.941552e-02;1.075103e-01;5.857360e-02;7.099854e-02
5.215414e-02;1.001711e-01;2.938419e-01;5.625551e-02;6.501725e-02;4.081075e-02;9.234773e-02;7.738709e-02;3.921532e-02;6.736493e-02;5.939569e-02;5.603864e-02
8.982673e-02;1.219786e-01;3.659475e-01;3.833803e-02;4.851555e-02;3.586759e-02;8.088242e-02;2.928269e-02;6.815117e-02;4.803294e-02;4.104860e-02;3.212815e-02
1.318522e-01;1.804055e-01;3.278437e-01;3.150625e-02;3.529649e-02;3.579727e-02;5.304213e-02;3.329210e-02;8.766766e-02;3.645704e-02;2.837201e-02;1.846762e-02
1.747206e-01;2.531587e-01;2.724019e-01;2.224622e-02;1.828809e-02;4.262150e-02;1.874539e-02;3.092651e-02;1.135968e-01;2.296308e-02;1.280444e-02;1.752662e-02
1.486741e-01;2.947201e-01;2.677909e-01;1.912212e-02;1.513074e-02;5.737237e-02;1.400042e-02;9.932222e-03;1.352453e-01;1.465436e-02;7.635091e-03;1.572224e-02
1.189538e-01;3.005754e-01;2.617580e-01;1.145439e-02;1.337287e-02;8.372921e-02;1.064405e-02;1.710615e-02;1.559602e-01;1.033958e-02;7.301543e-03;8.804841e-03
9.318482e-02;2.838046e-01;2.695321e-01;1.279572e-02;1.241748e-02;1.119908e-01;8.096600e-03;1.316931e-02;1.706427e-01;8.355542e-03;6.445701e-03;9.564638e-03
5.430017e-02;2.625892e-01;3.084127e-01;1.368469e-02;1.008770e-02;1.101976e-01;1.317738e-02;5.977951e-03;1.892882e-01;1.678773e-02;6.385920e-03;9.110768e-03
4.019760e-02;2.231953e-01;3.887914e-01;1.414142e-02;7.778490e-03;7.871695e-02;1.424257e-02;6.120646e-03;1.762695e-01;3.700052e-02;3.442551e-03;1.010307e-02
2.890998e-02;1.806097e-01;4.603049e-01;1.355277e-02;7.842441e-03;4.451891e-02;1.101289e-02;1.202311e-02;1.414051e-01;8.465846e-02;4.447520e-03;1.071424e-02
1.905162e-02;1.402258e-01;5.178081e-01;1.680622e-02;7.966124e-03;1.508925e-02;1.672320e-02;1.306040e-02;8.822476e-02;1.479118e-01;6.726087e-03;1.040658e-02
1.745463e-02;1.049970e-01;5.620846e-01;2.246453e-02;1.271525e-02;6.477883e-03;2.435247e-02;9.377951e-03;4.467735e-02;1.802058e-01;9.144354e-03;6.048261e-03
1.604823e-02;9.288531e-02;5.747557e-01;3.194235e-02;2.173749e-02;9.821097e-03;3.133595e-02;5.586814e-03;2.579108e-02;1.684955e-01;1.704690e-02;4.553566e-03
3.900542e-02;1.202983e-01;5.593296e-01;3.692192e-02;2.783701e-02;1.028862e-02;2.747641e-02;6.125034e-03;1.837738e-02;1.302898e-01;1.892876e-02;5.121806e-03
5.201664e-02;1.572971e-01;5.637024e-01;3.240447e-02;2.034430e-02;1.570824e-02;2.548612e-02;1.086268e-02;1.636007e-02;8.067317e-02;1.637640e-02;8.768411e-03
2.269303e-02;1.523428e-01;6.209192e-01;3.422215e-02;2.823354e-02;2.064072e-02;1.911242e-02;1.487599e-02;1.349124e-02;4.881717e-02;1.081109e-02;1.384070e-02
3.534339e-02;1.291016e-01;5.910624e-01;3.829595e-02;4.823443e-02;2.898080e-02;2.605670e-02;1.927703e-02;1.874762e-02;3.759402e-02;1.035011e-02;1.695589e-02
4.459213e-02;1.138516e-01;4.789357e-01;6.138892e-02;5.963636e-02;3.958871e-02;5.133025e-02;2.135856e-02;5.305175e-02;4.039489e-02;1.312512e-02;2.274596e-02
3.428954e-02;9.208108e-02;3.981395e-01;7.496253e-02;5.593084e-02;5.130703e-02;5.733003e-02;5.115114e-02;6.872637e-02;5.489751e-02;2.679175e-02;3.439273e-02
4.931314e-02;7.486634e-02;3.408947e-01;6.231186e-02;4.614563e-02;5.170793e-02;6.317103e-02;8.285138e-02;8.499863e-02;7.580871e-02;2.401703e-02;4.391360e-02
4.104278e-02;7.185259e-02;3.147544e-01;4.239097e-02;5.226705e-02;6.198051e-02;8.414749e-02;9.200684e-02;8.279169e-02;8.951440e-02;2.464422e-02;4.260707e-02
2.626615e-02;9.698169e-02;3.265935e-01;5.102920e-02;5.351000e-02;5.881470e-02;1.009887e-01;8.191729e-02;6.197801e-02;7.760156e-02;4.222221e-02;2.209702e-02
4.214522e-02;8.896344e-02;2.802770e-01;8.185860e-02;6.149904e-02;7.963358e-02;1.076256e-01;5.274346e-02;5.721062e-02;6.052636e-02;5.887325e-02;2.864389e-02
6.078755e-02;1.044987e-01;2.481086e-01;7.186455e-02;7.855054e-02;8.253335e-02;1.017843e-01;5.729464e-02;6.075294e-02;4.407407e-02;6.771033e-02;2.204040e-02
3.082451e-02;1.068993e-01;3.037264e-01;5.652233e-02;7.327833e-02;4.691708e-02;9.788078e-02;8.857384e-02;6.803461e-02;5.000150e-02;6.178419e-02;1.555706e-02
1.388005e-02;8.384640e-02;2.732813e-01;6.489070e-02;9.353362e-02;5.528406e-02;1.124410e-01;1.058065e-01;7.261577e-02;6.012880e-02;3.917178e-02;2.511998e-02
3.567181e-02;5.611508e-02;2.214876e-01;4.633820e-02;1.323503e-01;6.541971e-02;8.126995e-02;1.212799e-01;1.126207e-01;7.066104e-02;4.035997e-02;1.642575e-02
5.398723e-02;5.289763e-02;1.928747e-01;2.973140e-02;1.186541e-01;6.538346e-02;9.026301e-02;1.172613e-01;1.214168e-01;6.629468e-02;5.733712e-02;3.389857e-02
6.082018e-02;6.179654e-02;1.811526e-01;2.708114e-02;6.348284e-02;6.516916e-02;1.067865e-01;1.015562e-01;1.464968e-01;8.300097e-02;5.827089e-02;4.438610e-02
7.222488e-02;6.766290e-02;1.338840e-01;3.818258e-02;6.201316e-02;7.494980e-02;1.233685e-01;1.078631e-01;1.557253e-01;7.789277e-02;4.927926e-02;3.695382e-02
7.098003e-02;8.053496e-02;1.582401e-01;7.155031e-02;6.074332e-02;8.194118e-02;1.045543e-01;1.129006e-01;1.318900e-01;3.866340e-02;5.916542e-02;2.883631e-02
6.123923e-02;9.363371e-02;1.481172e-01;1.015886e-01;6.083366e-02;7.884791e-02;7.442536e-02;9.949199e-02;1.201246e-01;6.609750e-02;6.045733e-02;3.514288e-02
6.011703e-02;9.118582e-02;1.335141e-01;1.266391e-01;7.058498e-02;9.461380e-02;5.705668e-02;7.010151e-02;1.034752e-01;9.387504e-02;5.068306e-02;4.815368e-02
8.831625e-02;8.778086e-02;1.467831e-01;1.234260e-01;7.479703e-02;9.991974e-02;6.661045e-02;5.039130e-02;7.939408e-02;1.017655e-01;2.947591e-02;5.133985e-02
9.436765e-02;7.977252e-02;1.654300e-01;8.285325e-02;5.481599e-02;9.947158e-02;6.804509e-02;3.532202e-02;1.099210e-01;9.643679e-02;4.575252e-02;6.781158e-02
9.819615e-02;7.750153e-02;1.418437e-01;5.932765e-02;4.313418e-02;8.364564e-02;4.047103e-02;6.142390e-02;1.067104e-01;9.563109e-02;7.721867e-02;1.148961e-01
9.140113e-02;8.091066e-02;1.333272e-01;5.296754e-02;4.636176e-02;6.009667e-02;5.114196e-02;7.936340e-02;8.390311e-02;1.019809e-01;8.144520e-02;1.371005e-01
6.250875e-02;6.712241e-02;1.369157e-01;8.925623e-02;6.294655e-02;5.728599e-02;1.309728e-01;1.106642e-01;6.311005e-02;8.040618e-02;8.317794e-02;5.563316e-02
7.090442e-02;6.387021e-02;1.688543e-01;8.422204e-02;6.202061e-02;7.524131e-02;1.148621e-01;1.096835e-01;6.504890e-02;7.153635e-02;6.860976e-02;4.514650e-02
4.008158e-02;5.732387e-02;2.124371e-01;5.007092e-02;5.819742e-02;6.182906e-02;9.617706e-02;5.937053e-02;9.843393e-02;1.214352e-01;1.106694e-01;3.397400e-02
4.041167e-02;5.966267e-02;2.252261e-01;3.906850e-02;4.359538e-02;4.394097e-02;8.816836e-02;4.206377e-02;1.165915e-01;1.866184e-01;9.388527e-02;2.076741e-02
2.832528e-02;8.868471e-02;2.102301e-01;2.666316e-02;2.501954e-02;3.871579e-02;5.674582e-02;3.291182e-02;1.693750e-01;2.179399e-01;6.481481e-02;4.057405e-02
2.450719e-02;1.703866e-01;1.592142e-01;1.979710e-02;1.040636e-02;4.808216e-02;2.487795e-02;1.812874e-02;2.790265e-01;1.707162e-01;2.255389e-02;5.230315e-02
2.755925e-02;2.464502e-01;1.159683e-01;2.181861e-02;5.774334e-03;4.875463e-02;1.027412e-02;2.042586e-02;3.727131e-01;7.341605e-02;1.879598e-02;3.804954e-02
4.030299e-02;2.685646e-01;1.050145e-01;2.322874e-02;7.646033e-03;4.476348e-02;7.579951e-03;3.456162e-02;4.038250e-01;1.672702e-02;1.938508e-02;2.840104e-02
6.768958e-02;2.287655e-01;9.407692e-02;2.133849e-02;8.174137e-03;4.137037e-02;2.150195e-02;8.605054e-02;3.729921e-01;1.753319e-02;1.830134e-02;2.220583e-02
8.828805e-02;1.492681e-01;1.049977e-01;1.569823e-02;1.668721e-02;3.774839e-02;6.708864e-02;1.365219e-01;3.098080e-01;3.174068e-02;2.246119e-02;1.969194e-02
1.094767e-01;9.366584e-02;6.181572e-02;2.193629e-02;2.860096e-02;3.778184e-02;1.035219e-01;1.516020e-01;2.850862e-01;4.896980e-02;3.477875e-02;2.276395e-02
8.541645e-02;1.607626e-01;1.304839e-01;2.868413e-02;2.915460e-02;3.138290e-02;7.388031e-02;9.963046e-02;2.343505e-01;5.806379e-02;3.983454e-02;2.835579e-02
5.295086e-02;2.212061e-01;2.143574e-01;2.751048e-02;2.241744e-02;4.316995e-02;4.114392e-02;4.603109e-02;2.446373e-01;2.735968e-02;2.623716e-02;3.297859e-02
5.429432e-02;1.657446e-01;1.923722e-01;3.155852e-02;1.935411e-02;5.641340e-02;3.840730e-02;4.413503e-02;2.968851e-01;4.748278e-02;2.083736e-02;3.251522e-02
6.467885e-02;1.395741e-01;1.552747e-01;3.308081e-02;2.134734e-02;5.894167e-02;2.989857e-02;9.048919e-02;2.601518e-01;7.429281e-02;2.177242e-02;5.049771e-02
6.385539e-02;1.188293e-01;1.600586e-01;3.874720e-02;2.308688e-02;8.503688e-02;3.787924e-02;1.253295e-01;1.744211e-01;9.180416e-02;2.434210e-02;5.660958e-02
5.586667e-02;7.046911e-02;2.376475e-01;4.192415e-02;2.071970e-02;1.038592e-01;5.695456e-02;1.239835e-01;1.239828e-01;6.200492e-02;3.923336e-02;6.335457e-02
9.516376e-02;1.102037e-01;1.778541e-01;6.158086e-02;3.623584e-02;6.139307e-02;8.603558e-02;6.217857e-02;9.066974e-02;6.695668e-02;7.123533e-02;8.049274e-02
1.127541e-01;7.191103e-02;2.265490e-01;5.173011e-02;5.797506e-02;3.842805e-02;5.839890e-02;8.672834e-02;1.193289e-01;5.130609e-02;5.513803e-02;6.975245e-02
9.556022e-02;9.491643e-02;2.136409e-01;3.633459e-02;4.688289e-02;3.804636e-02;6.858007e-02;9.583320e-02;1.712274e-01;5.846281e-02;3.876732e-02;4.174792e-02
1.098601e-01;1.111211e-01;1.686379e-01;2.339618e-02;3.659432e-02;2.813813e-02;4.996556e-02;1.163419e-01;2.284705e-01;6.153369e-02;3.464232e-02;3.129836e-02
1.410586e-01;1.021105e-01;1.198267e-01;1.101242e-02;3.132437e-02;1.773688e-02;7.693473e-02;1.787977e-01;2.358880e-01;4.316065e-02;2.408343e-02;1.806603e-02
1.523528e-01;7.377589e-02;9.771603e-02;1.208622e-02;3.413203e-02;2.615936e-02;1.344976e-01;2.297357e-01;1.656707e-01;3.208425e-02;2.081924e-02;2.097021e-02
1.545264e-01;6.458650e-02;1.045314e-01;2.395845e-02;3.487577e-02;3.823995e-02;1.689619e-01;2.421025e-01;6.144702e-02;3.437826e-02;3.329902e-02;3.909287e-02
1.971832e-01;7.260691e-02;8.616874e-02;3.346087e-02;2.732497e-02;2.079561e-02;1.047540e-01;2.330895e-01;9.632628e-02;3.801029e-02;3.410345e-02;5.617610e-02
2.211791e-01;4.609315e-02;7.048720e-02;2.030745e-02;3.293211e-02;1.530479e-02;9.496756e-02;2.883905e-01;1.297366e-01;3.303576e-02;1.358927e-02;3.397643e-02
2.027591e-01;2.744009e-02;4.069673e-02;3.148836e-02;2.474995e-02;1.915437e-02;1.206168e-01;3.089926e-01;1.005218e-01;3.742668e-02;2.226406e-02;6.388953e-02
1.588056e-01;1.905861e-02;3.968308e-02;6.591900e-02;9.366615e-03;1.903272e-02;1.802528e-01;2.602377e-01;5.131349e-02;6.133141e-02;1.738086e-02;1.176181e-01
9.935185e-02;2.584865e-02;4.275046e-02;1.080362e-01;1.232348e-02;1.335365e-02;2.289847e-01;1.492626e-01;2.720395e-02;7.932156e-02;2.249715e-02;1.910657e-01
6.767067e-02;2.844281e-02;3.446475e-02;1.430244e-01;9.600530e-03;1.124281e-02;2.495916e-01;6.699792e-02;2.340029e-02;7.810576e-02;1.849290e-02;2.689656e-01
5.762564e-02;3.483674e-02;3.020284e-02;1.463269e-01;8.176851e-03;9.568812e-03;2.500836e-01;4.096892e-02;3.196629e-02;7.606275e-02;2.393505e-02;2.902456e-01
5.558499e-02;3.435760e-02;2.487840e-02;1.157523e-01;1.074084e-02;1.573702e-02;2.636627e-01;6.178322e-02;3.484404e-02;8.048425e-02;2.902731e-02;2.731473e-01
6.862620e-02;2.913212e-02;3.127344e-02;7.641048e-02;1.012028e-02;1.808230e-02;3.027624e-01;7.531569e-02;3.535693e-02;7.134353e-02;2.833780e-02;2.532389e-01
6.610344e-02;2.833979e-02;4.154384e-02;5.334139e-02;8.735385e-03;3.466230e-02;3.344211e-01;7.296629e-02;3.842282e-02;5.665230e-02;3.260245e-02;2.322089e-01
6.462328e-02;4.245065e-02;4.863583e-02;4.097285e-02;1.175053e-02;5.149354e-02;3.048586e-01;9.667233e-02;4.607857e-02;4.930106e-02;4.479603e-02;1.983667e-01
7.192601e-02;4.005906e-02;6.082099e-02;3.279915e-02;2.258139e-02;7.062387e-02;2.364853e-01;9.521797e-02;5.169678e-02;7.192057e-02;8.199989e-02;1.638690e-01
8.148559e-02;4.330904e-02;1.000181e-01;3.994997e-02;4.200534e-02;6.228854e-02;9.795961e-02;9.028465e-02;7.056031e-02;1.274104e-01;1.101114e-01;1.346170e-01
1.081764e-01;4.471859e-02;9.833311e-02;5.392900e-02;5.569124e-02;4.053720e-02;8.577976e-02;9.742195e-02;4.943667e-02;1.420113e-01;8.702655e-02;1.369382e-01
1.198007e-01;5.265674e-02;8.875450e-02;7.511242e-02;5.921594e-02;5.359815e-02;8.748239e-02;8.422229e-02;9.663256e-02;1.223140e-01;4.983141e-02;1.103789e-01
1.121516e-01;5.931828e-02;6.922314e-02;6.353059e-02;7.362437e-02;5.289717e-02;9.402882e-02;6.809433e-02;1.297468e-01;1.008320e-01;5.212134e-02;1.244316e-01
1.177748e-01;4.985183e-02;6.992258e-02;7.045249e-02;7.663047e-02;5.401294e-02;1.530056e-01;3.842925e-02;7.700375e-02;9.707046e-02;7.065719e-02;1.251886e-01
1.008068e-01;7.126912e-02;9.504159e-02;6.714354e-02;6.174060e-02;5.768487e-02;1.727175e-01;5.291238e-02;7.073613e-02;1.047878e-01;5.668697e-02;8.847279e-02
6.661654e-02;5.595525e-02;1.040310e-01;8.148111e-02;7.682890e-02;5.349123e-02;1.680426e-01;9.681337e-02;6.304333e-02;9.509861e-02;6.878535e-02;6.981269e-02
3.523340e-02;6.055364e-02;1.039204e-01;8.283848e-02;6.777837e-02;5.588999e-02;1.441141e-01;1.265683e-01;8.261772e-02;9.253860e-02;7.297009e-02;7.497687e-02
4.813303e-02;7.801913e-02;1.197676e-01;6.419052e-02;5.684065e-02;8.442221e-02;1.231169e-01;9.176631e-02;1.007280e-01;1.076309e-01;5.043375e-02;7.495096e-02
6.163143e-02;6.487132e-02;9.066211e-02;4.364015e-02;5.491068e-02;8.755325e-02;1.101068e-01;7.121308e-02;1.381210e-01;1.278768e-01;6.758038e-02;8.183303e-02
8.256333e-02;4.892896e-02;1.376903e-01;5.408985e-02;8.386660e-02;3.947860e-02;1.013188e-01;5.201530e-02;1.476847e-01;9.698869e-02;7.961930e-02;7.575556e-02
8.898978e-02;3.399986e-02;1.364592e-01;6.569040e-02;9.821993e-02;4.516084e-02;9.272658e-02;7.391329e-02;1.035707e-01;1.071534e-01;7.814844e-02;7.596751e-02
9.300885e-02;4.907998e-02;1.136484e-01;7.626928e-02;7.294854e-02;5.739854e-02;1.131314e-01;8.573002e-02;6.731272e-02;1.218871e-01;6.177130e-02;8.781386e-02
8.233259e-02;5.480747e-02;7.500036e-02;9.780610e-02;6.694509e-02;6.491742e-02;1.028505e-01;1.088416e-01;1.007401e-01;1.167129e-01;4.648950e-02;8.255633e-02
6.292360e-02;5.861449e-02;7.660352e-02;8.085311e-02;7.418820e-02;7.561057e-02;1.024825e-01;1.221745e-01;1.233719e-01;1.172809e-01;3.553567e-02;7.036090e-02
3.700259e-02;5.180436e-02;1.002593e-01;7.036284e-02;6.571417e-02;9.119384e-02;1.363415e-01;1.181849e-01;1.245609e-01;1.186004e-01;2.534008e-02;6.063515e-02
4.202918e-02;2.997679e-02;8.947944e-02;5.704829e-02;9.384391e-02;8.830960e-02;1.342627e-01;1.107433e-01;1.220150e-01;1.205127e-01;5.960744e-02;5.217154e-02
7.398200e-02;3.082325e-02;1.371740e-01;6.311728e-02;8.530536e-02;4.290820e-02;1.072916e-01;8.630067e-02;1.009744e-01;1.258069e-01;7.231990e-02;7.399645e-02
6.234958e-02;4.288601e-02;1.539005e-01;6.580710e-02;5.444903e-02;7.789583e-02;1.213302e-01;9.233205e-02;1.032811e-01;8.725500e-02;4.627621e-02;9.223745e-02
3.988299e-02;5.265353e-02;1.189084e-01;4.094899e-02;8.490111e-02;1.146297e-01;1.387391e-01;1.109322e-01;7.903770e-02;8.580138e-02;3.711349e-02;9.645142e-02
5.132883e-02;5.972600e-02;1.211688e-01;4.017220e-02;9.477809e-02;1.222941e-01;1.393376e-01;9.522375e-02;5.483885e-02;8.490154e-02;4.780133e-02;8.842894e-02
4.076151e-02;6.072532e-02;1.351968e-01;4.934285e-02;7.605496e-02;1.161676e-01;1.631131e-01;7.171399e-02;7.761113e-02;8.165946e-02;4.835427e-02;7.929890e-02
3.406802e-02;5.353578e-02;1.374384e-01;2.914809e-02;5.278491e-02;1.051684e-01;1.591204e-01;1.343942e-01;1.038904e-01;8.486232e-02;3.452284e-02;7.106634e-02
5.059892e-02;8.180926e-02;1.159950e-01;2.384423e-02;4.652625e-02;9.409051e-02;1.434226e-01;1.444266e-01;1.031844e-01;7.932828e-02;4.359513e-02;7.317878e-02
4.195851e-02;8.139975e-02;1.046616e-01;2.557888e-02;5.734070e-02;6.104584e-02;1.326873e-01;1.236695e-01;1.241154e-01;1.419189e-01;4.383480e-02;6.178883e-02
5.594412e-02;6.798150e-02;7.772223e-02;3.231034e-02;6.986166e-02;3.101486e-02;1.073106e-01;1.372764e-01;1.528036e-01;2.009955e-01;2.984095e-02;3.693829e-02
5.946342e-02;6.128331e-02;1.302604e-01;4.701107e-02;6.437984e-02;5.591758e-02;1.382066e-01;9.284586e-02;1.024463e-01;1.860772e-01;4.054471e-02;2.156373e-02
6.390299e-02;4.872495e-02;1.967065e-01;5.240621e-02;4.858282e-02;5.039915e-02;1.403552e-01;6.934053e-02;1.025971e-01;1.410511e-01;5.349688e-02;3.243653e-02
3.935895e-02;3.835434e-02;2.414313e-01;5.823785e-02;8.242936e-02;5.039916e-02;9.427103e-02;6.185707e-02;8.979496e-02;1.771112e-01;3.580308e-02;3.095177e-02
3.830684e-02;5.223713e-02;2.987913e-01;7.861039e-02;8.880109e-02;5.103445e-02;9.722825e-02;2.699063e-02;8.536170e-02;1.176838e-01;2.576707e-02;3.918735e-02
5.036591e-02;6.042076e-02;2.755893e-01;7.684088e-02;1.183870e-01;7.301304e-02;1.344060e-01;3.092788e-02;4.979509e-02;6.259584e-02;3.744371e-02;3.021452e-02
4.967976e-02;5.880342e-02;2.784813e-01;7.336741e-02;1.158859e-01;7.428489e-02;1.400249e-01;3.606751e-02;4.551503e-02;6.238767e-02;3.674654e-02;2.875568e-02
5.309379e-02;5.027014e-02;3.439564e-01;7.634492e-02;1.202906e-01;6.669173e-02;7.463066e-02;3.688965e-02;3.846784e-02;7.318967e-02;4.362217e-02;2.255254e-02
4.514664e-02;2.080984e-02;4.272103e-01;7.526973e-02;1.067045e-01;4.317375e-02;8.586093e-02;3.029342e-02;1.910520e-02;7.381977e-02;5.648681e-02;1.611911e-02
1.616558e-02;2.324974e-02;4.650880e-01;9.505007e-02;1.118491e-01;3.498325e-02;6.285998e-02;2.734881e-02;1.585771e-02;4.952471e-02;7.697850e-02;2.104452e-02
1.884489e-02;2.353735e-02;4.661996e-01;1.057307e-01;1.239035e-01;4.364767e-02;4.862594e-02;2.241979e-02;1.139538e-02;3.446575e-02;8.134163e-02;1.988771e-02
1.614548e-02;1.921834e-02;4.872995e-01;1.199553e-01;1.220403e-01;3.887481e-02;3.355277e-02;1.780709e-02;1.227239e-02;3.520350e-02;8.020698e-02;1.742357e-02
8.274093e-03;1.711764e-02;4.653426e-01;1.321086e-01;1.564586e-01;4.487434e-02;1.587031e-02;1.671361e-02;2.015678e-02;2.758148e-02;6.871641e-02;2.678553e-02
1.597748e-02;9.251427e-03;3.530984e-01;1.057200e-01;2.235732e-01;7.187842e-02;5.926113e-02;1.455084e-02;2.738033e-02;3.315401e-02;4.147640e-02;4.467838e-02
1.597526e-02;1.300260e-02;2.349631e-01;7.379715e-02;2.870442e-01;1.136670e-01;1.161604e-01;1.216282e-02;2.747871e-02;2.361384e-02;1.940305e-02;6.273186e-02
1.981259e-02;1.296082e-02;1.522021e-01;4.735233e-02;2.889104e-01;1.581374e-01;1.989720e-01;1.261143e-02;3.211395e-02;1.462515e-02;1.195342e-02;5.034835e-02
3.341335e-02;7.649359e-03;7.267703e-02;2.887158e-02;2.542393e-01;1.965463e-01;3.135788e-01;1.675607e-02;2.463691e-02;1.337456e-02;6.442033e-03;3.181468e-02
5.281104e-02;1.059128e-02;5.283009e-02;2.326282e-02;2.183984e-01;2.074751e-01;3.644490e-01;1.696637e-02;1.311714e-02;1.613788e-02;6.071784e-03;1.788915e-02
5.589391e-02;2.413344e-02;3.811305e-02;1.527575e-02;1.474279e-01;1.595168e-01;4.914331e-01;1.832985e-02;1.284083e-02;1.826761e-02;1.023615e-02;8.531631e-03
5.809325e-02;3.125652e-02;1.357284e-02;1.230278e-02;1.005161e-01;1.233150e-01;6.072280e-01;1.415053e-02;7.806271e-03;1.427366e-02;9.647841e-03;7.837313e-03
5.978619e-02;3.481157e-02;2.751857e-02;1.107508e-02;9.225185e-02;1.119046e-01;6.132281e-01;1.046311e-02;6.362460e-03;1.802076e-02;7.991396e-03;6.586298e-03
6.985194e-02;3.444140e-02;2.164958e-02;1.069692e-02;9.454037e-02;1.167394e-01;6.003639e-01;1.071783e-02;5.733075e-03;2.253800e-02;5.689457e-03;7.038208e-03
8.388522e-02;3.090680e-02;1.730581e-02;9.670993e-03;1.171553e-01;1.359903e-01;5.429592e-01;1.703789e-02;8.513867e-03;2.379599e-02;3.997420e-03;8.781297e-03
7.318158e-02;2.862640e-02;4.991986e-02;1.640949e-02;1.763331e-01;1.554016e-01;4.321893e-01;1.509502e-02;1.764456e-02;1.733487e-02;6.229188e-03;1.163493e-02
5.023511e-02;1.973969e-02;9.569056e-02;2.868486e-02;2.504138e-01;1.560259e-01;3.193879e-01;1.080657e-02;2.981497e-02;1.698111e-02;7.799246e-03;1.442027e-02
1.830367e-02;1.581281e-02;1.833053e-01;4.797258e-02;3.146089e-01;1.483312e-01;1.887963e-01;8.354743e-03;3.493372e-02;1.314636e-02;8.692466e-03;1.774197e-02
1.351606e-02;9.907101e-03;3.035630e-01;8.538976e-02;2.785020e-01;1.108244e-01;1.167477e-01;1.753299e-02;2.083573e-02;2.625040e-02;7.910784e-03;9.020014e-03
1.160376e-02;1.010401e-02;4.334334e-01;1.216016e-01;1.740664e-01;6.356039e-02;9.934501e-02;2.535782e-02;1.283648e-02;2.745800e-02;1.625082e-02;4.382280e-03
2.649336e-02;2.447267e-02;5.119449e-01;1.213991e-01;8.816183e-02;1.836394e-02;8.984176e-02;2.501156e-02;2.516031e-02;3.747812e-02;2.257164e-02;9.100776e-03
2.708429e-02;3.666305e-02;5.023223e-01;8.741281e-02;7.763100e-02;3.057209e-02;8.054988e-02;1.937093e-02;3.360165e-02;7.284600e-02;2.272988e-02;9.216178e-03
1.339598e-02;5.791284e-02;5.191416e-01;6.684560e-02;5.780246e-02;3.244381e-02;5.744267e-02;1.443877e-02;5.193138e-02;1.057998e-01;1.557708e-02;7.267938e-03
3.564499e-02;1.232666e-01;4.572923e-01;3.337846e-02;2.734829e-02;3.402140e-02;3.177031e-02;1.360140e-02;1.313943e-01;9.486709e-02;6.206750e-03;1.120811e-02
7.799579e-02;1.864789e-01;3.470702e-01;1.902665e-02;1.830539e-02;3.107550e-02;2.466476e-02;2.177677e-02;2.058279e-01;4.642812e-02;5.301926e-03;1.604808e-02
1.418268e-01;1.880499e-01;2.908035e-01;1.974110e-02;1.640563e-02;2.081834e-02;1.962744e-02;5.803624e-02;1.930646e-01;2.250137e-02;1.433907e-02;1.478616e-02
2.377790e-01;1.287435e-01;2.285880e-01;1.961957e-02;3.550165e-02;1.195646e-02;2.769001e-02;1.177743e-01;1.274959e-01;2.252956e-02;2.455402e-02;1.776804e-02
3.118868e-01;9.861900e-02;1.420381e-01;1.947982e-02;5.033628e-02;1.472838e-02;4.746775e-02;1.665843e-01;5.965767e-02;2.136919e-02;3.134245e-02;3.649025e-02
2.857633e-01;1.030049e-01;1.756953e-01;1.526449e-02;3.715529e-02;1.387044e-02;7.619179e-02;1.521839e-01;2.108330e-02;3.254548e-02;3.199819e-02;5.524363e-02
2.157168e-01;7.328090e-02;2.128372e-01;2.428616e-02;1.698413e-02;1.351906e-02;1.104935e-01;1.204807e-01;2.810200e-02;4.811401e-02;5.132732e-02;8.485813e-02
1.041815e-01;7.277620e-02;2.487974e-01;3.703064e-02;2.439285e-02;1.857864e-02;1.165764e-01;7.693081e-02;4.309675e-02;6.619007e-02;8.402127e-02;1.074276e-01
1.331756e-01;9.150141e-02;2.175947e-01;4.630718e-02;3.539789e-02;3.175041e-02;8.108405e-02;3.174597e-02;6.207724e-02;7.562210e-02;9.501322e-02;9.873028e-02
2.122098e-01;9.498329e-02;2.168392e-01;4.783794e-02;3.804170e-02;3.435460e-02;5.266201e-02;4.520098e-02;5.720343e-02;6.260020e-02;7.438721e-02;6.367967e-02
2.346307e-01;6.896345e-02;1.227912e-01;5.446679e-02;4.767590e-02;3.079891e-02;5.321455e-02;8.098932e-02;3.191677e-02;4.929461e-02;9.973172e-02;1.255260e-01
1.486067e-01;1.037633e-01;2.805317e-01;4.449152e-02;4.192124e-02;2.588261e-02;5.587826e-02;5.722122e-02;2.258003e-02;4.210522e-02;6.868821e-02;1.083300e-01
9.433929e-02;1.059645e-01;3.541864e-01;3.793257e-02;4.877830e-02;2.990667e-02;5.885067e-02;3.730828e-02;4.449969e-02;4.817396e-02;5.888805e-02;8.117169e-02
1.692199e-01;7.484779e-02;2.917880e-01;3.804597e-02;4.776211e-02;3.327455e-02;5.406117e-02;4.932283e-02;4.865156e-02;5.931429e-02;5.496820e-02;7.874361e-02
1.528165e-01;6.279064e-02;2.737714e-01;4.858723e-02;5.938318e-02;3.598605e-02;5.218345e-02;6.210803e-02;4.487434e-02;7.983479e-02;4.887984e-02;7.878464e-02
9.613667e-02;1.070944e-01;2.557866e-01;5.539693e-02;5.804841e-02;5.348898e-02;6.823844e-02;3.921093e-02;5.949189e-02;7.660037e-02;6.480898e-02;6.569734e-02
9.443982e-02;9.771252e-02;2.208913e-01;6.120099e-02;4.987027e-02;6.812141e-02;9.645602e-02;5.193817e-02;7.717127e-02;5.099513e-02;6.940418e-02;6.179892e-02
7.677120e-02;7.395437e-02;2.360704e-01;5.777181e-02;6.434070e-02;6.197968e-02;1.183004e-01;4.382570e-02;9.026821e-02;5.965008e-02;6.550202e-02;5.156545e-02
7.110503e-02;8.236579e-02;2.511908e-01;7.144980e-02;6.706914e-02;6.041129e-02;9.304016e-02;5.010389e-02;9.053981e-02;5.240886e-02;6.896181e-02;4.135363e-02
8.124074e-02;9.309188e-02;2.260454e-01;8.295728e-02;6.497569e-02;6.749677e-02;9.071118e-02;4.913881e-02;7.128608e-02;6.270105e-02;6.391799e-02;4.643710e-02
7.728998e-02;1.000934e-01;1.526082e-01;8.036447e-02;8.116443e-02;6.658591e-02;1.114352e-01;3.799844e-02;6.135087e-02;9.864850e-02;5.773009e-02;7.473050e-02
1.017617e-01;8.732560e-02;1.463771e-01;6.213876e-02;1.014955e-01;6.112007e-02;7.497280e-02;2.329660e-02;6.433196e-02;1.176339e-01;6.970338e-02;8.984268e-02
7.447413e-02;4.669860e-02;2.086350e-01;5.432287e-02;9.164616e-02;7.110000e-02;5.955216e-02;5.962188e-02;6.489353e-02;1.310523e-01;6.629568e-02;7.170765e-02
6.567167e-02;4.016650e-02;1.773882e-01;5.552918e-02;7.530940e-02;6.165311e-02;1.349565e-01;8.335137e-02;9.348402e-02;1.081290e-01;4.980648e-02;5.455452e-02
7.291451e-02;2.792858e-02;1.226670e-01;4.898046e-02;8.015178e-02;5.823048e-02;1.920945e-01;9.080406e-02;1.233686e-01;9.996816e-02;3.020267e-02;5.268915e-02
7.826317e-02;4.214922e-02;1.426108e-01;5.631969e-02;6.207129e-02;6.206593e-02;1.520874e-01;8.820961e-02;1.428253e-01;6.485979e-02;5.970035e-02;4.883739e-02
8.156282e-02;6.212651e-02;1.755917e-01;6.917515e-02;6.005640e-02;6.960731e-02;1.094427e-01;7.147579e-02;1.187156e-01;7.436100e-02;4.580720e-02;6.207782e-02
8.748761e-02;6.101316e-02;2.014188e-01;5.541823e-02;8.431102e-02;7.092443e-02;8.699663e-02;7.724721e-02;8.523061e-02;7.545715e-02;3.816026e-02;7.633488e-02
5.878716e-02;3.621251e-02;2.115975e-01;4.562424e-02;1.173789e-01;7.201469e-02;1.055053e-01;7.695954e-02;7.438280e-02;8.254247e-02;4.684435e-02;7.215055e-02
3.494814e-02;4.327741e-02;1.638524e-01;5.723168e-02;1.200986e-01;7.647091e-02;1.275076e-01;8.045964e-02;8.442034e-02;1.039397e-01;3.977543e-02;6.801813e-02
5.104338e-02;5.309942e-02;1.735804e-01;5.754666e-02;7.391275e-02;7.947534e-02;1.560992e-01;6.736149e-02;7.064366e-02;1.238178e-01;4.655210e-02;4.686779e-02
1.328046e-01;8.465053e-02;2.806339e-01;4.037706e-02;3.910205e-02;4.492379e-02;1.065485e-01;4.820185e-02;4.865970e-02;8.699105e-02;4.652371e-02;4.058331e-02
1.890333e-01;9.915733e-02;3.437470e-01;2.646544e-02;4.841642e-02;3.493806e-02;8.121626e-02;2.205423e-02;2.463696e-02;5.170646e-02;3.490311e-02;4.372544e-02
2.410036e-01;9.574491e-02;2.653787e-01;2.754392e-02;4.282519e-02;3.116647e-02;1.060038e-01;2.106987e-02;2.113450e-02;4.545040e-02;3.789999e-02;6.477863e-02
3.218444e-01;6.141713e-02;1.133577e-01;3.183988e-02;3.154746e-02;2.592074e-02;1.403040e-01;2.093966e-02;2.101220e-02;4.726493e-02;5.602689e-02;1.285250e-01
3.241107e-01;2.171304e-02;9.881730e-02;4.196256e-02;1.550839e-02;1.384472e-02;1.422685e-01;2.304583e-02;1.825906e-02;4.465407e-02;6.672175e-02;1.890941e-01
2.902062e-01;2.966997e-02;8.201228e-02;5.043429e-02;9.791992e-03;1.411600e-02;1.442816e-01;2.539232e-02;1.503728e-02;5.564593e-02;6.609242e-02;2.173197e-01
2.454574e-01;2.233030e-02;2.263371e-02;5.215547e-02;1.326789e-02;2.006747e-02;1.938076e-01;3.182795e-02;2.183702e-02;5.865178e-02;7.083018e-02;2.471333e-01
1.761330e-01;2.063065e-02;4.646941e-02;4.903683e-02;1.074768e-02;1.275003e-02;2.440410e-01;3.488069e-02;3.531646e-02;5.266107e-02;6.577648e-02;2.515567e-01
9.552096e-02;1.437166e-02;5.036209e-02;4.851138e-02;8.024313e-03;1.098550e-02;3.046477e-01;8.404845e-02;3.087166e-02;5.106382e-02;5.804757e-02;2.435448e-01
5.429852e-02;1.614120e-02;3.137014e-02;5.333495e-02;1.145851e-02;1.327095e-02;3.506455e-01;1.363942e-01;2.344471e-02;4.055255e-02;4.488254e-02;2.242063e-01
3.859555e-02;1.796899e-02;2.685959e-02;5.551692e-02;1.405500e-02;9.002935e-03;3.395791e-01;1.782100e-01;3.679927e-02;3.099030e-02;3.530838e-02;2.171140e-01
3.188325e-02;1.987647e-02;2.135243e-02;5.712212e-02;1.066640e-02;1.682188e-02;3.319655e-01;1.585160e-01;3.335436e-02;3.087497e-02;3.749442e-02;2.500722e-01
2.343593e-02;2.533370e-02;2.825049e-02;7.285347e-02;1.139074e-02;1.914186e-02;3.206008e-01;9.387485e-02;1.357049e-02;4.247783e-02;3.753422e-02;3.115356e-01
1.852521e-02;3.415307e-02;3.060646e-02;9.367757e-02;1.498131e-02;2.278966e-02;2.967356e-01;2.927557e-02;1.579994e-02;4.315007e-02;3.424338e-02;3.660622e-01
3.686829e-02;3.329088e-02;4.069912e-02;1.200043e-01;1.288130e-02;1.897599e-02;2.583697e-01;3.171808e-02;1.921847e-02;4.013504e-02;3.507811e-02;3.527608e-01
5.288487e-02;3.131886e-02;3.217321e-02;1.229734e-01;1.336908e-02;1.387720e-02;2.437401e-01;6.572933e-02;2.489061e-02;5.917766e-02;2.169645e-02;3.181693e-01
1.116283e-01;2.518725e-02;4.059051e-02;8.551408e-02;1.301834e-02;1.966701e-02;2.304890e-01;1.257123e-01;1.880487e-02;6.097486e-02;1.659694e-02;2.518166e-01
2.053999e-01;2.214872e-02;6.479123e-02;3.189184e-02;2.516283e-02;1.672916e-02;1.777557e-01;2.341920e-01;1.822367e-02;4.647279e-02;2.119540e-02;1.360368e-01
2.438356e-01;3.845133e-02;7.806201e-02;9.170591e-03;4.220225e-02;1.009028e-02;1.188736e-01;3.270926e-01;3.988749e-02;2.420337e-02;2.336624e-02;4.476461e-02
2.157723e-01;6.043418e-02;8.580722e-02;4.781027e-03;4.426469e-02;4.771066e-03;1.022491e-01;3.447480e-01;8.787441e-02;1.808440e-02;1.969243e-02;1.152109e-02
1.904143e-01;8.117899e-02;9.889697e-02;8.633556e-03;2.662415e-02;8.506157e-03;1.153892e-01;3.061003e-01;1.067969e-01;3.034090e-02;1.700581e-02;1.011265e-02
2.289362e-01;9.166148e-02;1.405004e-01;1.222576e-02;1.732459e-02;1.247185e-02;9.203135e-02;2.135221e-01;1.049639e-01;4.561467e-02;1.559381e-02;2.515390e-02
3.051939e-01;1.171164e-01;2.217150e-01;1.468093e-02;1.504650e-02;1.298084e-02;4.905835e-02;9.369531e-02;6.470764e-02;5.079613e-02;1.502777e-02;3.998126e-02
3.553770e-01;1.587793e-01;2.756813e-01;1.688473e-02;1.421731e-02;7.677524e-03;3.107669e-02;3.623401e-02;1.799476e-02;3.592928e-02;1.579361e-02;3.435447e-02
3.753701e-01;1.435099e-01;2.170344e-01;1.210976e-02;3.745307e-02;7.626900e-03;3.755908e-02;7.021026e-02;2.450355e-02;2.077398e-02;1.972704e-02;3.412199e-02
3.160032e-01;1.219012e-01;2.503105e-01;1.632551e-02;5.222345e-02;1.866161e-02;5.035472e-02;8.285566e-02;1.384016e-02;2.439499e-02;2.461072e-02;2.851835e-02
2.319420e-01;1.459114e-01;3.053790e-01;2.901862e-02;4.546931e-02;3.153595e-02;3.568221e-02;6.029480e-02;4.038539e-02;3.084074e-02;2.091947e-02;2.262112e-02
1.207504e-01;1.772096e-01;4.078400e-01;4.880072e-02;2.871623e-02;3.360013e-02;1.539753e-02;3.609497e-02;6.965319e-02;3.726432e-02;1.174417e-02;1.292878e-02
5.196604e-02;1.752082e-01;5.226949e-01;5.023216e-02;1.696459e-02;2.721155e-02;1.292978e-02;2.209389e-02;7.098045e-02;3.384101e-02;7.042293e-03;8.835134e-03
1.961948e-02;1.958927e-01;5.909901e-01;3.665620e-02;1.100574e-02;2.063460e-02;7.457091e-03;1.648874e-02;5.119058e-02;3.097929e-02;5.902587e-03;1.318300e-02
7.417976e-02;2.407220e-01;5.189198e-01;2.454433e-02;8.887204e-03;2.009304e-02;7.636475e-03;1.291369e-02;4.939398e-02;2.135182e-02;6.829239e-03;1.452863e-02
9.419390e-02;2.857064e-01;4.568410e-01;2.257503e-02;6.670015e-03;2.402609e-02;9.631375e-03;1.326517e-02;5.202810e-02;1.582725e-02;8.361260e-03;1.087447e-02
1.469005e-01;2.684125e-01;4.122765e-01;2.652535e-02;1.232930e-02;2.028413e-02;1.719784e-02;1.140544e-02;3.974498e-02;2.145469e-02;1.114428e-02;1.232443e-02
2.463447e-01;1.634282e-01;3.747915e-01;2.722842e-02;1.921469e-02;1.742770e-02;2.039349e-02;1.671818e-02;2.844046e-02;4.301403e-02;2.097902e-02;2.201956e-02
3.192657e-01;1.404310e-01;2.783282e-01;1.849099e-02;2.680247e-02;2.547216e-02;2.728712e-02;3.435447e-02;1.327126e-02;4.795542e-02;3.306881e-02;3.527244e-02
2.922082e-01;1.436089e-01;3.222874e-01;2.215199e-02;2.429451e-02;2.267447e-02;1.900747e-02;3.550583e-02;1.160346e-02;2.792038e-02;3.728138e-02;4.145603e-02
2.829047e-01;6.803875e-02;3.684907e-01;2.536820e-02;2.503338e-02;2.230906e-02;2.302924e-02;3.954602e-02;1.635329e-02;3.252743e-02;4.316671e-02;5.323244e-02
2.835121e-01;1.037537e-01;3.164575e-01;2.102493e-02;3.200167e-02;2.145693e-02;2.356935e-02;4.792093e-02;1.939695e-02;2.731340e-02;4.973033e-02;5.386227e-02
2.643256e-01;1.156884e-01;3.314867e-01;2.230290e-02;4.165178e-02;2.154195e-02;4.796307e-02;2.871005e-02;1.551738e-02;2.262993e-02;4.388271e-02;4.429949e-02
2.261024e-01;1.286127e-01;3.982609e-01;2.363661e-02;3.725375e-02;1.135177e-02;3.981945e-02;1.915067e-02;2.677822e-02;3.294971e-02;2.874301e-02;2.734093e-02
1.524948e-01;1.854863e-01;4.238403e-01;2.155605e-02;1.884684e-02;1.112088e-02;2.649427e-02;1.857871e-02;7.064471e-02;3.556300e-02;1.241136e-02;2.296275e-02
8.425026e-02;2.008854e-01;4.440831e-01;1.854254e-02;1.118695e-02;2.033731e-02;1.945497e-02;1.791132e-02;1.216250e-01;3.359004e-02;8.007397e-03;2.012569e-02
4.118491e-02;1.770514e-01;4.898768e-01;2.034392e-02;8.385039e-03;2.424917e-02;1.544824e-02;1.600454e-02;1.473210e-01;3.309615e-02;9.093792e-03;1.794508e-02
9.628895e-03;1.437705e-01;5.606237e-01;2.113918e-02;7.412266e-03;2.032469e-02;1.205701e-02;1.745894e-02;1.357840e-01;4.915675e-02;7.882776e-03;1.476130e-02
2.202723e-02;1.142373e-01;5.825210e-01;3.128709e-02;1.607722e-02;1.300319e-02;8.576941e-03;1.364659e-02;9.050715e-02;8.700854e-02;1.334638e-02;7.761294e-03
8.826837e-03;9.883392e-02;6.188838e-01;3.101030e-02;1.537928e-02;6.579998e-03;8.994862e-03;1.062939e-02;6.551974e-02;1.202828e-01;7.304101e-03;7.754897e-03
1.190920e-02;9.316401e-02;6.277296e-01;3.381259e-02;1.658415e-02;6.394606e-03;8.231625e-03;8.037424e-03;5.833676e-02;1.215567e-01;6.006522e-03;8.236866e-03
2.070261e-02;1.142154e-01;5.934399e-01;3.235876e-02;2.186450e-02;1.048936e-02;1.854489e-02;1.062665e-02;5.540519e-02;1.071114e-01;5.902892e-03;9.338425e-03
7.009706e-02;1.354831e-01;5.028037e-01;4.155182e-02;3.408292e-02;2.033211e-02;2.964514e-02;1.817396e-02;4.559343e-02;7.791976e-02;1.227796e-02;1.203904e-02
8.977859e-02;1.035422e-01;4.707640e-01;5.419981e-02;5.887322e-02;3.293271e-02;3.931560e-02;3.116206e-02;1.512709e-02;6.155769e-02;2.254475e-02;2.020226e-02
5.287505e-02;4.100154e-02;5.608336e-01;5.894658e-02;7.379027e-02;3.512983e-02;5.094512e-02;2.379989e-02;3.082567e-02;3.514513e-02;1.794581e-02;1.876150e-02
2.927236e-02;3.238705e-02;6.718258e-01;5.535173e-02;5.671239e-02;2.831661e-02;3.665251e-02;1.075978e-02;3.014571e-02;2.733371e-02;9.507030e-03;1.173525e-02
3.100185e-02;5.968481e-02;7.096015e-01;4.827692e-02;2.535763e-02;2.290034e-02;2.415655e-02;6.640302e-03;3.030405e-02;2.415842e-02;6.344283e-03;1.157343e-02
3.705956e-02;1.089771e-01;6.863050e-01;3.470571e-02;1.379400e-02;2.099100e-02;2.376686e-02;8.165845e-03;2.877939e-02;1.898470e-02;5.781204e-03;1.268964e-02
5.251317e-02;1.207028e-01;6.621554e-01;2.808578e-02;1.300168e-02;1.559152e-02;2.795142e-02;1.296558e-02;2.295240e-02;1.841130e-02;9.541604e-03;1.612739e-02
4.832736e-02;9.080528e-02;6.781057e-01;3.728374e-02;1.938541e-02;1.159818e-02;3.685244e-02;1.416605e-02;1.395878e-02;2.044555e-02;1.187932e-02;1.719225e-02
2.472691e-02;4.775325e-02;7.275797e-01;4.313183e-02;3.083909e-02;2.165854e-02;2.669338e-02;1.412964e-02;1.445022e-02;2.472874e-02;1.273273e-02;1.157604e-02
2.566077e-02;3.861845e-02;7.350035e-01;4.360929e-02;3.007097e-02;2.347253e-02;1.666785e-02;1.537893e-02;2.484194e-02;2.320385e-02;1.388631e-02;9.585604e-03
6.713460e-02;5.688882e-02;6.472379e-01;3.726393e-02;2.346550e-02;2.371310e-02;2.300343e-02;1.170236e-02;4.061546e-02;2.411629e-02;2.035205e-02;2.450661e-02
1.612190e-01;8.638944e-02;4.591887e-01;2.461011e-02;3.023513e-02;2.305079e-02;3.101043e-02;2.455426e-02;3.832075e-02;3.794892e-02;3.724111e-02;4.623134e-02
2.208199e-01;9.503328e-02;3.366855e-01;1.097686e-02;3.163697e-02;2.748983e-02;6.560230e-02;2.651937e-02;1.885863e-02;4.784002e-02;5.727874e-02;6.125861e-02
1.873877e-01;7.420753e-02;3.482396e-01;1.979929e-02;2.667075e-02;2.508618e-02;5.657634e-02;2.355201e-02;1.856230e-02;6.012849e-02;8.277913e-02;7.701068e-02
1.138194e-01;4.696602e-02;3.413354e-01;2.995373e-02;2.639579e-02;2.497430e-02;3.108042e-02;1.686883e-02;3.860064e-02;9.253625e-02;1.400135e-01;9.745586e-02
4.435678e-02;5.440982e-02;1.875788e-01;3.685604e-02;3.067575e-02;4.350176e-02;3.533844e-02;2.430077e-02;6.884354e-02;1.565797e-01;2.236091e-01;9.394942e-02
3.149261e-02;5.980527e-02;1.130323e-01;3.285535e-02;3.546721e-02;3.543651e-02;3.616580e-02;2.588416e-02;7.605328e-02;2.338976e-01;2.560959e-01;6.381402e-02
4.839271e-02;4.821054e-02;1.331307e-01;2.031934e-02;3.419263e-02;1.950921e-02;3.432979e-02;2.718247e-02;6.450313e-02;2.766778e-01;2.337703e-01;5.978131e-02
5.504315e-02;4.562309e-02;1.179735e-01;2.574104e-02;4.949386e-02;3.126248e-02;4.749596e-02;4.162621e-02;5.675884e-02;2.904840e-01;1.808754e-01;5.762250e-02
8.174536e-02;5.258542e-02;1.400810e-01;2.978190e-02;6.592757e-02;4.389261e-02;7.174119e-02;3.276820e-02;6.876958e-02;2.204097e-01;1.334972e-01;5.880018e-02
8.953530e-02;4.781301e-02;1.456913e-01;4.216120e-02;8.509616e-02;3.809102e-02;5.735858e-02;3.479455e-02;8.300693e-02;2.217049e-01;1.119325e-01;4.281458e-02
7.126331e-02;4.284057e-02;6.070162e-02;5.811375e-02;9.468541e-02;3.824650e-02;9.263743e-02;4.219323e-02;1.062376e-01;2.743592e-01;9.348348e-02;2.523795e-02
6.905642e-02;3.471936e-02;6.353185e-02;7.656549e-02;7.713505e-02;3.731493e-02;7.934944e-02;4.279380e-02;1.210123e-01;2.804093e-01;9.739759e-02;2.071459e-02
7.015284e-02;3.798838e-02;6.390392e-02;9.307275e-02;6.772253e-02;2.657093e-02;6.319052e-02;5.557657e-02;1.315145e-01;2.789249e-01;9.207338e-02;1.930879e-02
6.685042e-02;4.318127e-02;4.622899e-02;9.154206e-02;5.879803e-02;2.458844e-02;8.396598e-02;5.337662e-02;1.509196e-01;2.617845e-01;8.970992e-02;2.905422e-02
8.894883e-02;4.695848e-02;1.145587e-01;8.441079e-02;6.730184e-02;2.935235e-02;7.140119e-02;3.464037e-02;1.425398e-01;2.260417e-01;6.243424e-02;3.141172e-02
1.141469e-01;4.813902e-02;1.126474e-01;7.959431e-02;8.581712e-02;2.887687e-02;6.558181e-02;3.058394e-02;1.166305e-01;2.190608e-01;7.613684e-02;2.278444e-02
1.171498e-01;7.441676e-02;1.141953e-01;6.033735e-02;8.500924e-02;3.143308e-02;5.361272e-02;3.029551e-02;9.908924e-02;2.271151e-01;7.860070e-02;2.874531e-02
1.198697e-01;1.150605e-01;9.909118e-02;4.097338e-02;8.829744e-02;3.375087e-02;6.801316e-02;3.007043e-02;5.702734e-02;2.280170e-01;7.663332e-02;4.319569e-02
1.224948e-01;1.406548e-01;8.770575e-02;3.200557e-02;9.854840e-02;4.385380e-02;7.865915e-02;3.147709e-02;3.263989e-02;2.010569e-01;7.257334e-02;5.833049e-02
1.170890e-01;1.513072e-01;1.184250e-01;2.505455e-02;1.085513e-01;5.078310e-02;6.586747e-02;3.076733e-02;3.070010e-02;1.749799e-01;7.227961e-02;5.419546e-02
1.184718e-01;1.471565e-01;1.064069e-01;2.935817e-02;1.152554e-01;4.839417e-02;5.913391e-02;3.258471e-02;4.063042e-02;1.693646e-01;7.511620e-02;5.812727e-02
1.312451e-01;1.231427e-01;1.088633e-01;3.593811e-02;1.036782e-01;4.706636e-02;5.598306e-02;3.612697e-02;5.400887e-02;1.550783e-01;8.488943e-02;6.397966e-02
1.102501e-01;1.025576e-01;1.259147e-01;3.056226e-02;7.617294e-02;4.923044e-02;8.092228e-02;3.541151e-02;6.927328e-02;1.393312e-01;1.060639e-01;7.430978e-02
6.570652e-02;7.637195e-02;7.323616e-02;3.018969e-02;6.160565e-02;5.317340e-02;1.070844e-01;5.555298e-02;8.570591e-02;1.640103e-01;1.489922e-01;7.837082e-02
4.492830e-02;4.455548e-02;1.384303e-01;1.785286e-02;4.191856e-02;3.872926e-02;1.034814e-01;7.139071e-02;8.084844e-02;1.740525e-01;1.678870e-01;7.592525e-02
6.623132e-02;2.538986e-02;1.125212e-01;5.291944e-02;6.048589e-02;3.969862e-02;1.128323e-01;5.402246e-02;6.506597e-02;1.665203e-01;1.549433e-01;8.936939e-02
7.927013e-02;4.480392e-02;1.248836e-01;7.997704e-02;9.031553e-02;3.896955e-02;1.245448e-01;6.284985e-02;1.025363e-01;1.199093e-01;8.475257e-02;4.718744e-02
8.823686e-02;5.749728e-02;1.009665e-01;7.410897e-02;8.715378e-02;3.779129e-02;1.249406e-01;7.079989e-02;1.234574e-01;1.109575e-01;7.511840e-02;4.897156e-02
