2.945859e-02;9.776670e-02;1.095639e-01;4.858352e-02;6.289370e-02;1.023153e-01;1.027946e-01;1.125084e-01;6.703195e-02;9.570616e-02;8.484385e-02;8.653334e-02
3.627667e-02;7.485642e-02;1.140863e-01;4.504365e-02;5.862585e-02;8.513283e-02;8.901118e-02;1.191399e-01;1.018648e-01;9.316506e-02;8.441558e-02;9.838175e-02
9.016666e-02;6.185728e-02;1.180568e-01;3.908174e-02;6.249687e-02;6.507908e-02;1.011382e-01;8.812740e-02;9.039149e-02;1.107006e-01;1.103416e-01;6.256229e-02
5.854120e-02;3.999238e-02;7.745975e-02;3.673860e-02;5.478720e-02;6.514950e-02;1.515033e-01;1.192057e-01;1.536124e-01;1.087105e-01;1.038696e-01;3.042990e-02
3.492871e-02;5.986850e-02;8.879936e-02;3.719835e-02;4.670261e-02;9.177732e-02;1.097888e-01;1.261273e-01;2.057690e-01;8.609514e-02;6.940813e-02;4.353675e-02
1.691759e-02;7.752535e-02;9.662076e-02;2.591887e-02;3.934861e-02;1.336584e-01;6.106649e-02;1.302955e-01;2.280716e-01;7.374055e-02;6.855838e-02;4.827791e-02
5.043995e-02;8.931541e-02;1.015933e-01;3.930277e-02;5.419719e-02;1.418997e-01;5.583161e-02;9.581142e-02;2.023326e-01;5.021752e-02;6.224019e-02;5.681838e-02
7.266205e-02;9.453233e-02;8.651689e-02;6.470376e-02;7.152955e-02;1.248243e-01;6.557425e-02;9.027617e-02;1.712444e-01;3.727168e-02;5.859869e-02;6.226589e-02
7.774451e-02;8.578999e-02;1.105320e-01;7.956613e-02;7.061015e-02;1.114012e-01;6.103843e-02;7.175679e-02;1.591066e-01;5.137912e-02;5.840682e-02;6.266836e-02
7.850190e-02;6.955846e-02;1.226192e-01;8.156873e-02;5.237046e-02;1.161508e-01;9.678120e-02;6.278303e-02;1.498029e-01;6.833906e-02;4.573938e-02;5.578501e-02
8.546910e-02;1.079298e-01;1.210731e-01;7.706790e-02;7.297444e-02;1.085481e-01;7.327906e-02;6.812692e-02;1.221273e-01;7.248694e-02;3.737405e-02;5.354333e-02
8.522742e-02;1.182179e-01;1.173945e-01;9.331250e-02;5.697950e-02;1.006078e-01;7.530493e-02;9.030438e-02;8.504568e-02;6.842990e-02;5.867460e-02;5.050092e-02
7.994694e-02;9.515482e-02;1.696780e-01;8.636019e-02;6.949531e-02;1.127906e-01;4.521298e-02;8.989459e-02;7.909904e-02;5.944004e-02;5.590289e-02;5.702462e-02
7.533740e-02;5.243203e-02;1.448632e-01;4.401137e-02;1.089562e-01;9.442855e-02;5.937792e-02;8.106803e-02;1.274080e-01;8.753174e-02;3.678700e-02;8.779860e-02
8.935605e-02;3.672801e-02;9.778456e-02;3.727592e-02;9.683117e-02;9.376530e-02;7.613020e-02;1.246313e-01;9.439708e-02;9.893283e-02;6.607752e-02;8.809006e-02
8.699230e-02;4.374278e-02;9.122053e-02;4.868782e-02;9.314067e-02;8.799182e-02;5.848164e-02;1.400784e-01;1.017132e-01;8.615302e-02;8.116142e-02;8.063632e-02
9.132435e-02;5.508303e-02;1.011812e-01;6.019688e-02;7.911035e-02;5.682944e-02;5.372726e-02;1.258745e-01;1.637115e-01;5.598965e-02;9.666681e-02;6.030516e-02
1.070557e-01;6.763996e-02;8.970928e-02;6.892989e-02;4.863288e-02;5.011720e-02;9.803963e-02;7.200577e-02;1.466226e-01;8.840784e-02;1.387822e-01;2.405705e-02
8.149636e-02;8.401792e-02;1.041827e-01;6.120871e-02;4.245097e-02;7.084118e-02;1.084667e-01;6.686848e-02;1.278743e-01;1.008702e-01;1.211282e-01;3.059427e-02
6.147885e-02;1.164482e-01;9.216820e-02;7.355238e-02;4.436097e-02;8.636802e-02;6.073681e-02;4.282044e-02;1.901807e-01;8.402763e-02;1.006550e-01;4.720289e-02
6.634751e-02;1.381302e-01;7.950751e-02;8.876126e-02;4.522786e-02;9.510892e-02;3.098270e-02;1.841082e-02;2.404745e-01;5.694655e-02;7.287681e-02;6.722543e-02
7.413239e-02;1.373725e-01;7.061557e-02;8.871321e-02;5.782064e-02;9.167842e-02;3.638957e-02;2.303997e-02;2.623292e-01;5.128612e-02;5.440467e-02;5.221783e-02
8.209444e-02;1.404016e-01;9.172391e-02;7.360768e-02;6.718925e-02;9.349995e-02;2.854819e-02;2.154189e-02;2.866383e-01;4.591188e-02;4.515538e-02;2.368755e-02
7.892951e-02;1.210071e-01;1.158423e-01;6.647110e-02;6.893876e-02;8.962505e-02;4.850869e-02;3.351281e-02;2.468807e-01;2.878643e-02;6.638888e-02;3.510862e-02
8.657249e-02;7.668185e-02;1.222960e-01;8.230190e-02;7.524168e-02;8.423146e-02;6.816293e-02;5.839161e-02;1.535125e-01;2.519907e-02;1.135512e-01;5.385721e-02
9.610441e-02;8.574025e-02;1.240309e-01;9.607673e-02;6.060090e-02;8.957294e-02;1.029304e-01;3.888967e-02;6.846160e-02;6.206745e-02;1.237949e-01;5.172994e-02
6.596956e-02;9.505673e-02;1.026800e-01;8.613209e-02;7.016177e-02;1.588155e-01;1.103432e-01;2.082271e-02;6.730796e-02;7.721916e-02;9.870345e-02;4.678788e-02
2.948863e-02;8.654781e-02;1.135148e-01;5.803557e-02;9.571799e-02;2.044206e-01;1.241071e-01;2.544464e-02;7.972877e-02;8.733061e-02;7.126755e-02;2.439590e-02
6.248722e-02;7.326049e-02;1.378778e-01;4.815472e-02;7.459567e-02;2.155979e-01;9.556040e-02;3.335388e-02;8.689152e-02;8.880558e-02;5.349442e-02;2.992029e-02
8.482032e-02;7.109675e-02;1.219456e-01;4.835584e-02;3.860093e-02;1.995849e-01;1.665215e-01;4.855277e-02;7.322297e-02;5.460820e-02;5.463821e-02;3.805205e-02
1.153390e-01;9.546603e-02;1.015875e-01;4.521337e-02;5.591355e-02;1.342178e-01;1.823688e-01;5.500640e-02;6.287364e-02;3.907961e-02;3.639458e-02;7.653976e-02
9.302610e-02;8.703799e-02;7.422017e-02;5.272637e-02;9.734353e-02;1.072053e-01;1.176607e-01;3.491990e-02;7.498252e-02;7.872255e-02;5.165043e-02;1.305044e-01
7.896683e-02;4.735263e-02;5.952832e-02;6.831596e-02;1.029011e-01;8.729286e-02;9.060811e-02;2.997081e-02;7.080821e-02;1.147829e-01;1.009451e-01;1.485271e-01
1.076239e-01;4.651579e-02;5.038011e-02;5.002804e-02;9.896144e-02;6.694552e-02;1.061889e-01;4.621103e-02;7.826725e-02;9.889767e-02;1.482092e-01;1.017711e-01
1.121523e-01;6.024405e-02;4.111642e-02;2.655248e-02;6.774520e-02;9.498323e-02;9.901528e-02;7.232816e-02;6.146090e-02;9.482206e-02;2.041064e-01;6.547350e-02
9.915703e-02;5.679559e-02;4.821918e-02;2.668829e-02;5.422890e-02;9.182142e-02;8.654008e-02;7.520159e-02;5.332156e-02;1.254634e-01;2.048274e-01;7.773563e-02
8.783721e-02;4.867715e-02;7.159559e-02;3.796606e-02;4.903998e-02;8.208213e-02;8.131000e-02;5.586580e-02;1.133231e-01;1.846948e-01;1.309949e-01;5.661334e-02
7.225889e-02;6.729601e-02;9.289818e-02;5.302961e-02;6.284489e-02;7.243135e-02;6.510942e-02;1.214526e-01;1.803838e-01;1.311567e-01;5.452402e-02;2.661451e-02
7.644505e-02;7.509451e-02;1.015073e-01;4.756353e-02;6.737404e-02;7.518004e-02;9.301675e-02;1.503384e-01;1.342715e-01;7.426674e-02;6.687393e-02;3.806826e-02
1.209422e-01;8.997437e-02;1.517015e-01;5.667458e-02;8.789495e-02;6.402715e-02;1.334081e-01;6.978799e-02;6.533524e-02;7.352243e-02;4.657629e-02;4.015521e-02
9.110020e-02;7.134207e-02;2.194254e-01;6.216392e-02;1.005072e-01;6.308927e-02;1.444473e-01;3.875173e-02;3.492555e-02;9.180941e-02;4.639372e-02;3.604419e-02
4.879900e-02;6.244045e-02;2.993145e-01;4.644322e-02;9.081137e-02;4.733880e-02;1.247203e-01;4.298184e-02;4.031739e-02;9.569888e-02;5.629231e-02;4.484196e-02
1.386359e-02;7.960474e-02;3.551816e-01;2.448413e-02;6.324346e-02;4.538472e-02;1.204563e-01;5.370341e-02;5.028814e-02;8.056150e-02;5.130088e-02;6.192758e-02
2.415772e-02;1.075762e-01;3.465911e-01;2.640082e-02;2.612669e-02;6.073593e-02;9.288680e-02;8.882720e-02;5.847980e-02;5.081763e-02;3.771555e-02;7.968467e-02
4.267975e-02;1.352125e-01;3.207155e-01;1.846976e-02;1.989856e-02;6.026680e-02;6.043181e-02;1.048274e-01;7.236195e-02;4.307985e-02;3.942490e-02;8.263127e-02
2.675863e-02;1.377122e-01;3.214316e-01;1.645426e-02;1.545941e-02;5.227741e-02;4.080288e-02;9.105422e-02;6.933288e-02;8.070213e-02;6.409088e-02;8.392347e-02
3.417194e-02;1.245326e-01;3.206736e-01;1.977848e-02;1.716239e-02;3.983455e-02;3.198786e-02;6.204398e-02;6.755145e-02;8.994048e-02;1.183464e-01;7.397625e-02
3.424495e-02;1.063675e-01;3.520969e-01;2.979678e-02;3.628555e-02;2.846306e-02;2.437198e-02;4.012977e-02;4.587849e-02;6.806353e-02;1.728367e-01;6.146475e-02
1.511456e-02;9.342241e-02;3.935825e-01;2.189671e-02;4.095517e-02;3.006197e-02;2.230744e-02;2.614297e-02;2.721955e-02;8.585942e-02;1.931206e-01;5.031669e-02
3.111439e-02;9.821223e-02;3.877538e-01;2.370318e-02;4.414170e-02;3.715788e-02;2.108638e-02;1.870945e-02;2.434575e-02;1.057795e-01;1.734729e-01;3.452280e-02
4.223259e-02;9.917877e-02;3.449950e-01;3.837372e-02;5.603527e-02;4.848371e-02;3.588518e-02;1.727878e-02;2.150030e-02;1.175152e-01;1.497631e-01;2.875838e-02
4.884901e-02;9.942736e-02;2.694036e-01;5.222720e-02;6.582637e-02;5.703497e-02;5.556057e-02;2.524029e-02;3.264708e-02;1.198396e-01;1.371873e-01;3.675666e-02
5.764082e-02;1.054300e-01;1.832819e-01;5.353141e-02;6.970087e-02;5.933832e-02;5.201818e-02;3.557293e-02;5.964103e-02;1.141804e-01;1.648347e-01;4.482948e-02
4.302035e-02;9.532420e-02;1.522430e-01;4.579303e-02;6.234604e-02;7.699173e-02;6.835037e-02;2.652732e-02;8.713901e-02;1.192957e-01;1.761866e-01;4.678274e-02
5.107828e-02;5.022822e-02;2.271891e-01;5.226142e-02;5.202660e-02;4.887294e-02;9.437656e-02;2.342714e-02;7.129577e-02;1.547453e-01;1.234707e-01;5.102800e-02
6.073609e-02;3.597516e-02;2.873667e-01;7.895445e-02;3.448203e-02;3.392013e-02;8.649765e-02;2.840905e-02;7.301967e-02;1.521368e-01;8.131266e-02;4.718953e-02
4.113721e-02;1.911623e-02;3.268186e-01;1.004773e-01;4.703704e-02;2.824473e-02;8.389232e-02;3.708756e-02;8.878109e-02;1.057513e-01;7.552600e-02;4.613059e-02
3.387808e-02;2.652863e-02;3.360731e-01;9.430423e-02;6.157077e-02;3.705860e-02;1.058432e-01;4.809722e-02;9.146131e-02;7.211128e-02;5.509902e-02;3.797464e-02
4.416044e-02;4.836687e-02;3.076264e-01;7.067392e-02;6.640849e-02;4.812666e-02;1.224691e-01;5.157091e-02;8.798516e-02;6.790089e-02;5.190680e-02;3.280431e-02
7.393924e-02;6.778892e-02;2.417414e-01;4.340126e-02;6.349087e-02;6.050945e-02;1.212712e-01;6.086119e-02;9.553999e-02;6.486814e-02;6.338992e-02;4.319839e-02
9.520012e-02;5.352126e-02;1.676306e-01;6.719542e-02;5.999654e-02;9.480328e-02;9.840351e-02;4.976913e-02;1.269829e-01;6.994666e-02;5.460224e-02;6.194829e-02
5.480917e-02;5.860359e-02;2.149378e-01;8.038782e-02;3.798563e-02;7.779013e-02;7.877772e-02;5.897802e-02;1.267077e-01;6.771427e-02;8.869069e-02;5.461751e-02
4.071216e-02;7.219326e-02;2.053452e-01;8.197859e-02;4.625255e-02;5.787375e-02;9.591870e-02;5.138210e-02;9.730452e-02;9.266470e-02;8.869486e-02;6.967968e-02
4.743469e-02;9.566970e-02;1.425787e-01;4.972549e-02;6.333085e-02;5.410281e-02;1.205070e-01;4.330610e-02;1.178066e-01;9.697695e-02;8.445010e-02;8.411101e-02
4.471618e-02;9.402326e-02;9.366077e-02;4.983984e-02;6.390298e-02;5.140516e-02;1.199497e-01;7.473010e-02;1.488923e-01;7.415575e-02;8.496008e-02;9.976397e-02
7.396068e-02;8.254310e-02;1.090619e-01;7.333498e-02;5.198920e-02;5.063076e-02;9.002894e-02;5.796698e-02;1.374005e-01;9.658676e-02;8.345292e-02;9.304322e-02
1.097704e-01;7.714953e-02;8.432793e-02;6.106174e-02;5.102643e-02;5.358182e-02;9.339110e-02;5.422685e-02;1.161328e-01;1.184301e-01;1.052558e-01;7.564545e-02
1.054831e-01;4.170978e-02;7.678891e-02;5.757418e-02;5.309707e-02;9.436724e-02;1.081329e-01;6.441885e-02;1.021783e-01;9.332594e-02;1.380775e-01;6.484617e-02
8.721787e-02;2.978501e-02;9.043832e-02;6.431518e-02;5.791335e-02;1.082366e-01;1.138236e-01;8.114415e-02;8.489355e-02;5.606386e-02;1.425573e-01;8.361117e-02
6.861641e-02;5.943827e-02;1.393900e-01;1.082470e-01;9.327142e-02;6.098709e-02;1.357576e-01;8.318295e-02;9.372032e-02;4.658581e-02;6.989230e-02;4.091088e-02
6.785842e-02;4.376959e-02;1.531931e-01;1.079926e-01;7.596862e-02;6.829673e-02;1.743810e-01;1.024053e-01;7.968128e-02;4.561134e-02;5.215419e-02;2.868797e-02
5.920424e-02;3.002455e-02;1.975659e-01;1.083721e-01;6.085975e-02;4.461052e-02;2.139549e-01;9.275630e-02;6.229053e-02;6.577244e-02;4.493197e-02;1.965682e-02
3.866603e-02;3.337783e-02;2.394754e-01;7.833871e-02;5.426256e-02;4.775618e-02;2.388678e-01;7.160687e-02;5.649824e-02;1.049047e-01;2.531562e-02;1.093005e-02
2.732527e-02;5.816574e-02;2.348501e-01;4.047963e-02;4.572713e-02;7.726051e-02;2.103602e-01;5.926201e-02;7.312122e-02;1.232606e-01;3.278314e-02;1.740448e-02
2.990454e-02;9.761786e-02;1.766418e-01;2.648597e-02;3.473204e-02;1.356416e-01;1.210805e-01;7.186715e-02;1.302307e-01;9.967526e-02;4.046293e-02;3.565971e-02
6.130842e-02;1.424382e-01;1.253287e-01;3.428036e-02;3.332267e-02;1.667629e-01;4.241747e-02;6.087468e-02;1.959185e-01;5.387805e-02;3.345344e-02;5.001647e-02
9.230530e-02;1.641205e-01;1.104367e-01;4.143937e-02;5.210193e-02;1.521011e-01;3.584410e-02;3.114001e-02;2.063756e-01;3.486849e-02;3.081365e-02;4.845316e-02
1.274396e-01;1.776996e-01;7.298367e-02;4.974442e-02;6.067982e-02;1.253328e-01;4.004182e-02;1.688676e-02;2.100604e-01;4.101094e-02;3.405125e-02;4.406888e-02
1.551546e-01;1.887050e-01;9.790225e-02;4.111119e-02;5.601169e-02;9.153371e-02;2.592053e-02;2.423748e-02;2.096537e-01;4.161780e-02;2.489389e-02;4.325823e-02
1.995650e-01;1.962672e-01;7.719668e-02;3.956517e-02;5.108000e-02;6.729183e-02;2.540376e-02;2.323123e-02;2.160808e-01;4.689794e-02;2.793497e-02;2.948551e-02
2.040773e-01;1.643628e-01;1.205922e-01;4.270348e-02;4.585481e-02;5.725428e-02;3.831805e-02;2.673243e-02;2.123827e-01;4.078140e-02;2.497850e-02;2.196195e-02
1.425644e-01;1.133074e-01;1.485392e-01;5.127611e-02;4.750130e-02;6.251565e-02;7.552779e-02;2.997871e-02;2.110788e-01;4.073193e-02;3.525430e-02;4.172441e-02
9.122102e-02;5.618218e-02;1.515224e-01;5.026039e-02;5.006872e-02;7.271249e-02;1.430754e-01;5.758300e-02;1.672465e-01;4.237844e-02;7.536839e-02;4.238106e-02
8.880579e-02;6.745838e-02;1.699500e-01;4.868684e-02;5.457998e-02;6.957819e-02;1.924030e-01;4.851930e-02;9.213703e-02;4.867329e-02;8.966441e-02;2.954386e-02
1.010540e-01;6.581481e-02;1.688809e-01;5.966139e-02;4.772796e-02;7.131256e-02;1.906533e-01;6.095952e-02;5.704150e-02;6.267498e-02;8.033200e-02;3.388711e-02
9.640428e-02;6.701300e-02;1.460207e-01;6.053610e-02;3.529637e-02;6.809539e-02;2.222138e-01;6.237936e-02;5.705391e-02;8.105623e-02;4.976021e-02;5.417063e-02
1.320234e-01;8.983340e-02;1.024814e-01;5.999435e-02;3.649715e-02;6.559549e-02;2.279865e-01;6.980517e-02;5.735001e-02;6.569258e-02;4.135686e-02;5.138378e-02
1.163217e-01;1.165542e-01;1.033091e-01;5.326637e-02;3.594929e-02;8.286210e-02;2.331135e-01;7.648955e-02;5.268398e-02;4.115089e-02;4.773526e-02;4.056412e-02
8.271993e-02;1.210929e-01;9.152021e-02;6.569403e-02;5.066521e-02;7.180525e-02;2.370763e-01;7.121574e-02;4.930038e-02;7.074299e-02;3.107462e-02;5.709245e-02
1.357860e-01;1.392461e-01;1.029069e-01;6.557617e-02;4.199368e-02;5.265097e-02;1.936715e-01;5.901090e-02;4.171949e-02;8.932718e-02;3.421184e-02;4.389938e-02
1.229830e-01;1.648753e-01;1.264008e-01;6.284519e-02;4.581366e-02;5.650808e-02;1.531022e-01;5.285004e-02;5.633551e-02;7.814934e-02;3.573777e-02;4.439904e-02
1.081421e-01;1.469929e-01;1.580464e-01;6.822006e-02;7.243888e-02;7.668067e-02;1.183727e-01;4.123057e-02;6.673139e-02;5.729854e-02;4.308965e-02;4.275625e-02
1.171453e-01;1.220939e-01;1.678478e-01;5.874430e-02;5.956034e-02;1.116472e-01;1.466824e-01;3.379843e-02;6.392347e-02;3.437625e-02;5.239968e-02;3.178084e-02
9.181714e-02;7.945476e-02;1.596180e-01;7.138165e-02;1.041064e-01;1.014011e-01;1.668574e-01;3.401891e-02;6.870077e-02;3.833381e-02;5.411430e-02;3.019575e-02
8.072272e-02;9.608872e-02;2.349277e-01;7.799805e-02;7.948979e-02;9.708608e-02;1.377719e-01;2.840023e-02;6.194170e-02;2.911318e-02;4.820305e-02;2.825684e-02
1.030591e-01;1.099522e-01;2.898717e-01;6.082128e-02;5.605787e-02;7.494760e-02;1.030614e-01;2.512076e-02;5.655648e-02;4.520468e-02;5.834651e-02;1.700036e-02
1.040623e-01;8.550933e-02;2.766009e-01;4.440029e-02;5.420533e-02;4.369041e-02;1.494382e-01;3.788410e-02;5.479623e-02;5.050178e-02;8.157919e-02;1.733189e-02
8.770046e-02;6.988817e-02;2.780706e-01;5.103469e-02;6.491520e-02;3.819049e-02;1.555174e-01;5.021537e-02;5.094074e-02;4.349244e-02;9.067500e-02;1.935938e-02
6.833892e-02;7.016870e-02;2.729933e-01;5.779916e-02;9.013441e-02;5.706900e-02;1.388247e-01;4.236417e-02;4.448686e-02;4.919521e-02;9.189943e-02;1.672609e-02
5.633923e-02;6.004302e-02;2.830848e-01;5.045642e-02;1.045366e-01;6.779161e-02;1.550967e-01;3.768381e-02;4.002587e-02;4.713545e-02;7.733232e-02;2.047422e-02
3.514269e-02;6.355007e-02;3.297399e-01;8.096614e-02;8.474790e-02;1.015624e-01;1.014228e-01;3.073708e-02;5.431829e-02;3.319279e-02;5.228969e-02;3.233021e-02
3.671136e-02;6.267706e-02;3.311364e-01;9.186159e-02;6.304541e-02;1.205207e-01;5.756081e-02;5.782487e-02;6.117783e-02;4.327236e-02;2.331336e-02;5.089825e-02
4.127555e-02;4.601838e-02;3.174835e-01;6.067210e-02;5.521064e-02;8.574552e-02;7.400750e-02;9.423291e-02;7.828094e-02;5.323320e-02;3.861076e-02;5.522898e-02
3.921542e-02;4.082602e-02;3.436476e-01;4.988499e-02;4.316722e-02;6.052298e-02;1.361276e-01;9.919348e-02;7.022717e-02;3.753115e-02;3.790355e-02;4.175283e-02
4.567638e-02;5.392382e-02;4.104293e-01;4.226277e-02;4.893162e-02;4.269613e-02;1.887921e-01;5.142342e-02;4.805781e-02;2.051394e-02;2.722928e-02;2.006345e-02
6.006559e-02;8.098473e-02;4.037498e-01;6.099683e-02;5.896262e-02;4.106583e-02;1.663157e-01;2.417736e-02;3.648526e-02;2.462340e-02;3.467835e-02;7.894474e-03
5.896751e-02;9.066398e-02;3.541489e-01;9.339408e-02;6.886257e-02;5.550421e-02;1.127219e-01;6.411961e-02;2.554790e-02;2.024703e-02;4.208244e-02;1.373986e-02
4.835128e-02;7.716523e-02;2.790265e-01;1.226893e-01;9.109381e-02;9.109738e-02;9.332283e-02;8.663171e-02;2.186077e-02;2.053502e-02;4.959096e-02;1.863517e-02
5.753403e-02;7.874301e-02;2.040604e-01;1.218573e-01;1.220461e-01;9.249951e-02;6.964161e-02;8.587211e-02;4.143492e-02;3.739743e-02;5.962373e-02;2.928990e-02
8.929814e-02;7.361322e-02;2.012126e-01;1.095711e-01;1.557425e-01;6.209523e-02;5.809060e-02;4.758381e-02;6.280126e-02;3.447203e-02;5.236980e-02;5.314974e-02
9.814333e-02;6.089161e-02;2.362446e-01;9.487396e-02;1.633768e-01;7.657669e-02;7.001215e-02;3.583930e-02;6.511784e-02;1.422383e-02;3.149249e-02;5.320743e-02
9.369081e-02;7.800160e-02;2.800695e-01;8.128510e-02;1.318407e-01;6.548826e-02;7.991572e-02;5.068622e-02;5.377305e-02;2.181878e-02;2.507015e-02;3.836005e-02
8.745745e-02;9.505861e-02;3.392000e-01;8.155700e-02;9.644111e-02;3.806845e-02;7.483383e-02;4.763112e-02;5.141167e-02;2.806564e-02;3.389216e-02;2.638289e-02
4.831310e-02;8.966064e-02;3.593680e-01;7.351974e-02;9.680481e-02;3.723353e-02;1.091032e-01;4.398179e-02;5.644300e-02;1.859225e-02;4.415183e-02;2.282811e-02
2.548261e-02;8.155871e-02;1.878364e-01;1.044111e-01;1.557053e-01;7.627356e-02;1.457771e-01;3.015455e-02;6.426367e-02;3.046946e-02;6.558973e-02;3.247779e-02
5.087492e-02;9.111819e-02;2.391609e-01;9.983741e-02;9.190376e-02;6.916506e-02;8.191447e-02;5.891226e-02;4.875498e-02;3.578404e-02;7.865581e-02;5.391826e-02
7.048500e-02;1.153050e-01;2.847596e-01;7.937489e-02;7.784915e-02;5.036670e-02;8.225720e-02;5.874739e-02;3.595643e-02;4.545278e-02;5.536909e-02;4.407668e-02
7.867560e-02;8.924338e-02;1.917803e-01;5.242133e-02;9.272131e-02;9.359459e-02;8.136916e-02;3.076258e-02;6.935225e-02;1.022323e-01;6.155922e-02;5.628798e-02
8.390537e-02;8.638720e-02;1.416195e-01;6.939755e-02;8.624005e-02;9.950407e-02;9.100439e-02;3.176824e-02;6.453709e-02;1.213689e-01;5.846161e-02;6.580596e-02
8.904936e-02;1.104170e-01;1.298839e-01;8.145852e-02;7.074999e-02;8.117640e-02;8.775514e-02;3.464472e-02;6.309903e-02;1.141740e-01;6.169331e-02;7.589867e-02
8.062930e-02;1.111258e-01;1.308343e-01;8.504678e-02;5.998114e-02;5.930967e-02;1.031476e-01;3.212926e-02;7.662454e-02;1.023000e-01;7.997082e-02;7.890075e-02
6.316380e-02;1.057554e-01;1.131048e-01;7.192805e-02;8.012404e-02;7.292326e-02;8.483608e-02;3.438086e-02;8.351431e-02;1.000591e-01;1.166982e-01;7.351208e-02
5.227331e-02;1.027880e-01;1.318235e-01;7.369886e-02;9.519225e-02;4.599171e-02;1.143897e-01;5.590498e-02;8.163967e-02;1.085412e-01;9.613884e-02;4.161799e-02
6.923978e-02;1.167002e-01;1.463990e-01;6.950369e-02;8.603245e-02;5.606056e-02;1.189497e-01;3.619497e-02;7.054536e-02;1.098464e-01;7.244337e-02;4.808458e-02
8.221583e-02;8.967508e-02;1.696519e-01;8.116928e-02;7.996076e-02;6.574736e-02;1.327181e-01;3.733327e-02;6.415497e-02;1.080910e-01;6.426584e-02;2.501661e-02
1.133407e-01;6.767300e-02;1.659687e-01;7.850613e-02;9.837452e-02;7.444241e-02;1.231471e-01;5.518288e-02;5.940645e-02;7.928127e-02;5.523691e-02;2.943986e-02
1.157706e-01;1.157278e-01;1.263412e-01;6.848245e-02;1.037851e-01;7.922389e-02;1.173831e-01;6.437790e-02;5.471217e-02;6.333157e-02;5.277245e-02;3.809174e-02
8.126272e-02;1.096800e-01;1.310187e-01;1.031224e-01;6.779037e-02;8.187650e-02;1.025579e-01;7.350615e-02;7.036857e-02;7.426330e-02;6.211945e-02;4.243386e-02
8.434479e-02;7.718521e-02;1.155548e-01;8.228473e-02;5.933492e-02;8.087786e-02;1.593727e-01;6.612790e-02;7.035003e-02;8.690348e-02;5.893981e-02;5.872374e-02
1.299167e-01;8.375327e-02;1.436695e-01;7.515832e-02;6.186816e-02;8.139934e-02;1.176220e-01;4.519467e-02;7.428677e-02;6.998470e-02;6.173983e-02;5.540679e-02
1.471521e-01;1.061220e-01;1.590677e-01;8.962975e-02;6.599583e-02;5.195426e-02;1.048885e-01;4.120177e-02;7.127862e-02;5.482360e-02;5.041250e-02;5.747345e-02
1.075664e-01;1.115610e-01;2.748970e-01;8.681430e-02;6.348877e-02;3.087479e-02;7.539921e-02;3.614612e-02;6.839527e-02;5.915068e-02;3.485529e-02;5.085111e-02
4.108757e-02;9.305928e-02;3.583916e-01;9.194596e-02;6.575792e-02;5.209881e-02;6.533140e-02;2.574012e-02;7.296624e-02;6.079164e-02;2.321474e-02;4.961474e-02
3.610388e-02;1.078399e-01;2.845382e-01;1.051401e-01;6.220393e-02;1.051682e-01;6.605088e-02;2.271734e-02;1.012697e-01;4.125086e-02;1.655266e-02;5.116430e-02
4.861178e-02;1.464662e-01;1.533512e-01;1.171344e-01;3.947821e-02;1.903314e-01;4.911470e-02;2.097335e-02;1.529505e-01;1.904843e-02;1.044992e-02;5.208997e-02
4.706638e-02;1.528336e-01;8.061204e-02;1.051978e-01;4.439524e-02;2.598971e-01;3.160475e-02;1.708202e-02;1.921675e-01;1.287052e-02;1.500362e-02;4.126956e-02
4.738349e-02;1.366969e-01;7.392388e-02;8.630293e-02;5.440605e-02;2.951931e-01;2.574060e-02;2.125636e-02;2.049896e-01;1.311988e-02;1.775065e-02;2.323660e-02
6.388728e-02;1.311937e-01;4.658464e-02;7.512277e-02;6.521108e-02;3.073119e-01;3.520563e-02;2.264004e-02;2.072458e-01;1.427139e-02;1.948911e-02;1.183676e-02
6.031613e-02;1.230434e-01;6.509659e-02;5.798867e-02;7.514342e-02;2.703130e-01;4.351526e-02;3.470876e-02;1.997172e-01;2.820205e-02;3.199310e-02;9.962379e-03
7.160275e-02;1.201892e-01;5.782937e-02;6.535625e-02;9.083584e-02;2.283685e-01;5.668982e-02;2.737358e-02;1.907611e-01;2.689895e-02;4.500289e-02;1.909178e-02
9.060340e-02;9.948028e-02;9.480826e-02;6.717122e-02;1.108650e-01;1.931956e-01;6.712768e-02;3.400577e-02;1.389766e-01;2.907853e-02;5.116165e-02;2.352597e-02
1.122051e-01;6.945582e-02;1.023949e-01;6.027356e-02;1.420964e-01;1.374400e-01;1.296521e-01;4.129302e-02;9.167823e-02;3.116607e-02;6.599001e-02;1.635481e-02
1.302374e-01;6.277245e-02;1.063529e-01;4.922289e-02;1.478876e-01;9.132384e-02;1.746315e-01;4.585947e-02;7.563717e-02;2.439426e-02;7.583957e-02;1.584104e-02
1.295337e-01;5.961929e-02;1.137965e-01;5.383454e-02;1.201806e-01;9.119207e-02;1.646520e-01;6.824456e-02;5.628113e-02;3.343380e-02;7.895075e-02;3.028102e-02
1.043756e-01;6.618357e-02;1.439210e-01;6.990838e-02;8.205810e-02;1.066092e-01;1.256177e-01;6.861243e-02;4.796307e-02;5.443814e-02;8.094187e-02;4.937102e-02
7.166441e-02;5.967252e-02;1.220878e-01;6.387261e-02;8.686178e-02;1.883510e-01;8.916722e-02;5.079602e-02;4.855619e-02;7.067682e-02;8.776895e-02;6.052465e-02
1.034429e-01;5.838265e-02;4.373353e-02;4.083001e-02;8.174814e-02;2.617360e-01;1.308558e-01;5.025316e-02;3.560617e-02;7.860434e-02;7.231794e-02;4.248926e-02
1.148304e-01;7.479007e-02;8.799659e-02;4.391098e-02;9.899402e-02;2.112485e-01;1.066159e-01;4.885643e-02;5.886896e-02;6.733656e-02;5.379690e-02;3.275470e-02
9.948439e-02;8.861127e-02;1.266534e-01;4.514352e-02;1.362430e-01;1.325410e-01;1.522620e-01;4.045114e-02;4.752295e-02;4.544190e-02;4.474024e-02;4.090514e-02
1.541128e-01;9.741387e-02;1.355016e-01;5.773355e-02;1.521387e-01;5.990507e-02;1.445254e-01;3.868303e-02;4.356334e-02;3.881422e-02;4.385661e-02;3.375178e-02
2.060671e-01;7.709186e-02;1.425148e-01;9.282055e-02;1.129208e-01;5.601459e-02;1.167411e-01;4.044674e-02;3.473116e-02;4.578584e-02;3.616280e-02;3.870274e-02
2.476816e-01;4.706278e-02;1.226311e-01;1.132394e-01;5.687198e-02;3.867172e-02;1.381435e-01;6.842752e-02;3.010443e-02;6.022162e-02;3.112069e-02;4.582365e-02
2.284560e-01;4.333884e-02;1.245850e-01;7.127802e-02;7.004041e-02;4.069055e-02;1.618342e-01;8.753309e-02;2.995897e-02;6.192862e-02;2.993918e-02;5.041716e-02
2.405038e-01;5.005630e-02;1.002663e-01;5.892818e-02;6.901786e-02;5.238545e-02;1.871362e-01;8.216781e-02;2.353810e-02;4.550397e-02;2.769821e-02;6.279786e-02
2.365373e-01;7.384198e-02;8.433612e-02;6.229636e-02;4.391655e-02;4.564555e-02;1.984142e-01;9.959813e-02;1.778764e-02;4.431699e-02;2.574558e-02;6.756359e-02
2.352015e-01;6.361862e-02;6.507958e-02;6.898473e-02;4.581988e-02;3.761591e-02;2.071546e-01;1.116908e-01;1.908136e-02;4.803798e-02;2.955105e-02;6.816401e-02
2.260684e-01;4.667078e-02;1.125672e-01;6.573111e-02;4.845624e-02;4.383428e-02;2.044035e-01;9.856860e-02;1.814158e-02;5.073290e-02;2.871658e-02;5.610881e-02
2.135207e-01;5.131755e-02;1.144726e-01;6.536964e-02;4.760686e-02;3.742146e-02;2.009006e-01;9.103113e-02;2.788342e-02;6.037328e-02;2.184583e-02;6.825694e-02
2.313703e-01;5.536888e-02;1.159421e-01;6.744634e-02;3.008016e-02;3.613338e-02;1.888973e-01;9.573275e-02;2.708804e-02;5.836061e-02;2.063301e-02;7.294714e-02
2.033732e-01;5.118262e-02;1.145392e-01;8.307406e-02;3.923858e-02;5.053826e-02;1.972970e-01;8.918276e-02;3.448215e-02;4.772433e-02;2.240368e-02;6.696424e-02
1.604425e-01;3.504870e-02;1.243671e-01;1.111216e-01;4.720458e-02;5.988050e-02;2.159799e-01;7.985082e-02;3.400607e-02;3.664092e-02;3.058433e-02;6.487309e-02
1.676224e-01;3.182666e-02;8.377289e-02;8.675190e-02;7.141623e-02;6.427769e-02;2.304216e-01;8.178066e-02;3.186223e-02;4.523400e-02;3.450939e-02;7.052434e-02
1.512093e-01;3.759262e-02;4.494254e-02;1.005492e-01;6.615694e-02;7.009640e-02;2.538820e-01;7.407805e-02;2.772210e-02;5.385795e-02;3.129004e-02;8.862288e-02
1.022992e-01;5.626593e-02;9.398962e-02;1.192491e-01;6.214431e-02;8.231254e-02;2.412384e-01;6.203226e-02;2.655556e-02;4.645614e-02;2.852895e-02;7.892793e-02
5.821708e-02;7.348047e-02;1.087835e-01;9.895226e-02;4.868001e-02;8.720659e-02;2.514791e-01;6.234664e-02;2.979120e-02;6.182007e-02;4.163903e-02;7.760401e-02
1.127995e-01;8.665600e-02;9.758966e-02;4.224033e-02;5.509096e-02;7.526295e-02;2.414623e-01;6.406956e-02;3.791767e-02;8.572748e-02;5.026821e-02;5.091525e-02
1.089671e-01;8.429582e-02;1.107460e-01;4.214812e-02;5.961907e-02;6.698135e-02;2.560761e-01;5.520020e-02;3.649287e-02;1.006407e-01;4.370539e-02;3.512726e-02
1.098374e-01;7.529784e-02;1.058223e-01;4.474166e-02;4.311852e-02;5.825468e-02;3.124188e-01;3.839457e-02;2.556748e-02;9.650066e-02;5.129747e-02;3.874859e-02
1.131626e-01;6.563769e-02;8.594647e-02;3.989814e-02;5.475511e-02;6.662087e-02;3.440905e-01;3.646909e-02;2.821432e-02;6.793407e-02;5.256440e-02;4.470674e-02
9.542517e-02;7.223395e-02;9.445343e-02;3.656887e-02;6.019085e-02;7.848775e-02;3.295416e-01;4.678428e-02;2.442925e-02;4.535215e-02;4.702445e-02;6.950822e-02
1.022457e-01;6.253168e-02;9.882738e-02;5.619519e-02;5.631949e-02;6.605408e-02;2.699407e-01;5.279706e-02;2.553683e-02;5.800220e-02;6.110591e-02;9.044381e-02
9.644713e-02;6.916349e-02;1.260264e-01;6.016572e-02;6.541099e-02;9.127650e-02;1.699855e-01;3.741741e-02;4.076500e-02;8.360079e-02;8.006714e-02;7.967393e-02
9.321467e-02;8.595712e-02;9.105553e-02;7.378726e-02;4.196697e-02;9.459697e-02;1.395575e-01;5.571403e-02;6.270234e-02;1.006406e-01;8.740398e-02;7.340296e-02
8.379994e-02;8.923827e-02;7.222348e-02;8.871157e-02;7.324079e-02;9.285245e-02;1.176451e-01;6.871118e-02;1.046698e-01;9.304386e-02;5.806442e-02;5.779904e-02
7.356386e-02;7.604796e-02;6.634367e-02;9.333529e-02;7.060306e-02;8.157979e-02;1.039277e-01;1.037959e-01;1.117945e-01;7.109838e-02;6.299546e-02;8.491432e-02
7.448573e-02;6.670454e-02;1.081827e-01;8.061271e-02;5.760626e-02;9.421942e-02;1.012528e-01;1.240236e-01;7.124358e-02;6.833217e-02;8.434416e-02;6.899229e-02
7.868191e-02;4.943347e-02;1.308605e-01;6.588963e-02;7.455000e-02;1.302066e-01;1.064975e-01;1.119038e-01;4.089890e-02;9.242301e-02;6.579430e-02;5.286039e-02
8.187814e-02;8.197109e-02;1.011228e-01;6.365984e-02;7.635516e-02;8.920921e-02;1.336006e-01;6.663192e-02;6.876402e-02;1.193936e-01;6.736072e-02;5.005291e-02
6.956486e-02;8.972493e-02;1.916986e-01;5.133535e-02;1.257851e-01;5.760570e-02;1.200516e-01;4.636209e-02;8.212954e-02;9.102418e-02;5.480072e-02;1.991740e-02
4.096149e-02;1.057018e-01;3.064311e-01;4.648421e-02;1.410132e-01;6.407042e-02;8.254296e-02;2.932015e-02;6.875968e-02;5.042982e-02;2.585297e-02;3.843214e-02
