4.419070e-02;3.498479e-02;9.713227e-02;7.406908e-02;6.956044e-02;1.052722e-01;1.042011e-01;8.737762e-02;7.779258e-02;1.704837e-01;3.360849e-02;1.013271e-01
8.331005e-02;5.163825e-02;1.621325e-01;7.279700e-02;8.067059e-02;6.728715e-02;9.851361e-02;7.949196e-02;5.355931e-02;1.282116e-01;1.894308e-02;1.034449e-01
1.146326e-01;3.409147e-02;2.107852e-01;5.031706e-02;9.196178e-02;7.163689e-02;1.093360e-01;5.560443e-02;4.943689e-02;6.285615e-02;4.143593e-02;1.079057e-01
6.534426e-02;3.384083e-02;2.209650e-01;4.306033e-02;1.178226e-01;6.456424e-02;1.660648e-01;4.831736e-02;6.188274e-02;4.868584e-02;5.997457e-02;6.947743e-02
1.227349e-01;7.558072e-02;2.298468e-01;3.692760e-02;6.866288e-02;4.600914e-02;1.586764e-01;3.627281e-02;6.799541e-02;5.449482e-02;4.548607e-02;5.731243e-02
1.396972e-01;1.049449e-01;2.519525e-01;3.109876e-02;4.736772e-02;3.643244e-02;1.125147e-01;2.860283e-02;7.331647e-02;6.340846e-02;2.884211e-02;8.182191e-02
1.270068e-01;1.393861e-01;2.458526e-01;2.894070e-02;3.403950e-02;3.110146e-02;4.907479e-02;2.199899e-02;9.248171e-02;5.840045e-02;5.323223e-02;1.184847e-01
1.162885e-01;1.847390e-01;1.834361e-01;2.077838e-02;1.953324e-02;2.955949e-02;4.417375e-02;2.365887e-02;1.279196e-01;3.489474e-02;6.062920e-02;1.543891e-01
9.581682e-02;2.058241e-01;2.279523e-01;1.555175e-02;1.112221e-02;3.403481e-02;3.684558e-02;1.495199e-02;1.556193e-01;2.971609e-02;3.554326e-02;1.370219e-01
7.097697e-02;1.932475e-01;3.208277e-01;1.848899e-02;1.199239e-02;3.945441e-02;2.936417e-02;7.513773e-03;1.524193e-01;5.183016e-02;1.268410e-02;9.120051e-02
1.360692e-01;1.630563e-01;3.025980e-01;2.876556e-02;2.735565e-02;3.771785e-02;1.108563e-02;1.271141e-02;1.213533e-01;6.960682e-02;3.111352e-02;5.856680e-02
1.926699e-01;2.078881e-01;2.027570e-01;4.550498e-02;3.652904e-02;2.445728e-02;2.864845e-02;1.800096e-02;7.851920e-02;5.218085e-02;3.607694e-02;7.676725e-02
1.125272e-01;2.243435e-01;2.225031e-01;7.277205e-02;4.773699e-02;4.007129e-02;4.353901e-02;1.319995e-02;3.518499e-02;6.359835e-02;5.974893e-02;6.477454e-02
4.690915e-02;1.659973e-01;1.920308e-01;7.800768e-02;7.327509e-02;8.599254e-02;6.414531e-02;1.083312e-02;5.448237e-02;9.987067e-02;1.042561e-01;2.419994e-02
5.156008e-02;1.594430e-01;1.042601e-01;4.719106e-02;7.802930e-02;7.605086e-02;6.176630e-02;2.266153e-02;6.291758e-02;1.146881e-01;1.357614e-01;8.567065e-02
6.094333e-02;1.620914e-01;5.995842e-02;4.798884e-02;8.534154e-02;4.013104e-02;3.766424e-02;4.218258e-02;6.156578e-02;1.557890e-01;1.039500e-01;1.423937e-01
6.065375e-02;1.226648e-01;4.926609e-02;5.505193e-02;6.687435e-02;3.152264e-02;6.570136e-02;6.746537e-02;6.018193e-02;1.509849e-01;8.097501e-02;1.886579e-01
6.247694e-02;1.049856e-01;6.803048e-02;5.339098e-02;7.531825e-02;3.176642e-02;7.224339e-02;7.084025e-02;6.715985e-02;1.159297e-01;1.131819e-01;1.646762e-01
6.609336e-02;9.041581e-02;1.232415e-01;5.072298e-02;9.242727e-02;3.338131e-02;6.907633e-02;6.199847e-02;7.340915e-02;8.576304e-02;1.346430e-01;1.188278e-01
1.446895e-01;1.158721e-01;1.810279e-01;3.617920e-02;1.081466e-01;1.935604e-02;6.172722e-02;5.082315e-02;5.976354e-02;5.247904e-02;1.132769e-01;5.665872e-02
1.855347e-01;2.113412e-01;2.485446e-01;3.256838e-02;7.165031e-02;2.550212e-02;4.007126e-02;3.346102e-02;3.703700e-02;2.472720e-02;6.398493e-02;2.557722e-02
1.076635e-01;2.214647e-01;2.859730e-01;5.550551e-02;3.927208e-02;3.553470e-02;1.954674e-02;4.561005e-02;6.350885e-02;2.262238e-02;8.439992e-02;1.889850e-02
1.530789e-01;1.370931e-01;1.878276e-01;4.963611e-02;4.963757e-02;2.487523e-02;3.940802e-02;1.296441e-01;6.691554e-02;2.662951e-02;1.205662e-01;1.468809e-02
1.697910e-01;7.390722e-02;8.508940e-02;4.082198e-02;4.487388e-02;2.083649e-02;6.239065e-02;2.478433e-01;6.108562e-02;7.125834e-02;8.998208e-02;3.212001e-02
8.773195e-02;5.325598e-02;4.536049e-02;6.028748e-02;1.574264e-02;2.241008e-02;1.443283e-01;2.423213e-01;5.744401e-02;1.428093e-01;3.726539e-02;9.104317e-02
3.259541e-02;5.553660e-02;3.483245e-02;8.850541e-02;9.635739e-03;1.925921e-02;2.394038e-01;1.346423e-01;4.777268e-02;1.389658e-01;1.895229e-02;1.798983e-01
2.090400e-02;6.363034e-02;2.535617e-02;9.363765e-02;1.239577e-02;2.389800e-02;2.805114e-01;5.036556e-02;6.098836e-02;6.519009e-02;3.184009e-02;2.712826e-01
2.229416e-02;5.861923e-02;2.936596e-02;6.576896e-02;1.693354e-02;3.285704e-02;2.604426e-01;5.417826e-02;7.366570e-02;2.151087e-02;5.884639e-02;3.055173e-01
1.627533e-02;5.580828e-02;3.565483e-02;4.959190e-02;1.846745e-02;3.362323e-02;2.484493e-01;5.554356e-02;7.169844e-02;3.637511e-02;6.370464e-02;3.148079e-01
2.668376e-02;6.403708e-02;2.192009e-02;7.013615e-02;1.608210e-02;2.070290e-02;2.442389e-01;2.877118e-02;4.436879e-02;9.140408e-02;3.741583e-02;3.342392e-01
4.235607e-02;5.845404e-02;1.783522e-02;7.862359e-02;1.116610e-02;1.700720e-02;2.392416e-01;4.692278e-02;2.731948e-02;1.428982e-01;2.346597e-02;2.947097e-01
1.195962e-01;3.934148e-02;3.973849e-02;5.810495e-02;1.924390e-02;1.650790e-02;2.187512e-01;1.217193e-01;2.642425e-02;1.258571e-01;4.703510e-02;1.676801e-01
1.732386e-01;3.915893e-02;5.253161e-02;3.443962e-02;3.474797e-02;2.842689e-02;1.904424e-01;1.936642e-01;5.104361e-02;6.667718e-02;8.654150e-02;4.908743e-02
1.855995e-01;9.312829e-02;5.300137e-02;2.320349e-02;3.667388e-02;2.937224e-02;1.189041e-01;1.827069e-01;9.703428e-02;3.696259e-02;1.126813e-01;3.073200e-02
2.178983e-01;1.440679e-01;7.756753e-02;2.489258e-02;1.795002e-02;1.791919e-02;6.386340e-02;1.229189e-01;1.118379e-01;3.260531e-02;1.133169e-01;5.516200e-02
2.146765e-01;1.462892e-01;8.952001e-02;2.426030e-02;2.358674e-02;1.398437e-02;7.874096e-02;6.547537e-02;8.405275e-02;4.253641e-02;1.087236e-01;1.081538e-01
1.366561e-01;1.218654e-01;7.712046e-02;2.838184e-02;3.428338e-02;2.223821e-02;1.225047e-01;1.203144e-01;4.163300e-02;4.591425e-02;8.169556e-02;1.673927e-01
6.676126e-02;7.562625e-02;6.589032e-02;3.164807e-02;2.787902e-02;2.547800e-02;1.431385e-01;1.536746e-01;9.298430e-02;4.275282e-02;6.452418e-02;2.096426e-01
7.649068e-02;7.600806e-02;8.065959e-02;2.528950e-02;2.271933e-02;3.330679e-02;1.369429e-01;7.352847e-02;1.263373e-01;3.903453e-02;8.490312e-02;2.247797e-01
9.657288e-02;8.302814e-02;1.059384e-01;2.881604e-02;2.693364e-02;4.361922e-02;1.539605e-01;4.695439e-02;1.165843e-01;3.538630e-02;5.599488e-02;2.062113e-01
9.407134e-02;7.012280e-02;8.526254e-02;3.301628e-02;3.012735e-02;4.512432e-02;2.040616e-01;1.146944e-01;9.722077e-02;4.743327e-02;2.695090e-02;1.519144e-01
7.954615e-02;9.394968e-02;8.658160e-02;3.702518e-02;2.495820e-02;4.919526e-02;1.965112e-01;1.656868e-01;8.365327e-02;5.725749e-02;4.001624e-02;8.561883e-02
6.912839e-02;1.459605e-01;1.266335e-01;3.270948e-02;5.242900e-02;5.228707e-02;1.424973e-01;1.283428e-01;8.385610e-02;6.381913e-02;5.045706e-02;5.187966e-02
1.061140e-01;1.954115e-01;1.167781e-01;5.237157e-02;6.209329e-02;5.558245e-02;9.688123e-02;9.471427e-02;9.461003e-02;6.043767e-02;3.998280e-02;2.502315e-02
1.123667e-01;2.023386e-01;7.788792e-02;9.395671e-02;4.439350e-02;5.482786e-02;8.606630e-02;9.555047e-02;1.189893e-01;6.298041e-02;2.175003e-02;2.889223e-02
1.234155e-01;1.401453e-01;5.772812e-02;1.107717e-01;8.248163e-02;4.741481e-02;9.134459e-02;7.575359e-02;1.127484e-01;8.908063e-02;3.777929e-02;3.133655e-02
1.550924e-01;1.101066e-01;1.057119e-01;9.746958e-02;9.274045e-02;3.123239e-02;8.593997e-02;4.834569e-02;8.972909e-02;1.136467e-01;2.987152e-02;4.011383e-02
1.137322e-01;1.151650e-01;1.407683e-01;9.491813e-02;7.303706e-02;3.379402e-02;7.264422e-02;5.213650e-02;9.538681e-02;1.003704e-01;1.915805e-02;8.888933e-02
9.970473e-02;9.882171e-02;1.176039e-01;7.942545e-02;9.593089e-02;3.455226e-02;4.932047e-02;7.372607e-02;1.322792e-01;8.048815e-02;3.822126e-02;9.992586e-02
9.139170e-02;6.769356e-02;9.103350e-02;7.164805e-02;1.081001e-01;5.367444e-02;7.754853e-02;9.726237e-02;1.374560e-01;6.726356e-02;6.836317e-02;6.856502e-02
9.765241e-02;8.090036e-02;8.485360e-02;9.433284e-02;7.417876e-02;5.204153e-02;1.250221e-01;1.060978e-01;1.005747e-01;5.605146e-02;5.689047e-02;7.140387e-02
1.139936e-01;6.620396e-02;9.451457e-02;7.612367e-02;8.748326e-02;5.358007e-02;1.398141e-01;7.941574e-02;8.939901e-02;8.709745e-02;3.787871e-02;7.449587e-02
1.000045e-01;7.886059e-02;1.300604e-01;4.950846e-02;1.009857e-01;4.002280e-02;1.192839e-01;6.301092e-02;8.668967e-02;9.912053e-02;3.954851e-02;9.290404e-02
1.146710e-01;1.155427e-01;1.617240e-01;6.866938e-02;4.973593e-02;6.536601e-02;1.097239e-01;6.901943e-02;6.017981e-02;4.568013e-02;3.935530e-02;1.003325e-01
9.709533e-02;1.099328e-01;1.579267e-01;7.525933e-02;5.349210e-02;6.391002e-02;9.139637e-02;6.414392e-02;7.303545e-02;4.399775e-02;8.083530e-02;8.897496e-02
8.260909e-02;1.015370e-01;1.417860e-01;6.233089e-02;7.031488e-02;7.008672e-02;9.353711e-02;6.161884e-02;8.417408e-02;3.866184e-02;1.342829e-01;5.906064e-02
7.403631e-02;8.098862e-02;1.686065e-01;6.372511e-02;6.444010e-02;6.712120e-02;1.137095e-01;5.339165e-02;6.519780e-02;7.002690e-02;1.288712e-01;4.988513e-02
6.293655e-02;6.172047e-02;2.139118e-01;8.994900e-02;4.614443e-02;6.886839e-02;9.249570e-02;5.906510e-02;4.880793e-02;8.781242e-02;1.085079e-01;5.978025e-02
4.508398e-02;4.149111e-02;1.928367e-01;1.112184e-01;8.452142e-02;7.262453e-02;9.820399e-02;8.508249e-02;2.666437e-02;9.007324e-02;9.385373e-02;5.834606e-02
5.741812e-02;5.350309e-02;1.100669e-01;9.804399e-02;1.136510e-01;7.359203e-02;1.026123e-01;1.340773e-01;5.173450e-02;9.695600e-02;5.422087e-02;5.412396e-02
4.418828e-02;3.527978e-02;1.844865e-01;6.627496e-02;8.629072e-02;8.977479e-02;1.124722e-01;1.622648e-01;6.627115e-02;7.656847e-02;3.117139e-02;4.495699e-02
7.935937e-02;6.783981e-02;1.456195e-01;5.526276e-02;1.114824e-01;9.540164e-02;1.009754e-01;1.520422e-01;7.920413e-02;3.846578e-02;2.764815e-02;4.669887e-02
1.442315e-01;1.067853e-01;8.016218e-02;4.551532e-02;1.215067e-01;8.705325e-02;9.148770e-02;1.112559e-01;1.318543e-01;2.147709e-02;2.242069e-02;3.625021e-02
2.251863e-01;1.321100e-01;7.973583e-02;2.517092e-02;1.594126e-01;5.395770e-02;5.721578e-02;6.706554e-02;1.392643e-01;2.088190e-02;1.735425e-02;2.264474e-02
3.255381e-01;1.271856e-01;7.383776e-02;2.240976e-02;2.106895e-01;1.637421e-02;2.035075e-02;6.431936e-02;8.589878e-02;8.894868e-03;1.675141e-02;2.774986e-02
3.855541e-01;1.024458e-01;6.822085e-02;3.677379e-02;1.937649e-01;1.347847e-02;2.859854e-02;4.558038e-02;2.812940e-02;1.368372e-02;2.096180e-02;6.280823e-02
4.166451e-01;4.656054e-02;9.211753e-02;4.586954e-02;9.262072e-02;1.711067e-02;3.601411e-02;6.520943e-02;3.235867e-02;1.829245e-02;3.007733e-02;1.071240e-01
4.709904e-01;5.973863e-02;1.032294e-01;2.094984e-02;4.876056e-02;1.498157e-02;2.737272e-02;8.519723e-02;3.022367e-02;1.801136e-02;2.861985e-02;9.192473e-02
5.339465e-01;7.960381e-02;9.732468e-02;8.794222e-03;5.368863e-02;9.136661e-03;2.428636e-02;7.619250e-02;1.313464e-02;1.124770e-02;2.824776e-02;6.439652e-02
5.614462e-01;1.388424e-01;9.167569e-02;7.578687e-03;4.824796e-02;6.420421e-03;1.565813e-02;4.349335e-02;1.802048e-02;6.937399e-03;2.051065e-02;4.116862e-02
5.114266e-01;2.190904e-01;1.057402e-01;7.008769e-03;3.910546e-02;6.725776e-03;1.469714e-02;1.907600e-02;3.425330e-02;5.882272e-03;1.050211e-02;2.649199e-02
3.940465e-01;3.381149e-01;1.243304e-01;5.755563e-03;1.810413e-02;1.015551e-02;6.285767e-03;1.992483e-02;5.879014e-02;6.056675e-03;5.350821e-03;1.308483e-02
2.808985e-01;4.189925e-01;1.595853e-01;4.516629e-03;6.570804e-03;1.662464e-02;4.639033e-03;1.280603e-02;7.895963e-02;5.676901e-03;3.143317e-03;7.586818e-03
2.432044e-01;4.400543e-01;1.806526e-01;8.053109e-03;4.905081e-03;1.962858e-02;4.173975e-03;3.908477e-03;7.784788e-02;7.987503e-03;4.348561e-03;5.235532e-03
3.378087e-01;3.951644e-01;1.320142e-01;6.958982e-03;2.211292e-02;1.389469e-02;6.350685e-03;1.144786e-02;4.989179e-02;6.383693e-03;7.575418e-03;1.039677e-02
4.670852e-01;3.048030e-01;6.270330e-02;5.944244e-03;6.390911e-02;5.352173e-03;6.953713e-03;2.828067e-02;1.970344e-02;4.789602e-03;9.082138e-03;2.139336e-02
5.013556e-01;2.168621e-01;3.203518e-02;7.994725e-03;1.151284e-01;7.080375e-03;1.088655e-02;4.498167e-02;1.084263e-02;5.550136e-03;9.496102e-03;3.778649e-02
4.511817e-01;1.465333e-01;5.189958e-02;2.736146e-02;1.384477e-01;1.462085e-02;1.855393e-02;5.177383e-02;2.224004e-02;1.087982e-02;1.864924e-02;4.785854e-02
4.112256e-01;9.500351e-02;9.678347e-02;4.101958e-02;1.328084e-01;1.643512e-02;2.715764e-02;6.808388e-02;3.765313e-02;1.728930e-02;2.363721e-02;3.290325e-02
4.081691e-01;1.316198e-01;1.088019e-01;2.118067e-02;1.254545e-01;8.910875e-03;2.118303e-02;9.079533e-02;2.806676e-02;1.152571e-02;2.427065e-02;2.002156e-02
4.249241e-01;1.143589e-01;8.551651e-02;1.072435e-02;1.461778e-01;1.347951e-02;2.266346e-02;1.076840e-01;1.710797e-02;7.841055e-03;1.641087e-02;3.311154e-02
4.349571e-01;1.140064e-01;6.578386e-02;8.521304e-03;1.313373e-01;3.040329e-02;3.310718e-02;9.456700e-02;1.813199e-02;1.113309e-02;1.249695e-02;4.555453e-02
4.658977e-01;1.509384e-01;3.990575e-02;8.589198e-03;7.503746e-02;3.708283e-02;4.262353e-02;8.705971e-02;1.802118e-02;1.817883e-02;6.007511e-03;5.065793e-02
4.907553e-01;1.550324e-01;1.607435e-02;1.320933e-02;1.941949e-02;2.500065e-02;4.511966e-02;1.161485e-01;2.042523e-02;3.474894e-02;4.393078e-03;5.967312e-02
4.174493e-01;1.206091e-01;1.938125e-02;3.361851e-02;8.712234e-03;2.024084e-02;7.919418e-02;1.105336e-01;1.972603e-02;7.184464e-02;9.224597e-03;8.946574e-02
2.442435e-01;8.346950e-02;2.295761e-02;7.920707e-02;1.411715e-02;2.079569e-02;1.744394e-01;6.716142e-02;1.342965e-02;1.189238e-01;2.022723e-02;1.410280e-01
1.952828e-02;6.707323e-02;2.253986e-02;1.353780e-01;1.642915e-02;2.219950e-02;2.864482e-01;3.805863e-02;1.930520e-02;1.343658e-01;3.081415e-02;2.078601e-01
1.497371e-01;5.758133e-02;2.382992e-02;1.152345e-01;1.785264e-02;2.229674e-02;2.290784e-01;4.204375e-02;1.328397e-02;1.193899e-01;2.903077e-02;1.806410e-01
2.208937e-01;4.237187e-02;4.334880e-02;9.374779e-02;1.948727e-02;2.478885e-02;1.667328e-01;5.930400e-02;1.265262e-02;1.353166e-01;3.377055e-02;1.475852e-01
2.161435e-01;6.441028e-02;7.478761e-02;7.379545e-02;2.524422e-02;3.255206e-02;1.482360e-01;5.084382e-02;2.228008e-02;1.307789e-01;4.873564e-02;1.121924e-01
1.247516e-01;9.139577e-02;1.470465e-01;5.937166e-02;3.571071e-02;3.563569e-02;1.722795e-01;4.369890e-02;2.832855e-02;1.201100e-01;5.979106e-02;8.188009e-02
1.055393e-01;9.799455e-02;1.617962e-01;4.153252e-02;3.264495e-02;2.854471e-02;1.996533e-01;7.596595e-02;2.340167e-02;9.053294e-02;6.456338e-02;7.783058e-02
7.789476e-02;8.758716e-02;7.201960e-02;3.429553e-02;3.531818e-02;3.136064e-02;2.240252e-01;1.308312e-01;4.262632e-02;6.823578e-02;1.087747e-01;8.703089e-02
5.240053e-02;8.796943e-02;6.498372e-02;3.318461e-02;4.027386e-02;4.893200e-02;1.462308e-01;1.362031e-01;8.096562e-02;7.864958e-02;1.513171e-01;7.888970e-02
1.394932e-01;8.072653e-02;9.955569e-02;2.713325e-02;3.421016e-02;4.403103e-02;1.093064e-01;6.408797e-02;7.888336e-02;7.961453e-02;1.319786e-01;1.109794e-01
2.063169e-01;5.893456e-02;1.078636e-01;2.723179e-02;2.428300e-02;2.635203e-02;1.233784e-01;3.804571e-02;5.733824e-02;9.854463e-02;9.727750e-02;1.344337e-01
2.109885e-01;6.623725e-02;1.244169e-01;3.328951e-02;1.997377e-02;2.531682e-02;1.105598e-01;4.415720e-02;3.728453e-02;1.187694e-01;7.979278e-02;1.292136e-01
1.267770e-01;7.877038e-02;9.330776e-02;3.281580e-02;3.279084e-02;3.372319e-02;1.238168e-01;5.379329e-02;5.246993e-02;1.337992e-01;1.123051e-01;1.256307e-01
4.779045e-02;5.293904e-02;1.310567e-01;1.968441e-02;2.988709e-02;4.049109e-02;1.353349e-01;6.715386e-02;1.066442e-01;1.177853e-01;1.613300e-01;8.990305e-02
4.963518e-02;3.157617e-02;1.042383e-01;1.930265e-02;3.072280e-02;5.426041e-02;1.309458e-01;5.130423e-02;1.462960e-01;1.162109e-01;2.032568e-01;6.225085e-02
8.383064e-02;2.854614e-02;8.733851e-02;2.478321e-02;4.156031e-02;5.307802e-02;1.043741e-01;7.315746e-02;1.419831e-01;1.103218e-01;1.744495e-01;7.657729e-02
1.568577e-01;6.384524e-02;1.207793e-01;3.254278e-02;3.167337e-02;3.299160e-02;1.079140e-01;1.042037e-01;9.408951e-02;9.733033e-02;9.062334e-02;6.714915e-02
1.776822e-01;8.814938e-02;1.379781e-01;3.551457e-02;2.590100e-02;2.146499e-02;1.065688e-01;1.211003e-01;9.033395e-02;9.139846e-02;5.712435e-02;4.678386e-02
2.090232e-01;8.390363e-02;1.087268e-01;2.450013e-02;2.369758e-02;1.339121e-02;8.012605e-02;1.885962e-01;9.224306e-02;6.990343e-02;6.439770e-02;4.149106e-02
2.232390e-01;5.383217e-02;6.612766e-02;1.173392e-02;2.747490e-02;9.097149e-03;5.743772e-02;3.436238e-01;7.444583e-02;4.533137e-02;5.820861e-02;2.944789e-02
1.918093e-01;2.691077e-02;5.099063e-02;1.162264e-02;2.841874e-02;6.750355e-03;9.305203e-02;4.459672e-01;4.085996e-02;4.699533e-02;2.671349e-02;2.990952e-02
1.527424e-01;1.904686e-02;4.062538e-02;2.106779e-02;2.258163e-02;1.056193e-02;1.717587e-01;4.277998e-01;4.298681e-02;3.334123e-02;1.989887e-02;3.758858e-02
1.221076e-01;2.168748e-02;4.709553e-02;3.857274e-02;1.231047e-02;2.816124e-02;2.358351e-01;3.132062e-01;4.321041e-02;6.750183e-02;2.123319e-02;4.907817e-02
1.031046e-01;2.763445e-02;6.464022e-02;5.802663e-02;1.982429e-02;4.690841e-02;2.182942e-01;2.525055e-01;4.564537e-02;7.954838e-02;2.669771e-02;5.717020e-02
7.272153e-02;3.870410e-02;7.772463e-02;6.632599e-02;3.909982e-02;6.138676e-02;1.417867e-01;2.901148e-01;3.195991e-02;8.358455e-02;4.495301e-02;5.163815e-02
6.520533e-02;3.669104e-02;8.654759e-02;6.176633e-02;3.760237e-02;4.432827e-02;1.835238e-01;3.403625e-01;2.839229e-02;5.547203e-02;3.305460e-02;2.705378e-02
7.655655e-02;1.921520e-02;7.797773e-02;7.465163e-02;2.075268e-02;2.773362e-02;2.321129e-01;3.223104e-01;4.790463e-02;2.899139e-02;3.562639e-02;3.616681e-02
7.726081e-02;2.001389e-02;6.551357e-02;8.191823e-02;1.924265e-02;1.754113e-02;2.845405e-01;2.850855e-01;4.273164e-02;3.560155e-02;3.399788e-02;3.655266e-02
1.031909e-01;2.338364e-02;6.914414e-02;6.276583e-02;1.780644e-02;2.647197e-02;3.002684e-01;2.783959e-01;2.104117e-02;3.622065e-02;2.123322e-02;4.007772e-02
1.022556e-01;2.153628e-02;5.473918e-02;3.186001e-02;2.389026e-02;2.511164e-02;2.642263e-01;3.815457e-01;1.924227e-02;2.282007e-02;1.986982e-02;3.290294e-02
8.075803e-02;1.373979e-02;3.253154e-02;2.925783e-02;2.512480e-02;2.237858e-02;2.713997e-01;4.189197e-01;3.423522e-02;2.893775e-02;1.139457e-02;3.132251e-02
6.790610e-02;1.201721e-02;5.115591e-02;3.078616e-02;3.599587e-02;2.198694e-02;2.763939e-01;3.740962e-01;5.395755e-02;3.307409e-02;1.387465e-02;2.875541e-02
7.237047e-02;1.538525e-02;5.139193e-02;3.733699e-02;4.802345e-02;3.451246e-02;2.421984e-01;3.544030e-01;5.514473e-02;3.647742e-02;2.566208e-02;2.709386e-02
6.925010e-02;2.825466e-02;6.632648e-02;3.881234e-02;4.640925e-02;3.361611e-02;2.337549e-01;3.324379e-01;5.496065e-02;3.952146e-02;3.030325e-02;2.635294e-02
4.440536e-02;3.279462e-02;6.535518e-02;3.120409e-02;4.868222e-02;2.752315e-02;2.937141e-01;3.356898e-01;2.870701e-02;4.407503e-02;2.173939e-02;2.611000e-02
6.523539e-02;6.302088e-02;1.566314e-01;4.392936e-02;4.751956e-02;3.146788e-02;1.766498e-01;1.294587e-01;6.829982e-02;8.500426e-02;7.426179e-02;5.852114e-02
4.677280e-02;9.362276e-02;2.461794e-01;5.469113e-02;3.271692e-02;3.107061e-02;1.481442e-01;7.054771e-02;6.455731e-02;7.954608e-02;7.992375e-02;5.222733e-02
1.201196e-01;1.167492e-01;2.559738e-01;6.820891e-02;5.786597e-02;2.985482e-02;1.240363e-01;6.334592e-02;4.593869e-02;4.303400e-02;3.560618e-02;3.926671e-02
2.002373e-01;1.405100e-01;2.245230e-01;6.926844e-02;6.690405e-02;2.421581e-02;8.785458e-02;6.349013e-02;4.159200e-02;2.820976e-02;2.352613e-02;2.966878e-02
3.178208e-01;1.638777e-01;1.545447e-01;5.190090e-02;6.721623e-02;1.416138e-02;4.434700e-02;6.924093e-02;3.942494e-02;2.105234e-02;3.209666e-02;2.431636e-02
4.233562e-01;1.672651e-01;1.074830e-01;2.533679e-02;6.434882e-02;1.275471e-02;2.887184e-02;7.179379e-02;1.616098e-02;1.709897e-02;3.529712e-02;3.023260e-02
4.607646e-01;1.463619e-01;1.172275e-01;1.326709e-02;5.084211e-02;1.251949e-02;2.600439e-02;7.742778e-02;1.467903e-02;1.550435e-02;2.900873e-02;3.639307e-02
5.243913e-01;1.299506e-01;8.727920e-02;9.457551e-03;5.258096e-02;4.584749e-03;2.559059e-02;8.195572e-02;9.542183e-03;1.273342e-02;1.977675e-02;4.215702e-02
5.408614e-01;1.224192e-01;1.006563e-01;1.118237e-02;5.170672e-02;5.815822e-03;1.507724e-02;7.848021e-02;8.937050e-03;6.833711e-03;1.151813e-02;4.651185e-02
5.397127e-01;1.194119e-01;1.037710e-01;1.420960e-02;4.718800e-02;8.434221e-03;1.023780e-02;7.501547e-02;1.304074e-02;8.722351e-03;1.107812e-02;4.917810e-02
5.576408e-01;1.196885e-01;9.122595e-02;1.438900e-02;4.423263e-02;8.771577e-03;8.432780e-03;7.573515e-02;1.246319e-02;7.521433e-03;1.057173e-02;4.932726e-02
5.565184e-01;1.327478e-01;9.212637e-02;1.100397e-02;4.505877e-02;6.226541e-03;9.834958e-03;7.830504e-02;7.863502e-03;5.874968e-03;9.333312e-03;4.510637e-02
5.541058e-01;1.594983e-01;8.606877e-02;5.239986e-03;4.179641e-02;4.969634e-03;8.852746e-03;7.791396e-02;8.415051e-03;4.373525e-03;8.866274e-03;3.989948e-02
5.437757e-01;1.879862e-01;8.506228e-02;5.641037e-03;3.895153e-02;4.375884e-03;7.366340e-03;7.375581e-02;8.688626e-03;3.983539e-03;7.659255e-03;3.275379e-02
5.137174e-01;2.121223e-01;8.621924e-02;5.682833e-03;4.140839e-02;3.697014e-03;7.797638e-03;7.348447e-02;1.255224e-02;3.174016e-03;1.321547e-02;2.692905e-02
4.747620e-01;2.299955e-01;1.021968e-01;4.376051e-03;4.180133e-02;3.361061e-03;5.999554e-03;7.381422e-02;1.572046e-02;3.289421e-03;2.450520e-02;2.017833e-02
4.459191e-01;2.357478e-01;1.045284e-01;3.482295e-03;3.432126e-02;2.707819e-03;1.124542e-02;6.746399e-02;3.000302e-02;5.709422e-03;4.148340e-02;1.738809e-02
4.220132e-01;2.349981e-01;9.211509e-02;5.513938e-03;2.451423e-02;2.511960e-03;2.032257e-02;5.716177e-02;5.691358e-02;1.529562e-02;5.345491e-02;1.518502e-02
3.922588e-01;2.322528e-01;9.795693e-02;4.194856e-03;2.046312e-02;3.061586e-03;2.639221e-02;5.364533e-02;7.695300e-02;2.689875e-02;5.278488e-02;1.313781e-02
3.972981e-01;2.049798e-01;8.217131e-02;6.441866e-03;2.027736e-02;4.460575e-03;3.409361e-02;6.098267e-02;8.182015e-02;3.301601e-02;5.201909e-02;2.243951e-02
3.582658e-01;1.868441e-01;1.196712e-01;1.397577e-02;2.378536e-02;6.066325e-03;4.202460e-02;5.353312e-02;6.789130e-02;3.621871e-02;6.163409e-02;3.008967e-02
2.810600e-01;1.902113e-01;1.884703e-01;2.265514e-02;3.282668e-02;1.254874e-02;4.857914e-02;4.183897e-02;3.508739e-02;4.001136e-02;6.738168e-02;3.932919e-02
3.048709e-01;1.361092e-01;2.406050e-01;2.376956e-02;4.485621e-02;1.601776e-02;2.282079e-02;4.124218e-02;3.413284e-02;3.282792e-02;4.797751e-02;5.477007e-02
3.776966e-01;1.348484e-01;2.315458e-01;1.553903e-02;4.714597e-02;7.623237e-03;9.476122e-03;4.172764e-02;4.311817e-02;1.989282e-02;2.970776e-02;4.167849e-02
3.476354e-01;1.182893e-01;1.713458e-01;3.181808e-02;3.409810e-02;1.362520e-02;2.927576e-02;5.849447e-02;4.185102e-02;2.982793e-02;2.443065e-02;9.930830e-02
2.326895e-01;8.976111e-02;9.334258e-02;5.834411e-02;1.849411e-02;2.337768e-02;6.795222e-02;5.153270e-02;3.850038e-02;4.090346e-02;5.570815e-02;2.293940e-01
1.167025e-01;9.351809e-02;4.612330e-02;5.530363e-02;2.360477e-02;4.281154e-02;9.443454e-02;3.318042e-02;5.003214e-02;4.506818e-02;1.052772e-01;2.939438e-01
1.276628e-01;9.869756e-02;7.534847e-02;4.104488e-02;2.808194e-02;8.037864e-02;8.155178e-02;1.878391e-02;6.682792e-02;5.648270e-02;1.277215e-01;1.974179e-01
1.051487e-01;9.528551e-02;1.283994e-01;3.374304e-02;2.913189e-02;9.702384e-02;5.531459e-02;1.721349e-02;5.883579e-02;6.038587e-02;1.746564e-01;1.448615e-01
1.107818e-01;8.841521e-02;1.092665e-01;3.851181e-02;2.534103e-02;9.776881e-02;4.584530e-02;2.599248e-02;4.734470e-02;7.731044e-02;1.877758e-01;1.456462e-01
1.372182e-01;7.795975e-02;6.258719e-02;5.593763e-02;4.401202e-02;8.977818e-02;6.167878e-02;4.264480e-02;4.757500e-02;1.017256e-01;1.579035e-01;1.209793e-01
1.940185e-01;7.590946e-02;6.385106e-02;2.954588e-02;5.881210e-02;6.290697e-02;5.257073e-02;6.847975e-02;6.771789e-02;8.350228e-02;1.145096e-01;1.281758e-01
2.048454e-01;9.073323e-02;7.998969e-02;2.825505e-02;5.704991e-02;5.262242e-02;5.236566e-02;1.043259e-01;9.057008e-02;5.218185e-02;1.014912e-01;8.556957e-02
