7.131544e-02;6.401445e-02;2.508573e-01;7.162648e-02;8.094735e-02;6.665535e-02;8.426754e-02;8.068034e-02;3.993211e-02;8.706331e-02;4.589336e-02;5.674702e-02
6.892972e-02;6.420833e-02;1.834148e-01;6.316185e-02;8.159612e-02;8.786977e-02;9.042846e-02;5.407337e-02;8.746710e-02;8.943183e-02;6.209144e-02;6.732719e-02
7.284498e-02;7.155396e-02;1.275729e-01;5.044251e-02;6.868947e-02;9.803218e-02;1.507774e-01;6.667749e-02;1.010511e-01;7.183057e-02;4.903880e-02;7.148857e-02
9.423310e-02;5.900586e-02;1.980357e-01;4.251339e-02;5.697091e-02;8.222955e-02;1.643067e-01;4.950186e-02;6.561883e-02;7.271554e-02;4.950964e-02;6.535891e-02
8.884148e-02;7.108366e-02;1.770144e-01;4.870102e-02;6.343322e-02;5.535901e-02;1.340473e-01;4.822826e-02;8.224099e-02;6.786390e-02;5.967153e-02;1.035152e-01
9.202877e-02;1.007192e-01;1.275731e-01;6.286471e-02;6.042811e-02;4.096368e-02;1.362986e-01;8.026956e-02;9.535937e-02;5.160056e-02;5.218089e-02;9.971337e-02
9.245998e-02;1.047915e-01;1.484893e-01;5.802496e-02;6.785735e-02;6.762503e-02;1.319835e-01;6.336946e-02;1.156419e-01;4.831982e-02;3.433173e-02;6.710548e-02
5.852553e-02;6.979839e-02;1.815926e-01;3.921123e-02;7.420321e-02;7.093111e-02;1.413306e-01;7.028395e-02;1.204277e-01;5.753654e-02;4.723627e-02;6.892297e-02
3.172771e-02;4.287375e-02;1.399397e-01;5.064912e-02;1.000426e-01;6.097962e-02;1.859422e-01;9.920039e-02;1.030649e-01;7.365319e-02;5.028377e-02;6.164296e-02
4.406732e-02;2.900907e-02;8.542195e-02;5.582676e-02;1.379415e-01;6.529300e-02;1.646685e-01;1.444168e-01;9.529354e-02;9.581433e-02;4.725437e-02;3.499284e-02
4.432516e-02;3.418314e-02;1.169771e-01;5.037520e-02;1.283705e-01;5.833946e-02;1.415982e-01;1.437828e-01;9.641976e-02;9.793966e-02;5.486082e-02;3.282816e-02
8.730504e-02;6.132882e-02;2.016320e-01;6.475776e-02;8.856654e-02;6.386773e-02;1.012703e-01;9.498220e-02;4.767330e-02;6.463058e-02;7.355297e-02;5.043282e-02
1.022506e-01;3.269386e-02;2.878139e-01;6.264614e-02;8.217030e-02;7.180868e-02;8.434866e-02;5.148276e-02;6.281762e-02;8.040901e-02;5.198650e-02;2.957202e-02
4.429387e-02;3.837688e-02;1.774250e-01;8.885223e-02;1.482722e-01;8.282036e-02;1.649362e-01;5.293143e-02;5.134053e-02;6.259143e-02;5.281042e-02;3.534945e-02
5.221027e-02;4.751810e-02;3.524650e-01;8.711656e-02;9.508715e-02;6.192624e-02;1.406372e-01;3.818076e-02;2.830898e-02;4.695646e-02;3.045581e-02;1.913750e-02
4.388431e-02;7.423726e-02;4.675230e-01;7.983559e-02;6.357902e-02;4.086553e-02;9.341568e-02;2.431060e-02;1.907150e-02;5.218429e-02;2.512322e-02;1.597000e-02
1.164509e-02;1.077161e-01;6.011313e-01;6.489423e-02;3.722391e-02;1.847997e-02;4.258399e-02;1.578102e-02;1.819411e-02;5.316761e-02;1.660401e-02;1.257877e-02
5.324418e-02;1.683164e-01;5.900192e-01;3.726358e-02;2.048011e-02;1.623616e-02;1.731558e-02;1.034720e-02;3.181696e-02;3.678835e-02;7.839409e-03;1.033284e-02
8.931523e-02;2.568606e-01;5.065528e-01;2.132921e-02;8.619828e-03;1.841672e-02;4.817775e-03;1.080162e-02;3.877041e-02;2.590459e-02;4.666815e-03;1.394438e-02
1.466094e-01;3.035825e-01;3.962500e-01;1.762275e-02;7.845529e-03;2.039850e-02;8.701311e-03;6.743023e-03;5.016105e-02;1.895219e-02;6.268023e-03;1.686572e-02
2.384257e-01;2.883001e-01;3.091775e-01;1.623262e-02;9.690281e-03;1.871470e-02;9.168369e-03;1.001939e-02;5.718505e-02;1.474310e-02;9.648606e-03;1.869462e-02
3.026570e-01;2.179690e-01;2.591420e-01;2.128688e-02;2.321016e-02;1.990178e-02;2.452927e-02;2.573981e-02;3.506855e-02;2.560374e-02;1.804694e-02;2.684482e-02
2.903611e-01;1.414496e-01;2.404339e-01;2.239351e-02;3.619980e-02;3.462284e-02;4.535218e-02;4.005260e-02;2.427272e-02;4.056091e-02;3.817729e-02;4.612349e-02
2.180948e-01;1.126024e-01;2.290848e-01;3.034662e-02;4.175485e-02;5.847525e-02;7.123610e-02;4.475631e-02;2.394284e-02;6.761531e-02;4.637737e-02;5.571325e-02
1.082944e-01;1.386747e-01;1.605360e-01;6.246550e-02;6.418435e-02;6.929749e-02;9.590514e-02;4.684245e-02;7.060874e-02;7.491651e-02;5.794061e-02;5.033409e-02
1.177728e-01;1.175758e-01;1.113760e-01;8.229989e-02;8.431634e-02;7.268828e-02;1.075986e-01;4.734318e-02;7.698240e-02;6.036606e-02;5.741359e-02;6.426711e-02
9.695018e-02;1.026308e-01;9.887668e-02;1.040663e-01;1.028847e-01;8.783496e-02;1.094743e-01;5.296955e-02;6.982997e-02;4.761014e-02;5.461691e-02;7.225553e-02
6.584775e-02;1.372254e-01;1.375031e-01;1.147802e-01;9.098928e-02;8.730262e-02;8.479831e-02;4.479947e-02;4.698601e-02;4.768653e-02;5.742106e-02;8.466034e-02
7.036233e-02;1.580041e-01;1.583199e-01;1.468329e-01;6.764162e-02;9.460229e-02;4.672182e-02;3.907784e-02;3.826162e-02;5.272716e-02;4.932129e-02;7.812725e-02
8.712070e-02;1.215732e-01;1.641991e-01;1.295988e-01;6.696092e-02;8.672190e-02;7.399143e-02;3.589435e-02;6.997821e-02;4.850639e-02;5.756058e-02;5.789441e-02
9.929918e-02;1.101040e-01;1.512631e-01;7.797188e-02;3.163660e-02;7.184335e-02;1.283354e-01;5.634175e-02;9.423195e-02;6.676807e-02;6.134572e-02;5.085902e-02
6.396905e-02;1.047841e-01;1.418294e-01;7.462147e-02;4.475920e-02;8.177771e-02;1.741884e-01;4.633904e-02;9.939805e-02;7.246539e-02;5.283294e-02;4.303519e-02
5.274758e-02;8.981439e-02;1.863675e-01;7.873863e-02;5.193146e-02;5.600225e-02;1.816543e-01;7.704314e-02;8.502620e-02;6.505683e-02;4.114335e-02;3.447441e-02
2.941918e-02;7.254621e-02;3.550054e-01;5.656446e-02;6.517233e-02;4.435760e-02;1.592062e-01;7.541749e-02;4.943768e-02;5.155406e-02;1.896405e-02;2.235538e-02
4.358188e-02;6.619959e-02;4.158734e-01;4.112175e-02;5.654621e-02;4.473851e-02;1.395456e-01;5.079862e-02;6.205298e-02;4.527115e-02;1.903206e-02;1.523822e-02
6.673539e-02;1.061706e-01;4.548557e-01;3.430886e-02;3.069856e-02;4.030610e-02;9.835976e-02;2.900461e-02;6.536242e-02;4.362730e-02;1.390075e-02;1.666990e-02
5.345864e-02;1.611519e-01;5.204482e-01;2.490966e-02;6.207139e-03;4.318856e-02;4.772712e-02;2.660528e-02;6.570175e-02;2.991892e-02;6.447486e-03;1.423540e-02
5.352106e-02;1.942031e-01;5.223442e-01;2.606822e-02;6.501074e-03;4.888805e-02;1.551076e-02;2.264349e-02;7.882174e-02;1.637423e-02;3.803984e-03;1.132011e-02
9.951837e-02;1.784593e-01;4.475218e-01;2.990523e-02;8.138505e-03;4.177609e-02;3.375777e-02;3.143938e-02;8.408311e-02;2.267937e-02;9.066627e-03;1.365448e-02
1.240649e-01;1.383278e-01;3.660350e-01;3.101672e-02;3.279569e-02;3.731752e-02;8.163375e-02;2.632145e-02;7.505518e-02;4.283810e-02;2.342880e-02;2.116505e-02
1.195223e-01;9.990097e-02;2.813294e-01;2.818757e-02;5.244481e-02;4.071770e-02;1.449977e-01;2.735985e-02;6.048529e-02;6.092039e-02;4.957366e-02;3.456031e-02
4.668673e-02;6.327210e-02;2.683127e-01;2.653159e-02;5.989585e-02;3.815567e-02;1.637218e-01;3.054100e-02;3.368503e-02;7.884647e-02;1.251792e-01;6.517182e-02
7.232767e-02;4.717240e-02;1.748511e-01;1.943157e-02;2.562931e-02;3.627460e-02;1.408005e-01;3.354309e-02;3.354825e-02;1.041777e-01;2.023516e-01;1.098922e-01
8.066262e-02;4.913119e-02;2.012385e-01;4.213143e-02;5.442171e-02;5.638400e-02;7.268555e-02;6.823393e-02;6.231405e-02;1.016996e-01;1.322884e-01;7.880905e-02
6.916503e-02;3.643834e-02;1.562871e-01;5.476703e-02;6.926132e-02;7.334904e-02;1.227849e-01;1.048514e-01;6.961758e-02;9.650161e-02;7.642855e-02;7.054807e-02
6.177532e-02;3.426546e-02;2.493112e-01;4.799273e-02;5.849121e-02;7.334950e-02;1.394058e-01;9.748013e-02;6.096832e-02;7.862687e-02;4.355223e-02;5.478122e-02
8.321040e-02;7.311504e-02;3.782298e-01;3.368040e-02;5.272978e-02;5.068603e-02;1.401563e-01;5.294434e-02;4.524376e-02;4.350545e-02;2.141831e-02;2.508040e-02
1.566140e-01;1.062259e-01;3.604789e-01;2.559620e-02;4.856864e-02;2.237507e-02;1.163211e-01;4.661540e-02;3.189176e-02;3.959614e-02;2.429460e-02;2.142227e-02
2.736724e-01;1.275470e-01;2.313154e-01;1.395359e-02;4.633492e-02;1.312288e-02;6.750287e-02;9.629263e-02;2.656398e-02;5.051031e-02;2.378161e-02;2.940244e-02
3.169723e-01;1.330772e-01;1.775545e-01;1.293303e-02;4.845132e-02;1.537934e-02;3.937010e-02;1.199337e-01;3.625001e-02;5.191415e-02;1.875268e-02;2.941163e-02
2.887037e-01;1.634919e-01;1.881223e-01;1.662022e-02;5.398063e-02;2.088488e-02;4.498439e-02;8.461361e-02;6.698231e-02;3.379361e-02;1.701289e-02;2.080956e-02
2.384344e-01;2.198066e-01;2.346450e-01;1.519491e-02;4.680478e-02;2.978561e-02;6.106314e-02;3.944758e-02;6.651960e-02;2.356345e-02;1.294167e-02;1.179330e-02
2.038609e-01;2.672139e-01;2.961725e-01;2.514634e-02;2.905334e-02;2.350111e-02;4.349673e-02;1.802400e-02;5.202328e-02;1.679355e-02;1.646673e-02;8.247534e-03
2.017440e-01;2.637547e-01;2.795359e-01;3.057116e-02;2.624110e-02;1.622588e-02;3.496741e-02;3.022527e-02;5.426442e-02;1.489969e-02;3.550406e-02;1.206642e-02
2.593040e-01;2.326818e-01;2.062915e-01;1.879288e-02;3.447155e-02;1.020287e-02;3.754574e-02;4.174803e-02;6.427537e-02;1.300651e-02;6.615351e-02;1.552632e-02
3.118934e-01;1.947557e-01;1.655276e-01;8.732772e-03;3.803782e-02;7.566439e-03;2.695369e-02;5.008511e-02;6.209421e-02;1.717994e-02;9.607030e-02;2.110297e-02
3.298646e-01;1.685117e-01;1.606680e-01;5.386655e-03;5.362226e-02;5.488505e-03;1.699724e-02;7.249375e-02;4.673926e-02;1.989717e-02;9.618904e-02;2.414178e-02
3.359864e-01;1.445377e-01;1.546039e-01;7.286950e-03;6.815187e-02;6.152896e-03;2.088778e-02;1.147698e-01;3.516172e-02;1.565341e-02;7.131059e-02;2.549699e-02
2.960291e-01;1.189975e-01;1.655526e-01;1.305308e-02;7.697935e-02;1.334372e-02;4.271353e-02;1.376280e-01;3.727445e-02;1.399634e-02;5.229509e-02;3.213715e-02
2.652248e-01;8.136252e-02;1.099017e-01;2.349275e-02;8.307485e-02;3.010877e-02;8.078767e-02;1.439588e-01;5.853835e-02;2.582206e-02;5.270573e-02;4.502200e-02
2.563232e-01;4.718792e-02;2.128915e-01;2.585465e-02;5.412180e-02;2.942047e-02;8.296863e-02;9.261897e-02;5.469696e-02;3.326051e-02;5.151704e-02;5.913832e-02
3.331865e-01;5.106340e-02;2.087399e-01;2.631948e-02;2.506801e-02;2.261745e-02;3.982674e-02;7.633089e-02;5.283832e-02;3.241626e-02;5.836602e-02;7.322700e-02
3.646719e-01;4.402602e-02;1.851817e-01;3.057414e-02;1.444502e-02;1.825886e-02;3.027738e-02;7.784071e-02;6.777184e-02;2.857629e-02;5.806238e-02;8.031384e-02
3.578442e-01;5.293810e-02;1.937483e-01;2.530080e-02;1.384896e-02;2.340427e-02;3.164591e-02;6.683041e-02;7.391651e-02;2.943891e-02;5.409637e-02;7.698730e-02
2.951401e-01;3.633738e-02;1.591230e-01;2.576832e-02;3.014340e-02;5.860396e-02;7.867942e-02;6.151376e-02;6.639215e-02;5.196131e-02;5.582042e-02;8.051677e-02
2.216871e-01;6.807621e-02;1.573049e-01;3.834402e-02;8.117764e-02;6.597859e-02;9.637836e-02;5.819151e-02;4.835874e-02;4.750657e-02;4.898689e-02;6.800948e-02
2.388477e-01;8.376811e-02;1.458292e-01;3.885485e-02;1.223942e-01;4.735430e-02;8.313623e-02;7.166332e-02;3.788150e-02;3.084404e-02;3.942732e-02;5.999915e-02
3.226869e-01;8.674353e-02;1.176639e-01;1.832507e-02;1.617995e-01;2.530097e-02;4.055863e-02;1.204591e-01;1.908682e-02;1.604690e-02;2.847881e-02;4.284980e-02
3.542043e-01;8.563309e-02;1.237533e-01;1.203058e-02;1.714123e-01;1.163505e-02;2.140037e-02;1.386540e-01;1.361168e-02;9.385376e-03;2.399210e-02;3.428791e-02
3.418827e-01;8.584405e-02;1.236924e-01;1.158899e-02;1.702063e-01;1.801677e-02;2.579258e-02;1.336751e-01;1.124727e-02;1.330594e-02;2.936912e-02;3.537875e-02
3.455040e-01;7.507412e-02;1.116578e-01;7.405664e-03;1.740038e-01;2.362025e-02;2.305860e-02;1.452261e-01;1.596551e-02;1.320527e-02;3.116587e-02;3.411304e-02
3.540618e-01;7.943247e-02;1.194829e-01;5.888100e-03;1.719065e-01;1.009958e-02;1.830944e-02;1.656993e-01;1.105457e-02;7.341661e-03;2.846134e-02;2.826240e-02
3.566913e-01;8.335844e-02;1.264601e-01;5.617345e-03;1.491634e-01;9.211025e-03;1.706598e-02;1.762450e-01;1.407855e-02;6.148115e-03;2.715837e-02;2.880238e-02
3.440658e-01;1.023303e-01;1.381028e-01;7.592958e-03;1.200086e-01;1.414763e-02;1.970864e-02;1.578797e-01;2.394243e-02;7.137895e-03;3.807664e-02;2.700658e-02
3.023943e-01;1.411904e-01;1.572687e-01;5.155757e-03;8.716846e-02;9.038435e-03;2.501721e-02;1.127791e-01;7.130725e-02;1.271535e-02;5.754864e-02;1.841649e-02
2.436645e-01;1.759086e-01;1.699214e-01;8.634146e-03;4.951541e-02;6.770756e-03;2.564970e-02;8.560099e-02;1.279238e-01;2.464596e-02;5.807246e-02;2.369222e-02
1.904121e-01;2.125548e-01;1.811562e-01;1.424331e-02;2.422155e-02;1.522368e-02;2.664895e-02;5.930525e-02;1.549279e-01;2.718291e-02;3.794347e-02;5.617990e-02
1.388683e-01;2.464107e-01;2.058594e-01;2.371350e-02;1.210954e-02;2.440907e-02;1.921869e-02;3.526491e-02;1.838455e-01;1.495370e-02;1.567077e-02;7.967591e-02
8.973408e-02;2.615011e-01;2.464436e-01;2.901992e-02;1.144117e-02;4.061339e-02;1.233951e-02;1.999216e-02;2.068717e-01;1.278585e-02;1.066418e-02;5.859331e-02
6.069091e-02;2.377693e-01;3.117649e-01;2.659619e-02;1.409288e-02;4.915541e-02;2.169223e-02;1.796018e-02;1.774321e-01;2.692143e-02;1.094806e-02;4.497642e-02
5.192358e-02;1.864646e-01;3.518580e-01;3.395995e-02;2.527232e-02;4.738384e-02;5.504101e-02;3.102954e-02;1.123677e-01;4.048251e-02;2.264834e-02;4.156856e-02
1.583055e-01;1.652533e-01;2.828604e-01;3.052228e-02;2.951207e-02;3.205797e-02;8.643165e-02;3.565298e-02;8.216858e-02;2.794140e-02;2.967953e-02;3.961432e-02
2.049230e-01;1.410985e-01;2.149916e-01;3.642096e-02;3.540021e-02;2.612118e-02;1.102731e-01;3.164458e-02;7.245783e-02;4.323316e-02;3.797950e-02;4.545636e-02
2.120031e-01;1.029883e-01;1.708442e-01;5.246106e-02;4.288239e-02;2.857525e-02;1.367008e-01;3.520748e-02;6.884320e-02;4.561032e-02;5.060084e-02;5.328306e-02
1.592969e-01;8.827503e-02;1.560383e-01;6.006937e-02;4.704656e-02;3.769959e-02;1.413005e-01;4.615350e-02;6.908906e-02;5.607326e-02;7.260889e-02;6.634895e-02
1.347951e-01;1.092742e-01;2.049456e-01;5.404441e-02;4.914472e-02;4.858872e-02;9.223170e-02;3.631302e-02;4.972161e-02;7.145381e-02;8.417068e-02;6.531633e-02
1.083981e-01;1.214226e-01;2.147829e-01;4.484734e-02;4.193286e-02;2.836346e-02;1.938375e-01;5.472780e-02;4.482282e-02;7.050906e-02;4.213293e-02;3.422268e-02
1.023329e-01;7.407694e-02;1.333070e-01;3.868551e-02;3.053382e-02;3.673494e-02;3.059419e-01;8.101790e-02;6.022694e-02;6.747437e-02;3.415507e-02;3.551264e-02
1.143249e-01;4.758025e-02;7.862006e-02;4.119630e-02;3.214068e-02;4.250237e-02;3.794357e-01;9.447587e-02;5.953331e-02;5.277194e-02;2.184234e-02;3.557619e-02
1.125611e-01;7.324000e-02;1.193650e-01;3.483355e-02;2.476417e-02;2.805469e-02;3.800049e-01;8.665866e-02;4.277866e-02;4.553010e-02;2.262966e-02;2.957949e-02
9.765644e-02;8.159833e-02;1.186463e-01;2.354982e-02;2.221229e-02;2.882455e-02;4.239164e-01;7.166454e-02;5.083086e-02;3.557130e-02;1.878606e-02;2.674307e-02
7.347599e-02;6.723215e-02;9.992617e-02;2.313429e-02;2.772559e-02;3.255669e-02;4.528741e-01;6.526605e-02;5.334761e-02;5.188347e-02;2.107201e-02;3.150591e-02
5.020542e-02;5.517889e-02;5.409592e-02;2.751417e-02;3.311862e-02;4.692928e-02;5.028974e-01;6.478284e-02;4.968387e-02;5.618729e-02;2.391459e-02;3.549168e-02
8.754795e-02;6.463788e-02;7.539162e-02;2.766155e-02;3.141503e-02;4.287241e-02;4.661939e-01;6.404500e-02;4.534713e-02;4.030703e-02;2.200922e-02;3.257127e-02
1.491771e-01;9.568547e-02;1.255946e-01;1.989008e-02;3.109240e-02;3.181813e-02;3.434391e-01;6.963454e-02;5.338455e-02;2.622947e-02;2.400810e-02;3.004640e-02
1.938803e-01;1.098573e-01;1.444418e-01;2.791126e-02;3.747370e-02;2.329597e-02;2.433481e-01;7.181276e-02;4.769389e-02;3.811421e-02;3.044389e-02;3.172684e-02
2.057242e-01;7.933320e-02;1.082589e-01;4.864221e-02;5.138759e-02;2.777737e-02;2.168010e-01;7.305436e-02;5.008998e-02;5.493312e-02;4.272446e-02;4.127360e-02
1.965797e-01;6.819762e-02;1.066087e-01;4.798300e-02;5.447378e-02;2.758190e-02;1.937028e-01;7.692133e-02;4.325408e-02;6.149006e-02;6.147218e-02;6.173490e-02
1.564627e-01;8.040144e-02;1.687204e-01;3.570924e-02;3.784510e-02;3.736853e-02;1.437957e-01;6.315782e-02;4.420635e-02;7.132109e-02;8.373520e-02;7.727646e-02
7.725019e-02;7.599341e-02;2.798406e-01;4.882529e-02;2.967605e-02;6.165654e-02;8.887759e-02;4.211470e-02;4.896877e-02;9.653632e-02;8.561638e-02;6.464418e-02
7.283272e-02;5.502357e-02;2.552406e-01;6.629646e-02;3.214417e-02;7.009596e-02;1.144492e-01;5.858079e-02;8.819410e-02;8.338965e-02;5.151693e-02;5.223586e-02
9.592847e-02;6.975810e-02;1.297745e-01;5.831541e-02;6.251027e-02;3.973703e-02;1.166165e-01;9.468707e-02;1.400713e-01;9.646405e-02;4.294247e-02;5.319477e-02
5.706679e-02;5.529777e-02;8.960506e-02;5.475355e-02;7.995346e-02;5.983482e-02;1.283703e-01;1.432318e-01;1.283439e-01;1.267168e-01;3.719439e-02;3.963132e-02
7.024249e-02;7.096679e-02;1.287971e-01;6.235677e-02;8.001576e-02;9.046063e-02;1.335703e-01;1.035890e-01;6.279719e-02;1.041251e-01;3.578655e-02;5.729235e-02
6.951550e-02;7.270166e-02;1.455349e-01;8.204561e-02;9.497106e-02;9.481106e-02;1.274379e-01;7.276232e-02;5.677658e-02;7.164439e-02;4.427957e-02;6.751945e-02
6.090980e-02;7.125447e-02;1.530720e-01;8.746330e-02;8.688869e-02;8.732472e-02;1.284968e-01;7.005093e-02;6.617747e-02;7.353719e-02;4.570830e-02;6.911638e-02
6.205870e-02;9.903844e-02;2.351691e-01;7.459669e-02;7.532635e-02;7.295622e-02;1.024150e-01;4.908348e-02;5.853210e-02;6.635219e-02;3.691915e-02;6.755259e-02
1.297654e-01;1.267594e-01;3.000858e-01;5.343648e-02;5.282817e-02;3.992026e-02;9.156028e-02;4.229689e-02;6.035722e-02;3.781314e-02;3.494202e-02;3.023503e-02
1.877810e-01;1.291018e-01;2.313939e-01;5.208094e-02;5.933687e-02;2.766162e-02;9.864200e-02;6.218265e-02;5.522508e-02;2.756106e-02;4.181156e-02;2.722158e-02
2.512057e-01;1.026736e-01;1.535216e-01;4.882508e-02;7.578260e-02;3.234783e-02;8.959345e-02;9.309323e-02;3.868767e-02;4.281279e-02;3.926789e-02;3.218846e-02
2.534102e-01;7.574681e-02;1.278555e-01;6.080408e-02;8.770683e-02;3.229855e-02;1.035333e-01;1.084750e-01;4.606935e-02;3.763774e-02;2.858435e-02;3.787821e-02
1.941741e-01;7.592054e-02;1.437508e-01;6.963972e-02;8.112893e-02;3.487666e-02;1.425517e-01;9.480605e-02;4.781275e-02;3.720793e-02;3.092694e-02;4.720398e-02
1.085080e-01;7.201035e-02;1.370871e-01;7.738965e-02;8.007804e-02;4.028660e-02;1.902245e-01;8.181553e-02;5.740204e-02;4.531531e-02;4.076159e-02;6.912129e-02
1.579393e-01;7.969955e-02;1.801994e-01;4.569102e-02;6.065191e-02;4.744481e-02;1.618505e-01;7.139912e-02;5.489418e-02;3.672460e-02;2.550130e-02;7.800425e-02
1.847976e-01;6.304663e-02;1.109891e-01;4.584208e-02;5.242834e-02;5.138433e-02;2.263447e-01;6.624708e-02;4.712202e-02;4.817021e-02;3.044087e-02;7.318701e-02
1.396539e-01;4.449178e-02;5.512088e-02;6.057069e-02;3.977672e-02;4.206524e-02;3.416072e-01;4.740040e-02;3.557044e-02;5.686526e-02;5.214998e-02;8.472748e-02
1.447093e-01;5.549602e-02;7.903016e-02;7.016664e-02;3.365789e-02;3.124611e-02;3.309307e-01;3.472039e-02;3.260472e-02;6.094065e-02;6.048568e-02;6.601166e-02
1.873826e-01;7.497965e-02;8.928745e-02;7.869921e-02;5.006721e-02;3.302431e-02;2.383526e-01;4.892251e-02;3.161094e-02;6.556181e-02;4.364116e-02;5.847056e-02
2.039681e-01;6.205605e-02;7.206053e-02;9.747225e-02;5.965180e-02;4.170904e-02;2.203797e-01;5.907280e-02;2.924470e-02;6.009957e-02;2.711711e-02;6.716833e-02
1.970730e-01;4.872203e-02;4.728909e-02;1.230029e-01;5.836434e-02;4.634561e-02;2.333267e-01;4.849431e-02;3.927410e-02;5.675039e-02;2.437499e-02;7.698253e-02
1.726263e-01;4.244208e-02;6.487063e-02;1.315837e-01;6.484742e-02;4.599824e-02;2.429523e-01;4.454238e-02;3.838196e-02;4.930246e-02;2.694492e-02;7.550760e-02
1.434902e-01;4.770229e-02;1.104869e-01;1.244990e-01;6.645062e-02;4.781114e-02;2.330095e-01;4.477097e-02;2.756437e-02;4.348116e-02;3.444365e-02;7.629015e-02
1.056806e-01;5.554501e-02;1.881778e-01;1.041300e-01;6.132205e-02;4.416742e-02;2.007157e-01;4.703709e-02;3.149137e-02;4.014105e-02;4.166831e-02;7.992358e-02
1.090777e-01;5.692974e-02;2.144879e-01;8.499308e-02;5.705250e-02;3.633164e-02;1.580286e-01;5.227796e-02;3.510167e-02;5.310666e-02;5.128570e-02;9.132677e-02
1.174821e-01;7.937033e-02;1.739042e-01;6.499755e-02;6.548748e-02;4.227792e-02;1.039910e-01;5.459515e-02;5.496578e-02;7.574426e-02;5.882990e-02;1.083543e-01
8.042290e-02;4.592071e-02;1.479826e-01;5.823268e-02;8.110844e-02;4.418154e-02;1.464750e-01;6.899375e-02;6.743213e-02;9.748863e-02;5.680216e-02;1.049594e-01
8.770533e-02;4.668955e-02;9.726174e-02;7.608509e-02;5.927173e-02;7.390525e-02;1.726618e-01;7.655344e-02;6.563788e-02;1.009427e-01;5.977396e-02;8.351146e-02
5.132195e-02;4.082348e-02;1.194646e-01;9.828347e-02;6.009251e-02;1.071138e-01;1.402406e-01;6.699595e-02;6.110802e-02;1.185234e-01;6.379839e-02;7.223380e-02
4.249396e-02;7.108247e-02;1.028993e-01;1.105739e-01;4.122074e-02;1.033547e-01;1.266799e-01;7.803084e-02;7.241844e-02;9.602569e-02;5.981428e-02;9.540580e-02
6.159420e-02;6.782522e-02;6.415957e-02;7.651518e-02;5.079100e-02;9.313557e-02;1.440641e-01;8.345587e-02;1.010942e-01;8.437306e-02;6.160182e-02;1.113903e-01
7.307532e-02;5.606569e-02;1.059686e-01;6.590132e-02;8.875321e-02;9.514681e-02;1.081228e-01;7.724937e-02;1.093042e-01;7.259313e-02;5.422082e-02;9.359870e-02
7.858330e-02;4.984332e-02;1.451153e-01;7.778899e-02;9.536274e-02;7.635790e-02;1.197544e-01;7.849125e-02;8.227786e-02;8.236139e-02;4.790730e-02;6.615640e-02
4.358795e-02;4.399480e-02;1.275370e-01;6.896988e-02;1.081506e-01;7.168269e-02;1.277450e-01;9.492300e-02;5.357101e-02;9.714502e-02;9.668269e-02;6.601027e-02
3.622751e-02;2.937558e-02;8.408615e-02;7.295196e-02;1.091560e-01;9.454473e-02;1.374159e-01;7.582369e-02;5.469115e-02;1.177327e-01;1.187104e-01;6.928433e-02
5.243739e-02;5.515267e-02;1.070250e-01;8.047567e-02;8.557566e-02;1.277695e-01;9.112326e-02;7.833046e-02;8.067801e-02;1.089035e-01;7.822910e-02;5.429969e-02
5.203725e-02;7.199041e-02;1.721130e-01;9.612292e-02;5.952886e-02;1.293119e-01;5.486560e-02;6.655893e-02;1.049197e-01;7.411899e-02;7.266173e-02;4.577072e-02
5.241923e-02;6.427959e-02;2.039583e-01;8.455366e-02;8.124797e-02;6.540749e-02;1.039635e-01;5.769905e-02;9.746984e-02;6.484899e-02;7.264992e-02;5.150242e-02
8.025159e-02;7.749494e-02;1.759606e-01;8.456219e-02;8.312472e-02;6.995028e-02;1.070533e-01;5.187996e-02;1.000296e-01;3.270413e-02;8.199130e-02;5.499734e-02
9.864024e-02;7.298418e-02;1.457853e-01;7.860801e-02;7.806343e-02;8.018100e-02;9.735398e-02;7.267528e-02;9.652735e-02;4.129548e-02;8.716463e-02;5.072109e-02
1.267086e-01;5.534488e-02;1.123442e-01;6.003938e-02;8.916187e-02;7.258719e-02;1.111123e-01;1.036840e-01;6.517250e-02;7.565856e-02;8.322461e-02;4.496205e-02
1.599680e-01;4.597940e-02;1.122457e-01;4.230115e-02;8.448344e-02;4.159740e-02;1.334142e-01;1.272229e-01;3.390337e-02;1.030366e-01;7.318506e-02;4.266275e-02
1.636453e-01;5.102724e-02;1.012205e-01;5.189052e-02;5.790967e-02;4.385715e-02;1.597656e-01;1.040419e-01;6.378127e-02;1.165559e-01;3.864604e-02;4.765889e-02
1.593336e-01;7.781562e-02;1.419277e-01;4.342928e-02;6.352983e-02;4.564052e-02;1.293909e-01;8.612978e-02;5.324601e-02;9.194751e-02;5.862804e-02;4.898122e-02
1.461120e-01;8.481207e-02;1.477079e-01;4.108803e-02;7.564839e-02;4.460045e-02;1.289313e-01;8.983841e-02;4.121532e-02;6.986146e-02;7.550187e-02;5.468285e-02
1.198741e-01;5.600342e-02;1.850333e-01;3.857253e-02;5.505925e-02;3.585577e-02;2.348535e-01;9.165679e-02;4.224845e-02;4.938250e-02;5.412643e-02;3.733398e-02
1.243383e-01;3.773226e-02;1.727697e-01;4.293890e-02;3.734920e-02;2.331076e-02;2.982272e-01;8.192009e-02;5.535420e-02;5.469834e-02;3.453168e-02;3.682930e-02
1.507612e-01;2.581270e-02;1.526439e-01;4.095162e-02;5.051513e-02;2.775748e-02;2.859513e-01;7.700475e-02;6.882418e-02;4.703241e-02;3.398066e-02;3.876453e-02
1.701943e-01;4.843165e-02;1.926648e-01;4.231780e-02;4.594483e-02;2.607405e-02;2.219911e-01;8.662544e-02;5.008832e-02;3.890484e-02;4.553386e-02;3.122900e-02
1.322881e-01;6.773653e-02;2.858300e-01;4.469733e-02;5.986702e-02;3.723240e-02;1.697985e-01;6.239637e-02;3.212184e-02;3.903854e-02;4.499996e-02;2.399333e-02
7.257941e-02;7.116954e-02;3.778589e-01;4.525345e-02;6.277368e-02;6.617253e-02;1.355684e-01;3.954468e-02;3.261199e-02;4.262074e-02;3.875669e-02;1.509003e-02
3.279763e-02;6.131512e-02;3.492519e-01;3.257059e-02;5.722389e-02;7.407665e-02;2.400716e-01;2.634103e-02;3.171295e-02;3.285164e-02;4.418090e-02;1.760607e-02
3.037235e-02;6.473257e-02;3.625942e-01;3.138049e-02;5.078463e-02;6.503160e-02;2.536656e-01;2.335099e-02;3.296486e-02;2.381975e-02;4.863688e-02;1.266609e-02
4.456851e-02;7.199119e-02;4.231451e-01;3.287448e-02;5.068417e-02;4.582623e-02;2.001107e-01;1.781555e-02;2.442241e-02;2.593267e-02;4.191184e-02;2.071709e-02
2.220397e-02;6.741539e-02;4.219270e-01;3.331447e-02;5.647890e-02;5.590087e-02;2.146891e-01;2.002198e-02;1.888348e-02;2.846595e-02;3.644865e-02;2.425029e-02
5.523891e-02;6.279662e-02;3.453281e-01;3.113786e-02;5.430722e-02;6.884198e-02;2.477524e-01;2.461858e-02;1.875374e-02;3.007920e-02;4.037081e-02;2.077460e-02
7.870788e-02;5.091850e-02;2.879014e-01;3.640407e-02;5.526986e-02;7.524665e-02;2.273840e-01;3.230397e-02;2.357034e-02;4.548946e-02;6.113307e-02;2.567083e-02
7.646979e-02;2.342504e-02;2.538440e-01;2.970689e-02;4.382999e-02;8.157890e-02;1.463312e-01;4.861426e-02;3.546063e-02;7.532907e-02;1.153673e-01;7.004306e-02
5.358838e-02;3.413291e-02;2.458635e-01;2.048016e-02;3.521451e-02;5.590846e-02;1.567903e-01;5.624324e-02;4.319883e-02;8.323776e-02;1.426452e-01;7.269674e-02
5.148453e-02;3.139031e-02;3.929393e-01;2.918210e-02;2.962158e-02;3.333867e-02;1.324376e-01;4.966985e-02;2.538764e-02;5.600716e-02;1.091577e-01;5.938353e-02
6.009725e-02;3.680582e-02;3.948542e-01;2.012481e-02;2.785513e-02;3.454349e-02;8.066092e-02;4.956887e-02;2.654754e-02;7.593755e-02;1.162521e-01;7.675231e-02
5.372430e-02;5.558373e-02;3.530222e-01;3.215133e-02;3.884571e-02;5.113073e-02;7.233204e-02;4.450127e-02;4.304979e-02;9.017135e-02;9.407273e-02;7.141487e-02
6.093531e-02;6.929424e-02;2.873366e-01;5.568920e-02;4.222814e-02;5.850356e-02;8.755783e-02;6.582006e-02;5.743766e-02;9.503956e-02;6.719734e-02;5.296051e-02
8.041607e-02;7.038914e-02;1.322305e-01;6.608360e-02;6.930725e-02;7.341799e-02;1.353074e-01;8.095270e-02;8.509510e-02;7.913790e-02;6.961459e-02;5.804782e-02
8.540533e-02;7.372189e-02;1.141671e-01;6.608311e-02;7.639686e-02;7.856363e-02;1.249501e-01;8.184769e-02;8.874677e-02;7.848264e-02;6.661169e-02;6.502312e-02
8.551697e-02;7.696113e-02;1.111127e-01;6.258130e-02;8.157599e-02;8.316518e-02;1.183745e-01;8.205684e-02;8.549909e-02;8.236561e-02;6.454440e-02;6.624631e-02
7.868116e-02;8.831930e-02;1.248368e-01;6.816219e-02;1.002443e-01;8.631577e-02;9.050265e-02;8.532073e-02;6.862211e-02;9.524868e-02;4.776890e-02;6.597735e-02
5.555280e-02;6.319655e-02;1.331507e-01;9.033772e-02;1.222803e-01;6.396964e-02;8.458073e-02;1.061621e-01;7.102866e-02;1.088955e-01;5.511713e-02;4.572816e-02
6.092753e-02;7.834313e-02;1.136420e-01;5.154219e-02;8.813035e-02;8.664479e-02;9.525184e-02;9.613330e-02;9.327746e-02;1.116364e-01;5.783873e-02;6.663230e-02
9.269457e-02;7.710451e-02;8.015084e-02;6.544832e-02;5.417422e-02;1.069838e-01;1.226969e-01;1.083179e-01;9.320163e-02;8.385725e-02;4.404381e-02;7.132630e-02
9.458468e-02;5.409102e-02;6.519265e-02;1.120213e-01;4.014878e-02;1.346730e-01;1.126137e-01;1.117284e-01;7.349890e-02;9.062260e-02;7.251058e-02;3.831441e-02
8.856686e-02;5.491006e-02;8.229123e-02;1.136790e-01;4.706186e-02;1.498319e-01;7.664137e-02;8.822260e-02;7.705014e-02;1.095119e-01;9.120105e-02;2.103191e-02
5.624702e-02;6.632397e-02;1.104867e-01;1.092101e-01;7.466216e-02;1.191490e-01;9.150203e-02;9.451429e-02;5.169017e-02;1.229716e-01;7.763156e-02;2.561146e-02
3.542129e-02;5.517422e-02;1.611588e-01;1.092116e-01;9.981941e-02;7.519041e-02;9.941287e-02;1.199771e-01;7.209340e-02;9.676754e-02;5.321180e-02;2.256151e-02
3.238185e-02;6.650204e-02;1.364143e-01;1.713241e-01;8.069231e-02;9.950980e-02;8.142605e-02;9.959836e-02;7.484660e-02;8.743826e-02;5.183902e-02;1.802734e-02
3.915514e-02;7.064848e-02;1.586476e-01;1.756487e-01;6.964774e-02;8.918634e-02;6.884302e-02;7.834531e-02;7.182170e-02;9.260314e-02;5.883573e-02;2.661709e-02
4.226793e-02;6.619526e-02;2.946705e-01;1.099373e-01;7.635335e-02;5.765280e-02;1.364565e-01;4.170441e-02;3.756344e-02;4.394338e-02;4.697181e-02;4.628338e-02
1.034019e-01;1.029390e-01;3.227299e-01;6.074449e-02;5.916768e-02;5.330707e-02;1.278453e-01;3.210094e-02;2.435011e-02;3.320896e-02;3.228975e-02;4.791485e-02
1.363934e-01;1.692979e-01;3.147481e-01;4.151475e-02;3.879448e-02;5.215097e-02;7.041113e-02;2.980531e-02;4.116717e-02;3.264539e-02;2.161551e-02;5.145599e-02
1.587122e-01;2.449776e-01;2.658954e-01;2.778771e-02;2.252918e-02;4.380626e-02;4.778342e-02;3.457202e-02;4.286714e-02;3.267762e-02;2.016038e-02;5.823109e-02
2.938355e-01;2.510871e-01;1.352853e-01;1.666966e-02;2.651331e-02;2.337302e-02;5.022376e-02;4.443921e-02;3.947632e-02;2.070553e-02;4.112916e-02;5.726204e-02
3.197282e-01;2.269366e-01;1.011268e-01;2.709553e-02;2.235471e-02;3.206192e-02;7.247566e-02;3.373082e-02;4.398249e-02;3.345123e-02;4.299697e-02;4.405911e-02
2.306152e-01;2.323060e-01;1.802939e-01;3.340122e-02;2.379667e-02;3.217501e-02;8.331449e-02;2.759870e-02;4.307958e-02;3.851717e-02;3.575936e-02;3.914274e-02
1.493782e-01;2.551480e-01;2.295065e-01;2.080091e-02;3.287812e-02;3.643063e-02;9.265310e-02;3.002323e-02;4.758680e-02;3.132330e-02;3.806327e-02;3.620791e-02
1.818762e-01;2.318266e-01;1.997188e-01;2.459660e-02;3.772461e-02;3.277074e-02;1.122460e-01;2.807035e-02;3.904884e-02;3.500656e-02;4.444525e-02;3.266937e-02
1.825396e-01;2.143003e-01;2.061633e-01;3.940729e-02;4.215509e-02;3.060241e-02;1.150067e-01;3.039527e-02;3.511960e-02;2.987359e-02;3.952348e-02;3.491324e-02
8.482495e-02;2.170397e-01;3.804445e-01;3.941588e-02;2.966160e-02;3.183716e-02;5.223192e-02;2.583678e-02;4.278636e-02;3.658462e-02;2.498712e-02;3.434937e-02
9.657592e-02;2.285160e-01;4.261105e-01;2.827772e-02;1.490615e-02;3.603705e-02;2.129531e-02;2.188374e-02;5.141899e-02;3.379330e-02;1.232014e-02;2.886514e-02
1.584578e-01;2.185745e-01;3.580269e-01;2.632577e-02;2.042455e-02;3.199362e-02;4.329952e-02;2.522349e-02;5.127665e-02;2.527769e-02;1.412187e-02;2.699763e-02
2.545261e-01;2.152957e-01;2.702993e-01;2.500382e-02;2.554028e-02;2.588656e-02;4.913536e-02;1.998748e-02;4.378792e-02;2.019330e-02;1.805070e-02;3.229344e-02
2.976577e-01;1.977976e-01;2.276255e-01;2.409268e-02;2.690902e-02;4.059571e-02;2.872415e-02;2.518051e-02;4.478844e-02;2.364315e-02;2.125143e-02;4.173417e-02
2.961937e-01;1.589290e-01;1.550026e-01;2.175682e-02;4.937799e-02;8.128487e-02;3.976857e-02;3.821019e-02;4.488283e-02;3.733272e-02;2.833466e-02;4.892603e-02
2.581699e-01;1.475536e-01;1.081907e-01;2.185830e-02;5.784588e-02;1.084599e-01;5.247338e-02;5.720959e-02;3.644292e-02;5.702074e-02;4.126804e-02;5.350716e-02
2.147062e-01;1.036029e-01;1.530622e-01;1.541938e-02;4.741160e-02;7.969792e-02;1.057146e-01;5.109430e-02;4.008323e-02;7.364836e-02;5.544499e-02;6.011429e-02
1.185828e-01;8.325480e-02;1.753752e-01;2.262572e-02;5.269708e-02;7.092983e-02;1.341615e-01;7.123302e-02;5.966434e-02;7.647378e-02;6.373297e-02;7.126892e-02
1.249438e-01;7.931933e-02;1.918443e-01;3.291675e-02;5.849697e-02;7.339387e-02;9.860998e-02;1.059820e-01;5.213669e-02;5.744383e-02;6.874241e-02;5.617001e-02
1.219832e-01;6.862418e-02;1.753942e-01;3.591189e-02;9.306739e-02;7.975911e-02;5.907724e-02;1.006591e-01;5.819617e-02;5.575577e-02;6.488815e-02;8.668350e-02
1.002252e-01;7.587286e-02;1.285831e-01;2.920431e-02;9.566469e-02;1.185741e-01;8.240632e-02;8.591568e-02;7.118430e-02;7.076816e-02;6.155114e-02;8.005017e-02
9.289032e-02;7.926325e-02;1.035281e-01;2.709322e-02;5.846086e-02;1.011805e-01;1.429826e-01;8.102209e-02;8.933156e-02;7.500906e-02;1.081961e-01;4.104234e-02
9.485135e-02;7.970946e-02;9.251633e-02;3.677092e-02;4.168691e-02;5.608961e-02;1.390146e-01;6.491968e-02;9.239002e-02;1.469434e-01;1.063811e-01;4.872656e-02
7.540721e-02;8.189424e-02;2.029200e-01;4.887095e-02;5.686058e-02;5.330776e-02;8.303078e-02;7.270440e-02;8.508375e-02;1.225136e-01;7.972369e-02;3.768306e-02
1.180860e-01;9.914132e-02;2.757788e-01;6.140028e-02;5.079711e-02;5.479530e-02;1.398966e-01;5.159689e-02;4.283236e-02;2.994179e-02;4.811822e-02;2.761526e-02
1.817740e-01;1.230146e-01;2.120794e-01;5.305210e-02;5.303760e-02;6.298878e-02;1.345011e-01;4.542983e-02;3.285870e-02;2.982869e-02;3.850612e-02;3.292902e-02
2.249574e-01;1.796013e-01;1.855297e-01;3.208331e-02;4.747253e-02;5.994865e-02;8.891413e-02;3.806013e-02;5.108159e-02;2.564326e-02;3.459561e-02;3.211242e-02
1.780008e-01;2.425588e-01;2.414705e-01;2.859209e-02;3.713464e-02;5.390070e-02;5.019115e-02;2.676074e-02;6.640252e-02;2.043314e-02;3.257179e-02;2.198317e-02
1.856372e-01;2.685830e-01;1.739795e-01;3.187740e-02;5.472864e-02;3.517189e-02;6.407761e-02;3.955482e-02;6.176456e-02;2.443505e-02;4.733298e-02;1.285734e-02
1.921366e-01;2.283182e-01;1.598082e-01;5.300832e-02;5.146305e-02;3.155899e-02;8.157080e-02;4.641907e-02;4.126759e-02;3.353307e-02;6.368104e-02;1.723510e-02
2.152396e-01;1.554085e-01;1.400245e-01;5.877095e-02;1.008305e-01;3.754575e-02;9.472124e-02;5.353224e-02;2.209532e-02;4.479451e-02;5.858588e-02;1.845099e-02
2.060319e-01;8.660442e-02;1.092694e-01;7.326915e-02;1.332907e-01;5.921383e-02;1.183651e-01;6.645650e-02;2.115005e-02;5.522003e-02;3.634940e-02;3.477966e-02
1.563131e-01;3.796076e-02;6.420857e-02;8.521502e-02;1.363164e-01;1.182470e-01;1.437887e-01;9.228580e-02;3.825779e-02;7.032344e-02;1.882786e-02;3.825546e-02
9.542338e-02;4.634795e-02;6.036211e-02;8.174816e-02;8.432598e-02;1.566601e-01;1.612810e-01;1.061490e-01;4.521056e-02;8.688161e-02;3.989875e-02;3.571133e-02
8.651470e-02;2.407220e-02;7.818774e-02;6.540187e-02;5.152019e-02;1.767078e-01;1.637730e-01;1.111228e-01;4.191830e-02;1.221767e-01;4.513730e-02;3.346732e-02
9.248593e-02;3.103198e-02;4.892069e-02;7.265166e-02;2.221279e-02;1.973508e-01;1.952593e-01;6.071445e-02;6.550030e-02;1.476596e-01;2.739209e-02;3.882049e-02
1.053959e-01;2.722961e-02;6.356596e-02;6.885987e-02;3.653612e-02;2.254070e-01;1.512242e-01;5.310621e-02;5.076392e-02;1.510276e-01;2.453884e-02;4.234475e-02
9.328461e-02;4.315167e-02;5.285351e-02;1.165275e-01;3.697094e-02;2.290441e-01;1.409825e-01;3.370396e-02;2.607438e-02;1.492818e-01;2.620139e-02;5.192362e-02
8.303862e-02;5.761399e-02;4.737711e-02;1.420233e-01;5.010595e-02;1.870215e-01;1.526131e-01;2.267501e-02;2.677146e-02;1.393505e-01;2.431367e-02;6.709574e-02
8.987992e-02;6.836778e-02;4.835511e-02;1.787050e-01;5.446075e-02;1.418059e-01;1.460514e-01;2.461993e-02;1.571624e-02;1.227060e-01;3.085266e-02;7.847941e-02
1.249638e-01;7.452635e-02;1.334757e-01;1.695618e-01;2.652524e-02;8.525494e-02;1.278430e-01;4.415132e-02;2.773594e-02;8.873347e-02;3.459290e-02;6.263550e-02
2.019887e-01;9.057625e-02;1.606426e-01;1.126659e-01;6.611199e-02;3.946136e-02;9.285194e-02;6.515750e-02;2.629898e-02;6.495335e-02;3.870234e-02;4.058918e-02
2.874912e-01;1.071922e-01;1.780099e-01;4.374287e-02;7.422318e-02;1.850181e-02;5.524206e-02;7.586956e-02;2.924388e-02;4.684383e-02;3.583721e-02;4.780229e-02
3.609898e-01;9.378818e-02;1.670699e-01;1.315177e-02;6.754131e-02;1.408847e-02;3.521495e-02;8.719323e-02;2.444010e-02;2.815935e-02;3.076282e-02;7.760003e-02
3.892924e-01;6.993917e-02;1.702026e-01;1.967973e-02;5.353933e-02;8.895976e-03;2.538191e-02;1.044834e-01;1.654716e-02;2.030909e-02;3.648886e-02;8.524042e-02
3.503534e-01;7.237326e-02;2.083752e-01;2.252923e-02;3.467753e-02;1.197412e-02;3.560596e-02;1.286335e-01;2.474711e-02;2.483397e-02;2.868349e-02;5.721331e-02
2.921964e-01;8.095301e-02;2.340578e-01;1.591724e-02;2.747080e-02;1.282290e-02;4.157440e-02;1.553974e-01;4.311049e-02;2.742054e-02;3.539538e-02;3.368363e-02
2.643391e-01;7.704332e-02;2.385174e-01;1.281011e-02;2.102612e-02;1.364574e-02;5.530026e-02;1.783815e-01;3.559631e-02;2.268749e-02;3.792991e-02;4.272274e-02
2.367385e-01;6.865087e-02;2.438977e-01;2.075557e-02;1.830984e-02;1.423837e-02;7.958211e-02;1.637145e-01;2.496458e-02;2.628118e-02;4.791823e-02;5.494852e-02
2.547882e-01;6.066080e-02;2.027863e-01;2.600254e-02;2.259449e-02;1.597220e-02;9.453936e-02;1.356749e-01;3.116081e-02;4.169851e-02;5.318526e-02;6.093667e-02
1.899356e-01;7.576520e-02;2.427515e-01;3.474936e-02;3.295442e-02;3.870282e-02;1.027066e-01;7.362950e-02;5.919953e-02;4.442069e-02;5.193625e-02;5.324858e-02
1.146048e-01;8.375073e-02;3.520731e-01;3.965745e-02;4.468706e-02;4.144606e-02;9.690476e-02;3.764820e-02;6.828833e-02;4.313928e-02;3.712786e-02;4.067235e-02
6.474164e-02;8.264970e-02;3.917614e-01;3.757189e-02;3.886176e-02;3.108417e-02;9.047037e-02;5.771149e-02;6.862791e-02;5.442037e-02;5.091054e-02;3.118877e-02
7.012461e-02;5.812770e-02;3.264694e-01;3.299638e-02;5.551051e-02;2.235094e-02;1.028548e-01;9.314274e-02;5.645283e-02;8.409096e-02;7.015218e-02;2.772703e-02
8.435906e-02;7.030782e-02;2.614249e-01;5.408803e-02;4.267921e-02;5.214540e-02;1.064490e-01;5.394959e-02;8.267298e-02;7.503225e-02;6.646077e-02;5.043095e-02
8.984019e-02;8.185810e-02;1.751702e-01;6.349420e-02;5.650498e-02;6.096923e-02;1.338823e-01;3.736294e-02;9.988053e-02;6.025611e-02;8.485935e-02;5.592185e-02
1.161255e-01;8.764635e-02;1.312235e-01;5.211455e-02;5.813710e-02;4.006008e-02;1.805548e-01;5.064414e-02;8.137565e-02;5.398753e-02;9.853776e-02;4.959306e-02
9.540089e-02;6.661490e-02;1.134510e-01;4.217057e-02;6.190062e-02;5.784547e-02;2.339109e-01;7.785001e-02;5.210294e-02;4.955265e-02;9.174091e-02;5.745902e-02
8.685857e-02;5.285654e-02;1.347098e-01;2.687069e-02;7.184013e-02;7.574112e-02;1.988730e-01;7.288688e-02;7.926001e-02;5.279854e-02;8.227457e-02;6.503022e-02
1.036661e-01;6.127658e-02;1.580890e-01;4.014250e-02;7.659198e-02;8.478273e-02;1.557011e-01;6.580290e-02;8.854775e-02;5.938770e-02;4.834310e-02;5.766849e-02
1.090580e-01;4.677775e-02;1.224581e-01;5.138843e-02;7.852178e-02;8.576585e-02;2.051444e-01;9.439667e-02;6.545037e-02;5.585364e-02;4.260444e-02;4.258041e-02
1.039243e-01;4.620139e-02;1.580121e-01;6.105537e-02;8.245355e-02;7.294650e-02;1.897144e-01;9.151606e-02;3.755839e-02;3.928185e-02;5.952257e-02;5.781349e-02
9.455709e-02;7.070381e-02;1.691182e-01;5.238988e-02;7.499921e-02;6.871181e-02;1.308114e-01;8.395471e-02;7.582954e-02;5.516994e-02;6.311675e-02;6.063766e-02
6.460080e-02;8.901227e-02;1.516098e-01;8.193113e-02;5.660443e-02;7.775113e-02;1.025775e-01;7.547653e-02;1.102326e-01;6.983329e-02;6.825525e-02;5.211528e-02
2.944325e-02;6.640442e-02;1.300662e-01;8.383036e-02;1.173100e-01;8.212805e-02;1.172268e-01;6.731612e-02;9.496210e-02;7.774053e-02;7.385003e-02;5.972206e-02
