7.394293e-02;7.414109e-02;8.437365e-02;1.214066e-01;7.798092e-02;6.805294e-02;8.148925e-02;7.807737e-02;9.006068e-02;1.338620e-01;4.974508e-02;6.686747e-02
6.956453e-02;7.829501e-02;9.925225e-02;9.068786e-02;6.087918e-02;5.340103e-02;1.078743e-01;8.800638e-02;1.179554e-01;9.016287e-02;5.762647e-02;8.629469e-02
6.242326e-02;7.493068e-02;1.585179e-01;4.486708e-02;4.022139e-02;5.439089e-02;1.304495e-01;1.104845e-01;1.439455e-01;6.575808e-02;6.284051e-02;5.117053e-02
7.289416e-02;8.521106e-02;1.639819e-01;2.374032e-02;5.245542e-02;4.982655e-02;1.213869e-01;1.031784e-01;1.267179e-01;8.904649e-02;7.171244e-02;3.984840e-02
7.649137e-02;7.786681e-02;1.872688e-01;5.484107e-02;5.642764e-02;6.811730e-02;1.278732e-01;6.927745e-02;7.963127e-02;7.896225e-02;7.939336e-02;4.384958e-02
6.338441e-02;7.626417e-02;2.205814e-01;6.547004e-02;6.679087e-02;6.886233e-02;8.128681e-02;5.108257e-02;9.334385e-02;8.918527e-02;7.475883e-02;4.898952e-02
6.575079e-02;9.741709e-02;1.910639e-01;5.419990e-02;5.423521e-02;6.653198e-02;1.228956e-01;1.809310e-02;1.497942e-01;5.832092e-02;6.360043e-02;5.809691e-02
8.950318e-02;1.033870e-01;1.290837e-01;3.751083e-02;4.449243e-02;5.073351e-02;1.235092e-01;6.455359e-02;1.851968e-01;3.232289e-02;6.176683e-02;7.793999e-02
1.216619e-01;7.973435e-02;8.964627e-02;3.983719e-02;3.835092e-02;4.413158e-02;1.002140e-01;1.120631e-01;1.541081e-01;3.003811e-02;7.116733e-02;1.190471e-01
1.114396e-01;5.648668e-02;6.050275e-02;5.604224e-02;2.833455e-02;4.220335e-02;1.865249e-01;1.142597e-01;5.184162e-02;5.953537e-02;6.016453e-02;1.726647e-01
6.574289e-02;6.649401e-02;3.561847e-02;6.721375e-02;1.704826e-02;2.948355e-02;2.682172e-01;7.301756e-02;4.125082e-02;8.274307e-02;4.524776e-02;2.079227e-01
3.671479e-02;6.114133e-02;5.561502e-02;6.670330e-02;1.587570e-02;4.754682e-02;2.788162e-01;3.542870e-02;6.956610e-02;8.260519e-02;4.829437e-02;2.016925e-01
4.125292e-02;4.750841e-02;6.661761e-02;5.896293e-02;2.473879e-02;6.922749e-02;2.371917e-01;5.315371e-02;8.463690e-02;7.442068e-02;6.339397e-02;1.788949e-01
4.797369e-02;3.747689e-02;7.573729e-02;5.069067e-02;4.090431e-02;1.049067e-01;1.673220e-01;6.817382e-02;8.962934e-02;6.751061e-02;9.212436e-02;1.575503e-01
6.964121e-02;3.610931e-02;1.144620e-01;3.138346e-02;6.068090e-02;1.442063e-01;7.825469e-02;6.543815e-02;7.484374e-02;6.838267e-02;1.335657e-01;1.230318e-01
5.715161e-02;5.545863e-02;1.274167e-01;2.377981e-02;5.151107e-02;1.558628e-01;1.060945e-01;4.191414e-02;7.375862e-02;7.978386e-02;1.440767e-01;8.319172e-02
5.005440e-02;4.778396e-02;1.477079e-01;2.606104e-02;4.590754e-02;1.490888e-01;1.503277e-01;2.048106e-02;8.715276e-02;7.451054e-02;1.381079e-01;6.281640e-02
7.005254e-02;4.401014e-02;1.369689e-01;3.004166e-02;5.678082e-02;1.108416e-01;1.281955e-01;5.033846e-02;1.079058e-01;7.324737e-02;1.301577e-01;6.145949e-02
6.410358e-02;3.952791e-02;1.020710e-01;3.266164e-02;7.419246e-02;7.449464e-02;1.643077e-01;8.930529e-02;1.257007e-01;5.924001e-02;1.112400e-01;6.315512e-02
5.365802e-02;4.002433e-02;8.319874e-02;4.285986e-02;6.992752e-02;6.028863e-02;2.091099e-01;8.996706e-02;1.290974e-01;4.295048e-02;9.506901e-02;8.384903e-02
5.383784e-02;4.389410e-02;8.431863e-02;4.965991e-02;4.952043e-02;4.766490e-02;2.444948e-01;7.987383e-02;1.187917e-01;5.515809e-02;6.765315e-02;1.051325e-01
3.902765e-02;5.573905e-02;1.030188e-01;6.341396e-02;4.026737e-02;4.229742e-02;2.622215e-01;5.638547e-02;1.043013e-01;7.728431e-02;4.789000e-02;1.081531e-01
3.280799e-02;6.382754e-02;1.300260e-01;7.175218e-02;3.253035e-02;3.751335e-02;2.704635e-01;1.692626e-02;1.030546e-01;8.023693e-02;5.009140e-02;1.107698e-01
4.417405e-02;6.637649e-02;1.688834e-01;7.342070e-02;2.289453e-02;3.929786e-02;2.376743e-01;1.947699e-02;9.690665e-02;7.702734e-02;5.762354e-02;9.624419e-02
4.498725e-02;6.081188e-02;2.012677e-01;7.665041e-02;3.033175e-02;3.944598e-02;2.052474e-01;2.798564e-02;8.894398e-02;8.434765e-02;6.192305e-02;7.805732e-02
6.485393e-02;7.150808e-02;1.610613e-01;7.172064e-02;4.921843e-02;4.696228e-02;1.691040e-01;4.121083e-02;7.819998e-02;1.013213e-01;8.699688e-02;5.784236e-02
8.635264e-02;8.646194e-02;1.344740e-01;7.220331e-02;7.252457e-02;4.923151e-02;1.089668e-01;4.487139e-02;4.805543e-02;1.237457e-01;1.056323e-01;6.748042e-02
5.149798e-02;6.722318e-02;2.249942e-01;5.969557e-02;6.477866e-02;3.927738e-02;9.231421e-02;2.145226e-02;5.249733e-02;1.683916e-01;9.235435e-02;6.552324e-02
6.207553e-02;9.263866e-02;1.544956e-01;4.422092e-02;6.901556e-02;4.287388e-02;1.133102e-01;2.129712e-02;6.712705e-02;1.700299e-01;1.136244e-01;4.929118e-02
1.143743e-01;5.156951e-02;1.501265e-01;3.257253e-02;5.632712e-02;7.316308e-02;1.187873e-01;3.387490e-02;6.304649e-02;1.080118e-01;1.313358e-01;6.681069e-02
8.838170e-02;3.748244e-02;1.452649e-01;5.096326e-02;4.054735e-02;6.553965e-02;1.625485e-01;3.032944e-02;8.169644e-02;8.256761e-02;1.128883e-01;1.017904e-01
6.756922e-02;5.366473e-02;1.328612e-01;8.104345e-02;4.712783e-02;4.480161e-02;2.011360e-01;3.000071e-02;9.219806e-02;7.492197e-02;7.945542e-02;9.521979e-02
5.795862e-02;5.717760e-02;1.402956e-01;9.827539e-02;5.715683e-02;3.084926e-02;2.084746e-01;4.268331e-02;9.053790e-02;7.190131e-02;6.712499e-02;7.756452e-02
4.453669e-02;4.596805e-02;1.257540e-01;7.429606e-02;7.139266e-02;5.517349e-02;2.073002e-01;4.656398e-02;1.230714e-01;6.569519e-02;7.455835e-02;6.568993e-02
5.950714e-02;4.377891e-02;1.339376e-01;5.234762e-02;5.835701e-02;4.137205e-02;2.125343e-01;4.546193e-02;1.239272e-01;8.666755e-02;7.972303e-02;6.238560e-02
4.679344e-02;3.551969e-02;1.260938e-01;4.412599e-02;5.500514e-02;9.447321e-02;1.664835e-01;2.655842e-02;8.859983e-02;8.989192e-02;1.619479e-01;6.450716e-02
4.617965e-02;3.030320e-02;1.269346e-01;1.991542e-02;3.121177e-02;1.464337e-01;1.193123e-01;1.698143e-02;9.624182e-02;6.704993e-02;2.279501e-01;7.148615e-02
6.706654e-02;3.708342e-02;1.106579e-01;1.993142e-02;3.609344e-02;1.460512e-01;7.873049e-02;3.273096e-02;1.020546e-01;6.697853e-02;2.270633e-01;7.555810e-02
7.040640e-02;5.809095e-02;1.060997e-01;2.337255e-02;5.906564e-02;1.177909e-01;7.783200e-02;3.705336e-02;1.015088e-01;9.729294e-02;1.811130e-01;7.037371e-02
1.187713e-01;7.449190e-02;1.346052e-01;2.013398e-02;6.133239e-02;8.106983e-02;8.767413e-02;2.923682e-02;7.227000e-02;1.175411e-01;1.481591e-01;5.471430e-02
1.056727e-01;5.282937e-02;1.549116e-01;2.110482e-02;5.213518e-02;6.931231e-02;9.435367e-02;2.567488e-02;4.931035e-02;1.345522e-01;1.649186e-01;7.522435e-02
3.012226e-02;1.830159e-02;1.144972e-01;2.310871e-02;5.299361e-02;7.230115e-02;1.096434e-01;2.755103e-02;8.076517e-02;1.512036e-01;2.210899e-01;9.842236e-02
5.752528e-02;2.486751e-02;5.067008e-02;2.230388e-02;4.472246e-02;6.809422e-02;1.138053e-01;2.759088e-02;9.667064e-02;1.468229e-01;2.430150e-01;1.039119e-01
2.465913e-02;1.567254e-02;3.960852e-02;2.217975e-02;4.489442e-02;7.649192e-02;9.841353e-02;2.915569e-02;1.104075e-01;1.511797e-01;2.738180e-01;1.135193e-01
4.952316e-02;2.087915e-02;6.277099e-02;2.445525e-02;4.383285e-02;8.269808e-02;8.111355e-02;2.655824e-02;1.114692e-01;1.176360e-01;2.617727e-01;1.172908e-01
2.974969e-02;2.666667e-02;8.143903e-02;1.749174e-02;4.470551e-02;7.444204e-02;9.603551e-02;2.809301e-02;1.090471e-01;1.154143e-01;2.537425e-01;1.231728e-01
8.066937e-02;4.414847e-02;9.068247e-02;3.284128e-02;4.236565e-02;3.549958e-02;9.857990e-02;3.452112e-02;9.359975e-02;1.080559e-01;1.946763e-01;1.443602e-01
1.585856e-01;6.939366e-02;1.358508e-01;5.388962e-02;3.633871e-02;3.277401e-02;8.267406e-02;4.454921e-02;5.949604e-02;8.252615e-02;1.184291e-01;1.254930e-01
1.381379e-01;7.470413e-02;9.806492e-02;7.251073e-02;3.680634e-02;4.099642e-02;1.392293e-01;5.661613e-02;6.023083e-02;7.493127e-02;8.364592e-02;1.241261e-01
5.291438e-02;6.701360e-02;4.489772e-02;9.403802e-02;3.177650e-02;3.598491e-02;2.354443e-01;6.408052e-02;6.778599e-02;8.727109e-02;7.757921e-02;1.412138e-01
6.662548e-02;6.648633e-02;8.214477e-02;9.791422e-02;2.798999e-02;3.205004e-02;2.497521e-01;5.705608e-02;4.781974e-02;9.381814e-02;5.605320e-02;1.222898e-01
9.040129e-02;6.942049e-02;7.403255e-02;1.014726e-01;2.423297e-02;4.291362e-02;2.365628e-01;5.357530e-02;3.699544e-02;1.214656e-01;4.874495e-02;1.001824e-01
1.071237e-01;4.357488e-02;6.517908e-02;9.443879e-02;2.853356e-02;6.854793e-02;2.190402e-01;6.693559e-02;5.359333e-02;1.436950e-01;2.911512e-02;8.022280e-02
1.347771e-01;3.564970e-02;7.632181e-02;7.398783e-02;3.597726e-02;7.632830e-02;1.765177e-01;1.027727e-01;6.130882e-02;1.349468e-01;3.200858e-02;5.940337e-02
1.682008e-01;3.988507e-02;8.434764e-02;5.198204e-02;5.600701e-02;5.902265e-02;1.367543e-01;1.456987e-01;6.313461e-02;1.054188e-01;4.605654e-02;4.349191e-02
1.888803e-01;4.753704e-02;1.265953e-01;4.606105e-02;7.171642e-02;3.379146e-02;1.096906e-01;1.662593e-01;4.194197e-02;6.418020e-02;6.867081e-02;3.467541e-02
2.028087e-01;5.361741e-02;1.519240e-01;3.983963e-02;8.403464e-02;1.586193e-02;9.555183e-02;1.700201e-01;1.985934e-02;4.101364e-02;9.059928e-02;3.486952e-02
2.003890e-01;6.578376e-02;1.490419e-01;2.870778e-02;7.958554e-02;1.732829e-02;9.357359e-02;1.539954e-01;3.162073e-02;4.835751e-02;1.026645e-01;2.895199e-02
2.019872e-01;9.514588e-02;1.626141e-01;2.022850e-02;7.091680e-02;2.114132e-02;7.042394e-02;1.222851e-01;5.286887e-02;6.171419e-02;9.920149e-02;2.147250e-02
1.970009e-01;1.343805e-01;1.994255e-01;2.405197e-02;5.791715e-02;2.635276e-02;4.914226e-02;6.815856e-02;9.504000e-02;5.129487e-02;7.411192e-02;2.312362e-02
1.603898e-01;1.572044e-01;2.507851e-01;3.508462e-02;3.918029e-02;4.541263e-02;2.605673e-02;2.832757e-02;1.401570e-01;4.223012e-02;4.017436e-02;3.499737e-02
1.100680e-01;1.482092e-01;3.166215e-01;3.585938e-02;1.925083e-02;6.171688e-02;1.643385e-02;1.585347e-02;1.723303e-01;3.741709e-02;1.731982e-02;4.891979e-02
4.795868e-02;1.151905e-01;3.862775e-01;3.023904e-02;9.349333e-03;7.071073e-02;3.339583e-02;2.255320e-02;1.587831e-01;5.308593e-02;1.379088e-02;5.866531e-02
3.205716e-02;9.317199e-02;4.326452e-01;2.428415e-02;2.204547e-02;6.548915e-02;5.155185e-02;1.957249e-02;1.068728e-01;8.356790e-02;1.584815e-02;5.289365e-02
3.774848e-02;7.507852e-02;4.712931e-01;2.662099e-02;3.419418e-02;5.711240e-02;7.711180e-02;1.793605e-02;4.808543e-02;1.031535e-01;1.726360e-02;3.440204e-02
2.496636e-02;4.631837e-02;5.008293e-01;3.963750e-02;4.080608e-02;5.142893e-02;1.019623e-01;2.032802e-02;2.783188e-02;1.128227e-01;1.604353e-02;1.702509e-02
2.462661e-02;4.547402e-02;5.335010e-01;3.320581e-02;3.668633e-02;4.211278e-02;1.080442e-01;1.488549e-02;2.285759e-02;1.128591e-01;1.816512e-02;7.581923e-03
2.091436e-02;3.343897e-02;5.644520e-01;3.614154e-02;3.018743e-02;3.034366e-02;1.166717e-01;2.615289e-02;1.267283e-02;1.034328e-01;2.107891e-02;4.512966e-03
2.070224e-02;3.483194e-02;5.835703e-01;3.468286e-02;2.968230e-02;2.670183e-02;1.147659e-01;2.650910e-02;1.467597e-02;9.224879e-02;1.612198e-02;5.506836e-03
1.300848e-02;3.954921e-02;6.008098e-01;3.477969e-02;3.409175e-02;2.698776e-02;9.287272e-02;2.167168e-02;1.938929e-02;9.261070e-02;1.780194e-02;6.426925e-03
1.730989e-02;5.516982e-02;6.387608e-01;3.431740e-02;2.623824e-02;1.725037e-02;6.457751e-02;1.674940e-02;1.849466e-02;8.774599e-02;1.701167e-02;6.374193e-03
2.115645e-02;7.937536e-02;6.424365e-01;2.643597e-02;1.822132e-02;2.381273e-02;4.692063e-02;1.898508e-02;1.965282e-02;8.277656e-02;1.436194e-02;5.864674e-03
2.051825e-02;8.452031e-02;6.285114e-01;2.772184e-02;1.755976e-02;2.447386e-02;5.170057e-02;1.976587e-02;2.004063e-02;7.688083e-02;1.769788e-02;1.060887e-02
1.581854e-02;7.989776e-02;6.196427e-01;2.809186e-02;1.328224e-02;2.256853e-02;7.451306e-02;1.795041e-02;2.586709e-02;6.948552e-02;1.965190e-02;1.323037e-02
3.045832e-02;7.400962e-02;5.839297e-01;3.268730e-02;3.699785e-02;2.759153e-02;9.939349e-02;2.312237e-02;2.043482e-02;4.587252e-02;1.547888e-02;1.002357e-02
3.490475e-02;6.792120e-02;5.652914e-01;3.733141e-02;7.304904e-02;3.515582e-02;8.471005e-02;1.794246e-02;1.504578e-02;4.061832e-02;1.876723e-02;9.262597e-03
3.353348e-02;6.612413e-02;5.352068e-01;4.789414e-02;8.510046e-02;3.702682e-02;5.359814e-02;2.974114e-02;2.379482e-02;4.668390e-02;2.459719e-02;1.669902e-02
5.383695e-02;8.863879e-02;4.545881e-01;3.728460e-02;5.251673e-02;3.731376e-02;9.458596e-02;2.674470e-02;3.741907e-02;5.428297e-02;2.783749e-02;3.495087e-02
5.352715e-02;6.320672e-02;4.649689e-01;3.877852e-02;3.324090e-02;3.805277e-02;8.805212e-02;3.887754e-02;3.997270e-02;5.487770e-02;4.860571e-02;3.783921e-02
3.601495e-02;4.286473e-02;4.789140e-01;5.711821e-02;4.759094e-02;2.992075e-02;6.171918e-02;4.299196e-02;5.475296e-02;5.588299e-02;6.489661e-02;2.733267e-02
6.133772e-02;5.313284e-02;4.075285e-01;6.986003e-02;3.346443e-02;5.160372e-02;8.082418e-02;3.606974e-02;6.059847e-02;5.043505e-02;5.508688e-02;4.005842e-02
9.875401e-02;5.415273e-02;3.156184e-01;5.831737e-02;3.586792e-02;9.558855e-02;1.176236e-01;4.026058e-02;3.825557e-02;6.056159e-02;4.289375e-02;4.210594e-02
1.068395e-01;7.336432e-02;2.426835e-01;4.719499e-02;5.606147e-02;8.115319e-02;7.705342e-02;7.053415e-02;7.563772e-02;7.255384e-02;4.404826e-02;5.287565e-02
9.400168e-02;7.777705e-02;1.281998e-01;4.901389e-02;6.015734e-02;5.182596e-02;9.227208e-02;1.313846e-01;1.521123e-01;8.787396e-02;3.960476e-02;3.577664e-02
7.719470e-02;5.761983e-02;9.128943e-02;3.815007e-02;5.499629e-02;4.990869e-02;1.215539e-01;1.576251e-01;1.794176e-01;9.037840e-02;4.232977e-02;3.953618e-02
6.199321e-02;4.377145e-02;9.831113e-02;2.180551e-02;5.091821e-02;5.024442e-02;1.377502e-01;1.758743e-01;1.700484e-01;9.396766e-02;3.055428e-02;6.476116e-02
7.010545e-02;5.893123e-02;1.077663e-01;3.301284e-02;6.267146e-02;5.378578e-02;1.301731e-01;1.137461e-01;1.666358e-01;1.093949e-01;2.224137e-02;7.153579e-02
5.204248e-02;6.453551e-02;9.047085e-02;4.791913e-02;9.250173e-02;4.836927e-02;1.417149e-01;6.202434e-02;2.204491e-01;8.978364e-02;5.040845e-02;3.978060e-02
5.175382e-02;3.842852e-02;7.529203e-02;4.644668e-02;7.048672e-02;4.937392e-02;1.895788e-01;8.412950e-02;1.776288e-01;1.325245e-01;5.447379e-02;2.988290e-02
5.936332e-02;2.118722e-02;7.286816e-02;4.954007e-02;4.081919e-02;5.360980e-02;1.751679e-01;8.038542e-02;1.726595e-01;1.890294e-01;4.628899e-02;3.908096e-02
3.968129e-02;2.437285e-02;5.842886e-02;4.774347e-02;3.890291e-02;9.341749e-02;1.647360e-01;9.744848e-02;2.085702e-01;1.603116e-01;3.542022e-02;3.096671e-02
2.903180e-02;4.194449e-02;6.838848e-02;5.137347e-02;6.197109e-02;1.016976e-01;1.780874e-01;1.101041e-01;1.879877e-01;1.296550e-01;2.439267e-02;1.536618e-02
2.675237e-02;5.602208e-02;6.852309e-02;4.967381e-02;9.160686e-02;6.620398e-02;1.911425e-01;1.126295e-01;1.354112e-01;1.389134e-01;3.599329e-02;2.712787e-02
4.150074e-02;6.271005e-02;4.703689e-02;3.862650e-02;7.890268e-02;5.433451e-02;2.248053e-01;8.463188e-02;1.484515e-01;1.542639e-01;3.226307e-02;3.247294e-02
6.950780e-02;7.313547e-02;5.884808e-02;3.864344e-02;5.611231e-02;7.074819e-02;1.401922e-01;7.281098e-02;1.540389e-01;1.976766e-01;3.518110e-02;3.310489e-02
6.854991e-02;5.618861e-02;8.367468e-02;4.801572e-02;6.282526e-02;1.292158e-01;9.906345e-02;5.212071e-02;9.312236e-02;2.333856e-01;3.463434e-02;3.920349e-02
5.083981e-02;3.048158e-02;9.961481e-02;4.375819e-02;9.238891e-02;1.955452e-01;1.073484e-01;7.599480e-02;5.163469e-02;1.918134e-01;2.554301e-02;3.503722e-02
4.747600e-02;3.185293e-02;1.021162e-01;4.428751e-02;8.557995e-02;1.942513e-01;1.339547e-01;7.743902e-02;8.106061e-02;1.454151e-01;2.476708e-02;3.179955e-02
5.711747e-02;4.072297e-02;1.216092e-01;6.306181e-02;7.645267e-02;1.717075e-01;1.220685e-01;6.057722e-02;1.167794e-01;1.104253e-01;2.737552e-02;3.210241e-02
6.438400e-02;8.130060e-02;1.251312e-01;6.718560e-02;9.490478e-02;5.826807e-02;1.417804e-01;6.762421e-02;8.467115e-02;9.750272e-02;6.414279e-02;5.310445e-02
6.642331e-02;8.026214e-02;1.375625e-01;3.265450e-02;6.938934e-02;4.832814e-02;1.303792e-01;8.999074e-02;1.107152e-01;1.131676e-01;7.654183e-02;4.458540e-02
5.349268e-02;7.466108e-02;1.618221e-01;3.241197e-02;6.109105e-02;5.279721e-02;8.697797e-02;8.856858e-02;1.146934e-01;1.337143e-01;9.135780e-02;4.841193e-02
9.931454e-02;5.415927e-02;1.092550e-01;4.977725e-02;7.427163e-02;6.634150e-02;1.455718e-01;6.129855e-02;9.216788e-02;1.059119e-01;8.188641e-02;6.004434e-02
8.172484e-02;7.209083e-02;9.368896e-02;6.628423e-02;7.662553e-02;8.285993e-02;1.420729e-01;8.563113e-02;1.088439e-01;8.377256e-02;5.060790e-02;5.579732e-02
7.187787e-02;7.143790e-02;9.342614e-02;6.981193e-02;7.643545e-02;9.258187e-02;1.423606e-01;1.046800e-01;1.087296e-01;7.248127e-02;5.082852e-02;4.534883e-02
7.122873e-02;6.610053e-02;7.867666e-02;7.336796e-02;6.796356e-02;9.248176e-02;1.462194e-01;9.644762e-02;1.099767e-01;1.129463e-01;5.088550e-02;3.370526e-02
7.650814e-02;5.007732e-02;9.306051e-02;6.812510e-02;5.898442e-02;7.105378e-02;1.180155e-01;7.730152e-02;9.607311e-02;2.146641e-01;4.162775e-02;3.450873e-02
9.458482e-02;4.234119e-02;1.109642e-01;4.986697e-02;6.063806e-02;4.439953e-02;7.138307e-02;9.254551e-02;6.489079e-02;2.855979e-01;3.302530e-02;4.976260e-02
1.082516e-01;5.435074e-02;7.914414e-02;5.021617e-02;4.848783e-02;4.991252e-02;9.496111e-02;1.111457e-01;1.101224e-01;2.157155e-01;2.941198e-02;4.828025e-02
5.022971e-02;5.123544e-02;1.841985e-01;5.018783e-02;8.956849e-02;9.503707e-02;2.315511e-01;5.741840e-02;5.355439e-02;9.610199e-02;1.319159e-02;2.772556e-02
5.460832e-02;5.344042e-02;2.195853e-01;5.297604e-02;9.664710e-02;9.433019e-02;2.584107e-01;5.382605e-02;2.485732e-02;4.549685e-02;1.917349e-02;2.664828e-02
5.793824e-02;6.274676e-02;2.206154e-01;6.172603e-02;9.934973e-02;8.707360e-02;2.348632e-01;6.044562e-02;2.698405e-02;3.400890e-02;2.486124e-02;2.938718e-02
3.147037e-02;8.349509e-02;2.758591e-01;8.121891e-02;1.015979e-01;6.732563e-02;1.506519e-01;7.182594e-02;3.611383e-02;3.624012e-02;2.744557e-02;3.675558e-02
5.584013e-02;5.724550e-02;3.739867e-01;7.894127e-02;9.537968e-02;4.801286e-02;9.489248e-02;4.629006e-02;3.718784e-02;5.280345e-02;3.353284e-02;2.588728e-02
5.570237e-02;2.368417e-02;4.041049e-01;8.003830e-02;8.732759e-02;4.907607e-02;1.453692e-01;3.734569e-02;2.952848e-02;4.676390e-02;2.419647e-02;1.686280e-02
3.890107e-02;2.937959e-02;4.845621e-01;8.517423e-02;8.854767e-02;5.165743e-02;9.392390e-02;2.989471e-02;2.571266e-02;2.937772e-02;2.387210e-02;1.899681e-02
2.374306e-02;2.131381e-02;5.326324e-01;8.534209e-02;9.680505e-02;4.782608e-02;6.275841e-02;2.720659e-02;2.784873e-02;2.978939e-02;3.375590e-02;1.097852e-02
2.670248e-02;1.878481e-02;5.576407e-01;7.673324e-02;8.615627e-02;2.185030e-02;6.744085e-02;2.886454e-02;2.473188e-02;4.469861e-02;2.660904e-02;1.978733e-02
5.454047e-02;5.072343e-02;5.369319e-01;6.012200e-02;7.360510e-02;3.423282e-02;4.426533e-02;2.167724e-02;4.744448e-02;4.413764e-02;1.101649e-02;2.130307e-02
6.247572e-02;1.035057e-01;4.283188e-01;3.901296e-02;3.521354e-02;4.121424e-02;4.993312e-02;1.526880e-02;1.030481e-01;5.119409e-02;2.214603e-02;4.866887e-02
3.273002e-02;1.246367e-01;3.286976e-01;3.426726e-02;1.702017e-02;3.934956e-02;5.302436e-02;2.469213e-02;1.628059e-01;8.512167e-02;1.755474e-02;8.009987e-02
2.970514e-02;1.208360e-01;2.484463e-01;3.066738e-02;1.827203e-02;4.314874e-02;5.403300e-02;2.845163e-02;2.074090e-01;1.006912e-01;1.945839e-02;9.888111e-02
4.196195e-02;1.342725e-01;1.916357e-01;2.926936e-02;1.896870e-02;4.909040e-02;4.671041e-02;2.444506e-02;2.608473e-01;7.907913e-02;1.678342e-02;1.069360e-01
4.248310e-02;1.623702e-01;1.751021e-01;3.447375e-02;2.231206e-02;4.883247e-02;2.574839e-02;2.439277e-02;3.077985e-01;4.458829e-02;1.460863e-02;9.728972e-02
4.271814e-02;1.865882e-01;1.642675e-01;4.761567e-02;2.386975e-02;4.562750e-02;1.210237e-02;1.527313e-02;3.428623e-01;1.756260e-02;2.340900e-02;7.810383e-02
5.482640e-02;1.915800e-01;1.417828e-01;5.543873e-02;2.440431e-02;4.410609e-02;1.108629e-02;3.889745e-02;3.544715e-01;9.625071e-03;2.580062e-02;4.798079e-02
5.303602e-02;1.979196e-01;1.309312e-01;5.805911e-02;2.366655e-02;4.121261e-02;1.174936e-02;4.459655e-02;3.830169e-01;1.306556e-02;2.090951e-02;2.183707e-02
5.301975e-02;2.014475e-01;1.482093e-01;5.727534e-02;1.737305e-02;3.650824e-02;1.245284e-02;3.621230e-02;4.040066e-01;1.483895e-02;9.364977e-03;9.291065e-03
7.006042e-02;1.891322e-01;1.707677e-01;5.561108e-02;1.309605e-02;3.156247e-02;1.283149e-02;3.971741e-02;3.757653e-01;2.400489e-02;4.195088e-03;1.325597e-02
1.106496e-01;1.616503e-01;1.799461e-01;4.906019e-02;1.977587e-02;2.477904e-02;2.518074e-02;5.675384e-02;3.154880e-01;2.442203e-02;1.276597e-02;1.952831e-02
1.449602e-01;1.319902e-01;1.623606e-01;4.021556e-02;2.136877e-02;1.656613e-02;5.068194e-02;7.551923e-02;2.665832e-01;3.271059e-02;2.492993e-02;3.211365e-02
1.342687e-01;1.203832e-01;1.626983e-01;5.633045e-02;2.353251e-02;3.081213e-02;5.128750e-02;4.879272e-02;2.400995e-01;5.125440e-02;4.074301e-02;3.979746e-02
7.889044e-02;1.244988e-01;1.651829e-01;9.173402e-02;6.476895e-02;4.719708e-02;4.372195e-02;4.007212e-02;1.864884e-01;7.229401e-02;5.574694e-02;2.940440e-02
4.954863e-02;1.122514e-01;1.537889e-01;1.189348e-01;8.809690e-02;4.731495e-02;4.415164e-02;5.809754e-02;1.355671e-01;1.185691e-01;4.768457e-02;2.599451e-02
4.614778e-02;6.948222e-02;1.863026e-01;1.127464e-01;1.071761e-01;3.964004e-02;6.212094e-02;5.235651e-02;1.028484e-01;1.392377e-01;4.139009e-02;4.055122e-02
4.558175e-02;3.904693e-02;1.899080e-01;7.956952e-02;1.215653e-01;7.217187e-02;8.079501e-02;6.448693e-02;8.792775e-02;1.185962e-01;5.241601e-02;4.793468e-02
5.321030e-02;7.013220e-02;1.750448e-01;1.006185e-01;1.105607e-01;1.009039e-01;5.961445e-02;7.631740e-02;1.109077e-01;7.260450e-02;5.145299e-02;1.863255e-02
7.082228e-02;7.880217e-02;1.615844e-01;8.955807e-02;9.388217e-02;9.694603e-02;7.584368e-02;9.599677e-02;9.563544e-02;6.923510e-02;5.154811e-02;2.014581e-02
9.431510e-02;8.381660e-02;1.584002e-01;7.568044e-02;7.174356e-02;9.712783e-02;7.053501e-02;9.836572e-02;7.871066e-02;8.183588e-02;5.127859e-02;3.819043e-02
1.054767e-01;9.040430e-02;1.427155e-01;5.823578e-02;5.103945e-02;8.747558e-02;7.775554e-02;8.450330e-02;8.354252e-02;1.077076e-01;5.517126e-02;5.597246e-02
7.826100e-02;5.740964e-02;1.646974e-01;2.696167e-02;9.126683e-02;6.651943e-02;1.046774e-01;7.563018e-02;1.152979e-01;1.014510e-01;6.585728e-02;5.197021e-02
7.124456e-02;4.973938e-02;1.700935e-01;3.512305e-02;1.122249e-01;5.519190e-02;9.368820e-02;5.534122e-02;1.371502e-01;8.460426e-02;7.352304e-02;6.207573e-02
7.683601e-02;4.410950e-02;1.487319e-01;5.308003e-02;1.109743e-01;6.477154e-02;6.722703e-02;6.475958e-02;1.196516e-01;9.018086e-02;8.239555e-02;7.728209e-02
8.263942e-02;7.400433e-02;1.835324e-01;8.138505e-02;8.881608e-02;5.410426e-02;8.407681e-02;7.506062e-02;8.240789e-02;8.857805e-02;4.921365e-02;5.618146e-02
9.530667e-02;8.927237e-02;2.886211e-01;5.157337e-02;5.981538e-02;3.782338e-02;9.642158e-02;7.754817e-02;5.081201e-02;5.975931e-02;4.337776e-02;4.966886e-02
1.039687e-01;6.714314e-02;2.459000e-01;4.533426e-02;5.374545e-02;4.360884e-02;1.233855e-01;8.163916e-02;7.525907e-02;5.910693e-02;3.981550e-02;6.109339e-02
9.109982e-02;5.440873e-02;1.449324e-01;4.655590e-02;4.841101e-02;5.611356e-02;2.115843e-01;7.400449e-02;8.764333e-02;4.857617e-02;4.880042e-02;8.786991e-02
4.155442e-02;6.122541e-02;7.665778e-02;6.200000e-02;4.072139e-02;6.277937e-02;3.071406e-01;4.364102e-02;7.881692e-02;5.193739e-02;6.149938e-02;1.120264e-01
4.859470e-02;7.770774e-02;8.811657e-02;5.906325e-02;3.276636e-02;5.034580e-02;3.067456e-01;2.440278e-02;5.478098e-02;7.459286e-02;6.746791e-02;1.154155e-01
5.007116e-02;7.311606e-02;1.174483e-01;6.185352e-02;3.573647e-02;4.432491e-02;2.879511e-01;3.337885e-02;6.245031e-02;6.754389e-02;5.726082e-02;1.088646e-01
4.555562e-02;6.140720e-02;1.655123e-01;6.391645e-02;3.782332e-02;3.736317e-02;2.770987e-01;2.094075e-02;6.874144e-02;6.567595e-02;6.356970e-02;9.239539e-02
3.191959e-02;5.068922e-02;1.842696e-01;4.551101e-02;4.041277e-02;4.780445e-02;2.855406e-01;2.203002e-02;6.925751e-02;6.820600e-02;8.123467e-02;7.312461e-02
3.342776e-02;4.254381e-02;1.709968e-01;4.042131e-02;5.381897e-02;6.723397e-02;2.709227e-01;1.785112e-02;6.584466e-02;6.893019e-02;1.007732e-01;6.723557e-02
6.079663e-02;3.572745e-02;1.212937e-01;3.401925e-02;7.070047e-02;7.784451e-02;2.437411e-01;1.548561e-02;5.594494e-02;8.768928e-02;1.278236e-01;6.893346e-02
6.468703e-02;5.739944e-02;1.693537e-01;3.039480e-02;6.417421e-02;6.704740e-02;1.969152e-01;1.981857e-02;4.414119e-02;9.167841e-02;1.425747e-01;5.181529e-02
3.962144e-02;6.490387e-02;2.145411e-01;2.684308e-02;7.339805e-02;6.112316e-02;1.575207e-01;2.316834e-02;4.670785e-02;1.091237e-01;1.484275e-01;3.462126e-02
2.606385e-02;5.539155e-02;1.992760e-01;2.405552e-02;9.242981e-02;6.768049e-02;1.194712e-01;3.149755e-02;6.176258e-02;1.375285e-01;1.568452e-01;2.799761e-02
4.020087e-02;6.183670e-02;1.405485e-01;2.384001e-02;1.170873e-01;8.844750e-02;7.554820e-02;3.746242e-02;6.944627e-02;1.482452e-01;1.624519e-01;3.488515e-02
3.626576e-02;6.501586e-02;1.275103e-01;1.966094e-02;1.115167e-01;9.973712e-02;1.283698e-01;3.005851e-02;6.424504e-02;1.409541e-01;1.425066e-01;3.415920e-02
3.465518e-02;7.116638e-02;1.187497e-01;1.904772e-02;1.047217e-01;9.905635e-02;1.717693e-01;4.088635e-02;5.083378e-02;1.366939e-01;1.238289e-01;2.859071e-02
2.151180e-02;7.339972e-02;1.215009e-01;2.135700e-02;1.077525e-01;8.719267e-02;1.857922e-01;4.177456e-02;5.718384e-02;1.403896e-01;1.146865e-01;2.745865e-02
3.524982e-02;7.216652e-02;1.571369e-01;2.585023e-02;1.035008e-01;9.544867e-02;1.447725e-01;3.542836e-02;5.520888e-02;1.305833e-01;1.136535e-01;3.100062e-02
3.440139e-02;6.215093e-02;1.728360e-01;3.200541e-02;1.002624e-01;1.010444e-01;1.585851e-01;3.177248e-02;3.687878e-02;1.136191e-01;1.246645e-01;3.177955e-02
4.010314e-02;6.485005e-02;1.623563e-01;3.019034e-02;9.295629e-02;9.657567e-02;1.748975e-01;2.809644e-02;2.974154e-02;1.049855e-01;1.429669e-01;3.228029e-02
3.234800e-02;7.324119e-02;1.258871e-01;3.168457e-02;1.026861e-01;9.643577e-02;1.540062e-01;3.405506e-02;2.811952e-02;1.279444e-01;1.573159e-01;3.627622e-02
3.621926e-02;5.771171e-02;1.223444e-01;4.439459e-02;9.901489e-02;9.905054e-02;1.435950e-01;3.140613e-02;3.119166e-02;1.216181e-01;1.704773e-01;4.297639e-02
9.462437e-02;5.094966e-02;1.291492e-01;6.095762e-02;5.239421e-02;7.416724e-02;1.679587e-01;2.908253e-02;3.010503e-02;8.935823e-02;1.400993e-01;8.115388e-02
1.591413e-01;2.025339e-02;8.667723e-02;7.847732e-02;3.045444e-02;3.670605e-02;2.180292e-01;4.226189e-02;2.182045e-02;7.968262e-02;9.177747e-02;1.347187e-01
1.819059e-01;2.718265e-02;5.162444e-02;9.102724e-02;2.356270e-02;3.034803e-02;2.223365e-01;5.504585e-02;1.707780e-02;8.726522e-02;6.266078e-02;1.499629e-01
1.967860e-01;2.338590e-02;7.055242e-02;7.888905e-02;3.326277e-02;4.332438e-02;1.873251e-01;8.182825e-02;2.426283e-02;9.473523e-02;4.218933e-02;1.234588e-01
2.402200e-01;3.005749e-02;6.208709e-02;4.923345e-02;4.228094e-02;5.421720e-02;1.564142e-01;1.287644e-01;3.691575e-02;8.126853e-02;2.697344e-02;9.156756e-02
3.012100e-01;4.413453e-02;7.389023e-02;2.547277e-02;3.842578e-02;4.956154e-02;1.020175e-01;1.838543e-01;4.412461e-02;4.648210e-02;2.301895e-02;6.780767e-02
3.342360e-01;6.075361e-02;1.059639e-01;1.889904e-02;6.546159e-02;2.174406e-02;5.804546e-02;2.197135e-01;3.039706e-02;2.151095e-02;1.945343e-02;4.382144e-02
3.242302e-01;7.708531e-02;1.163170e-01;1.325394e-02;1.040655e-01;7.770121e-03;4.280055e-02;2.104817e-01;2.935142e-02;1.942361e-02;2.087719e-02;3.434343e-02
3.119576e-01;9.594913e-02;1.334325e-01;9.114457e-03;1.289681e-01;9.705153e-03;2.450242e-02;1.834806e-01;3.400122e-02;2.046866e-02;2.493527e-02;2.348490e-02
2.909387e-01;1.256515e-01;1.686130e-01;1.463066e-02;1.002465e-01;1.179700e-02;2.382642e-02;1.284807e-01;6.914314e-02;1.784481e-02;2.631362e-02;2.251408e-02
2.704988e-01;1.579720e-01;1.931656e-01;1.295030e-02;4.823538e-02;1.113252e-02;2.745572e-02;7.924580e-02;1.197830e-01;3.503196e-02;2.147592e-02;2.305291e-02
2.132687e-01;1.904684e-01;2.356028e-01;2.035546e-02;2.770734e-02;1.709349e-02;2.258528e-02;3.879243e-02;1.685441e-01;3.851185e-02;1.426449e-02;1.280562e-02
1.401221e-01;2.017113e-01;2.852704e-01;3.031449e-02;1.841133e-02;3.710771e-02;1.455726e-02;1.759315e-02;2.144479e-01;2.641167e-02;6.857974e-03;7.194789e-03
8.809368e-02;1.793224e-01;3.208384e-01;3.394951e-02;1.713906e-02;5.282673e-02;1.175482e-02;1.286252e-02;2.367947e-01;2.109765e-02;1.000123e-02;1.531939e-02
2.257484e-02;1.551712e-01;3.783160e-01;3.182287e-02;1.590611e-02;6.198857e-02;1.497675e-02;1.098018e-02;2.489367e-01;3.559369e-02;6.964657e-03;1.676853e-02
4.900812e-02;1.465756e-01;3.883216e-01;2.451529e-02;1.499230e-02;5.643957e-02;1.514911e-02;1.251842e-02;2.205510e-01;4.942351e-02;7.365226e-03;1.514021e-02
5.369217e-02;1.451906e-01;4.022226e-01;3.145129e-02;1.316549e-02;5.016432e-02;8.597801e-03;1.700609e-02;1.940065e-01;6.226302e-02;6.956247e-03;1.528389e-02
3.010239e-02;1.355999e-01;4.511221e-01;3.332936e-02;1.037366e-02;3.965033e-02;1.287573e-02;1.918503e-02;1.795071e-01;6.451935e-02;9.525418e-03;1.420957e-02
2.012233e-02;1.276615e-01;4.755138e-01;2.562357e-02;1.623468e-02;3.817910e-02;1.351879e-02;1.804858e-02;1.735229e-01;6.885865e-02;8.721311e-03;1.399477e-02
4.488404e-02;1.349948e-01;4.757413e-01;2.326490e-02;1.562215e-02;3.685490e-02;2.255572e-02;1.017250e-02;1.555274e-01;5.501275e-02;8.386971e-03;1.698256e-02
3.283010e-02;1.209560e-01;4.968299e-01;3.025535e-02;2.156644e-02;3.985601e-02;1.656084e-02;1.115931e-02;1.392270e-01;5.487563e-02;1.461515e-02;2.126822e-02
1.601090e-02;1.058985e-01;5.404102e-01;3.273907e-02;2.206186e-02;4.066480e-02;2.311636e-02;1.526812e-02;1.111139e-01;6.159358e-02;1.170360e-02;1.941910e-02
2.476603e-02;1.064428e-01;5.654814e-01;4.512689e-02;3.013926e-02;3.539056e-02;2.649013e-02;1.445187e-02;6.229198e-02;6.204161e-02;1.021765e-02;1.715983e-02
4.185709e-02;1.020372e-01;5.319156e-01;6.198469e-02;4.599072e-02;3.850369e-02;5.379209e-02;1.656441e-02;2.643198e-02;5.141763e-02;1.158394e-02;1.792095e-02
3.705109e-02;1.048278e-01;4.947517e-01;5.389126e-02;6.880453e-02;5.023868e-02;8.241564e-02;2.333358e-02;1.386510e-02;3.729501e-02;1.539932e-02;1.812628e-02
3.563645e-02;1.402146e-01;4.503172e-01;4.469260e-02;8.353262e-02;5.182042e-02;4.550635e-02;3.443040e-02;4.587115e-02;2.133366e-02;2.906921e-02;1.757532e-02
6.593604e-02;1.640615e-01;3.734103e-01;3.827018e-02;4.869181e-02;3.543095e-02;6.436557e-02;3.037615e-02;7.469229e-02;4.245323e-02;3.932697e-02;2.298503e-02
7.573403e-02;1.498811e-01;3.319855e-01;6.372294e-02;3.131627e-02;3.606931e-02;4.850131e-02;3.930734e-02;1.110640e-01;5.270959e-02;3.879594e-02;2.091270e-02
6.246534e-02;1.119753e-01;3.265090e-01;6.433785e-02;4.995384e-02;4.796777e-02;7.270893e-02;4.884006e-02;1.074760e-01;5.541941e-02;2.294414e-02;2.940240e-02
7.613608e-02;1.214905e-01;2.836444e-01;5.443525e-02;6.776625e-02;4.584688e-02;6.272329e-02;4.322439e-02;9.443459e-02;7.432692e-02;1.699042e-02;5.898103e-02
1.060557e-01;1.184802e-01;1.795136e-01;7.723372e-02;6.528602e-02;5.492966e-02;7.926882e-02;5.832377e-02;7.204040e-02;8.040328e-02;4.081604e-02;6.764881e-02
8.531938e-02;9.353082e-02;2.602070e-01;8.726026e-02;4.016662e-02;5.199445e-02;9.820915e-02;5.499862e-02;7.466574e-02;5.150323e-02;3.883666e-02;6.330804e-02
6.521822e-02;7.989087e-02;2.335787e-01;7.651722e-02;4.841813e-02;6.212644e-02;6.984951e-02;6.380194e-02;9.943020e-02;6.354535e-02;6.523366e-02;7.238979e-02
