9.612460e-02;6.186800e-02;7.032348e-02;4.368571e-02;4.692967e-02;5.080076e-02;8.990605e-02;6.749494e-02;8.505034e-02;1.252073e-01;1.716174e-01;9.099176e-02
9.248014e-02;5.969012e-02;7.135338e-02;3.586964e-02;5.031255e-02;5.075363e-02;1.095034e-01;5.961609e-02;8.384014e-02;1.126789e-01;1.902875e-01;8.361461e-02
9.206767e-02;4.217228e-02;1.204754e-01;5.527236e-02;9.669740e-02;8.052768e-02;1.263705e-01;4.776558e-02;4.849557e-02;9.833679e-02;1.122036e-01;7.961516e-02
7.164346e-02;4.834111e-02;1.336253e-01;4.876933e-02;9.726430e-02;8.328269e-02;1.716652e-01;6.262317e-02;4.800115e-02;5.777638e-02;7.900671e-02;9.800123e-02
8.626807e-02;5.758041e-02;1.368387e-01;3.963036e-02;8.377514e-02;6.976803e-02;1.407422e-01;8.699705e-02;7.839887e-02;6.313714e-02;7.580738e-02;8.105663e-02
8.154823e-02;8.898903e-02;1.213784e-01;3.838981e-02;6.318013e-02;6.150451e-02;1.067834e-01;9.960574e-02;1.343092e-01;7.127646e-02;6.225053e-02;7.078461e-02
8.188243e-02;1.629580e-01;9.084808e-02;4.869661e-02;3.141523e-02;6.035693e-02;5.773496e-02;8.474004e-02;2.197502e-01;7.002743e-02;3.168919e-02;5.990094e-02
1.387210e-01;2.226325e-01;1.048904e-01;5.358263e-02;2.817403e-02;3.422908e-02;1.987253e-02;6.710231e-02;2.312966e-01;4.036118e-02;2.369882e-02;3.543879e-02
1.696889e-01;2.044392e-01;1.398650e-01;4.638572e-02;3.445512e-02;2.144948e-02;2.221839e-02;6.242022e-02;1.268329e-01;3.601681e-02;8.172639e-02;5.450199e-02
1.633283e-01;2.132289e-01;1.386219e-01;4.205927e-02;3.672506e-02;2.680128e-02;4.577142e-02;5.943063e-02;6.376338e-02;4.343799e-02;1.209448e-01;4.588716e-02
1.012195e-01;1.990880e-01;1.215314e-01;2.503627e-02;2.856294e-02;4.424540e-02;4.955160e-02;7.069547e-02;2.029008e-01;2.688397e-02;7.256657e-02;5.771803e-02
8.078138e-02;1.653752e-01;1.121760e-01;1.829850e-02;4.029965e-02;3.123986e-02;3.762822e-02;9.107963e-02;2.546338e-01;3.696334e-02;6.972066e-02;6.180378e-02
1.251521e-01;1.526416e-01;9.495213e-02;2.142427e-02;5.992077e-02;2.622141e-02;4.982322e-02;5.676155e-02;2.077007e-01;3.281002e-02;8.424334e-02;8.834898e-02
1.159035e-01;1.399285e-01;8.147711e-02;2.608884e-02;4.613940e-02;3.633747e-02;9.012916e-02;8.385696e-02;1.741494e-01;3.191613e-02;5.340198e-02;1.206716e-01
1.390996e-01;1.750754e-01;7.720838e-02;3.659217e-02;2.593491e-02;4.748133e-02;8.003622e-02;1.014275e-01;1.656013e-01;2.566814e-02;4.439545e-02;8.147965e-02
8.963939e-02;1.703406e-01;4.779345e-02;6.660013e-02;4.596266e-02;5.969417e-02;5.572643e-02;7.282350e-02;1.189959e-01;6.012700e-02;1.189837e-01;9.331294e-02
5.597293e-02;1.204790e-01;5.303486e-02;7.187226e-02;4.160440e-02;7.015241e-02;7.607327e-02;7.030837e-02;5.885576e-02;6.235194e-02;1.635091e-01;1.557857e-01
5.899335e-02;8.696641e-02;8.185421e-02;6.706280e-02;4.530862e-02;6.707934e-02;7.470259e-02;6.706318e-02;5.274821e-02;6.337183e-02;1.820509e-01;1.527986e-01
7.656564e-02;7.680072e-02;1.662991e-01;6.515219e-02;5.186249e-02;5.990199e-02;7.182525e-02;5.479114e-02;4.403043e-02;8.066490e-02;1.603525e-01;9.175365e-02
5.765354e-02;8.856944e-02;3.197071e-01;6.195286e-02;3.396880e-02;4.937640e-02;4.426295e-02;2.575727e-02;5.998069e-02;1.230456e-01;8.122960e-02;5.449571e-02
2.360012e-02;7.598158e-02;3.788698e-01;5.122995e-02;2.709354e-02;2.818610e-02;3.228687e-02;1.209110e-02;7.508530e-02;1.858892e-01;2.595564e-02;8.373075e-02
2.026442e-02;9.833778e-02;2.821057e-01;2.762758e-02;2.223462e-02;4.398125e-02;2.697454e-02;7.605499e-03;1.862596e-01;1.747556e-01;1.832075e-02;9.153263e-02
2.077543e-02;1.372798e-01;1.482987e-01;2.041592e-02;1.315328e-02;7.164747e-02;1.930757e-02;1.405406e-02;3.533621e-01;1.027391e-01;1.251099e-02;8.645572e-02
2.357704e-02;1.469139e-01;7.790797e-02;2.621713e-02;5.492613e-03;7.593089e-02;1.195622e-02;2.356806e-02;4.912324e-01;6.109539e-02;7.688780e-03;4.841958e-02
3.834350e-02;1.563519e-01;4.849363e-02;2.718190e-02;5.508183e-03;6.307318e-02;9.233363e-03;4.397854e-02;5.551670e-01;3.409356e-02;4.718721e-03;1.385650e-02
4.746452e-02;1.761666e-01;6.106709e-02;2.613209e-02;8.527498e-03;6.360918e-02;6.208532e-03;5.297349e-02;5.030270e-01;2.433561e-02;6.791629e-03;2.369678e-02
8.097147e-02;2.074529e-01;7.572026e-02;2.539481e-02;6.260368e-03;6.284688e-02;7.260775e-03;4.188374e-02;4.290403e-01;2.146455e-02;7.185698e-03;3.451829e-02
1.624054e-01;2.172550e-01;9.279272e-02;2.356701e-02;8.386391e-03;5.217694e-02;1.184673e-02;4.653186e-02;2.981837e-01;2.676576e-02;1.530608e-02;4.478243e-02
2.297102e-01;2.057137e-01;9.106024e-02;1.975539e-02;1.708975e-02;4.178415e-02;2.465019e-02;6.745024e-02;1.834609e-01;3.355537e-02;3.576544e-02;5.000442e-02
2.028543e-01;1.891499e-01;7.800123e-02;1.564832e-02;2.062803e-02;4.456175e-02;1.650223e-02;7.315119e-02;2.210459e-01;5.396897e-02;4.941804e-02;3.507014e-02
8.394551e-02;1.546641e-01;8.666916e-02;2.628413e-02;1.603597e-02;5.152546e-02;2.072979e-02;7.619683e-02;2.820445e-01;9.883505e-02;4.309098e-02;5.997855e-02
5.549964e-02;1.382508e-01;1.152127e-01;4.391352e-02;2.179749e-02;4.587026e-02;2.906147e-02;9.668524e-02;2.196484e-01;9.755221e-02;3.495053e-02;1.015578e-01
1.992691e-01;1.418705e-01;1.379486e-01;3.541932e-02;1.503279e-02;2.558475e-02;3.051024e-02;8.080974e-02;1.256058e-01;9.651616e-02;3.868484e-02;7.274817e-02
2.568154e-01;1.632896e-01;1.692690e-01;2.149709e-02;1.762013e-02;1.703014e-02;1.788305e-02;4.892973e-02;1.252808e-01;6.069369e-02;5.952156e-02;4.216978e-02
2.018552e-01;2.162825e-01;2.292999e-01;1.418430e-02;1.300113e-02;1.677039e-02;1.001741e-02;3.730664e-02;1.540152e-01;2.871553e-02;5.619420e-02;2.235769e-02
1.014864e-01;2.344937e-01;2.873488e-01;1.998507e-02;4.706772e-03;2.326215e-02;1.034217e-02;2.097538e-02;2.114142e-01;3.143684e-02;2.750828e-02;2.704021e-02
5.501701e-02;2.241772e-01;2.802460e-01;2.292621e-02;9.076722e-03;2.983283e-02;5.740596e-03;1.744913e-02;2.694963e-01;3.922902e-02;8.627546e-03;3.818132e-02
1.184910e-01;1.889235e-01;2.068553e-01;1.644238e-02;1.827940e-02;3.346880e-02;1.300900e-02;4.549279e-02;2.779356e-01;3.046832e-02;1.469913e-02;3.593485e-02
1.689763e-01;1.573121e-01;1.675584e-01;2.454423e-02;3.497991e-02;3.163714e-02;2.700245e-02;6.955282e-02;2.290153e-01;3.448628e-02;2.363421e-02;3.130076e-02
1.468349e-01;1.919151e-01;2.071988e-01;3.551864e-02;3.532519e-02;2.494675e-02;3.602938e-02;5.933455e-02;1.566661e-01;4.676601e-02;2.568229e-02;3.378232e-02
8.947618e-02;2.190799e-01;2.460965e-01;3.258439e-02;2.617916e-02;3.082170e-02;3.202326e-02;6.361075e-02;1.488882e-01;5.878659e-02;2.243840e-02;3.001495e-02
4.314321e-02;2.001334e-01;2.103065e-01;3.618462e-02;3.739643e-02;3.695988e-02;2.860260e-02;8.112112e-02;2.142533e-01;6.599750e-02;1.146231e-02;3.443914e-02
1.033733e-01;1.879490e-01;1.638659e-01;4.805541e-02;4.326339e-02;3.325064e-02;3.479949e-02;6.919606e-02;1.940105e-01;7.483806e-02;1.035507e-02;3.704314e-02
8.049148e-02;2.005471e-01;1.373445e-01;6.559002e-02;5.870672e-02;4.786382e-02;5.334054e-02;6.770754e-02;1.484069e-01;7.973158e-02;1.608085e-02;4.418888e-02
1.026549e-01;1.580113e-01;1.362170e-01;7.251124e-02;5.229057e-02;4.233206e-02;5.616616e-02;8.544524e-02;1.218601e-01;8.173325e-02;3.078830e-02;5.998992e-02
1.078047e-01;1.579951e-01;1.848786e-01;7.104967e-02;2.875067e-02;3.671148e-02;4.635997e-02;6.815524e-02;1.162779e-01;8.695321e-02;4.575884e-02;4.930457e-02
8.823485e-02;1.703272e-01;1.947883e-01;5.883963e-02;3.021696e-02;4.614699e-02;5.493370e-02;5.454780e-02;1.473727e-01;7.935336e-02;3.827418e-02;3.696438e-02
9.772807e-02;1.579467e-01;1.725570e-01;4.856892e-02;2.672911e-02;3.881815e-02;7.325517e-02;6.113036e-02;1.638222e-01;6.434704e-02;3.908363e-02;5.601376e-02
1.072233e-01;1.518122e-01;1.241716e-01;3.850824e-02;3.619235e-02;5.132074e-02;8.113199e-02;7.712013e-02;1.455328e-01;6.866168e-02;5.990928e-02;5.841568e-02
6.412144e-02;1.505722e-01;1.081000e-01;5.740850e-02;4.831280e-02;7.047273e-02;8.925357e-02;7.191445e-02;1.240767e-01;8.733988e-02;7.253480e-02;5.589289e-02
9.599143e-02;1.071317e-01;1.579771e-01;9.387904e-02;5.477789e-02;6.161194e-02;6.517271e-02;4.083799e-02;1.166883e-01;6.790301e-02;8.326929e-02;5.475974e-02
9.509682e-02;1.005617e-01;1.004741e-01;1.012252e-01;7.386910e-02;6.076282e-02;7.753806e-02;6.188035e-02;1.274330e-01;7.420905e-02;6.360067e-02;6.334903e-02
9.262537e-02;9.476569e-02;1.225829e-01;6.924558e-02;5.825362e-02;6.394620e-02;1.004656e-01;8.224751e-02;1.129356e-01;8.975194e-02;3.304259e-02;8.013733e-02
7.049971e-02;9.175853e-02;1.593930e-01;5.938195e-02;5.439227e-02;7.886139e-02;1.310092e-01;7.835052e-02;1.061911e-01;7.335429e-02;2.836784e-02;6.844017e-02
8.374577e-02;1.033443e-01;2.291135e-01;5.415359e-02;5.333580e-02;5.066544e-02;9.641331e-02;6.533826e-02;1.140455e-01;5.972648e-02;4.855974e-02;4.155836e-02
1.174519e-01;1.520642e-01;2.492208e-01;3.842843e-02;3.910499e-02;2.288459e-02;6.236626e-02;4.564735e-02;1.277903e-01;6.087772e-02;5.147365e-02;3.268978e-02
2.012226e-01;2.133599e-01;2.144619e-01;2.280499e-02;2.544243e-02;1.339257e-02;3.163556e-02;4.913497e-02;1.288046e-01;4.435251e-02;3.383815e-02;2.154978e-02
3.543312e-01;2.251537e-01;1.257366e-01;7.500335e-03;2.174249e-02;4.291981e-03;2.715701e-02;1.035669e-01;9.046055e-02;1.603400e-02;1.021230e-02;1.381290e-02
4.936575e-01;1.420649e-01;5.359323e-02;6.540409e-03;1.810075e-02;5.153594e-03;3.642437e-02;1.583216e-01;4.085600e-02;6.989663e-03;1.169780e-02;2.660017e-02
5.407690e-01;7.856329e-02;3.309207e-02;9.811443e-03;9.634933e-03;1.527859e-02;5.878100e-02;1.667591e-01;2.464040e-02;9.428948e-03;6.060387e-03;4.718085e-02
5.014533e-01;3.665179e-02;2.791046e-02;1.339572e-02;2.134445e-02;2.820289e-02;8.753958e-02;1.811573e-01;2.765417e-02;1.235617e-02;7.293279e-03;5.504088e-02
3.645893e-01;5.152651e-02;2.842347e-02;1.765711e-02;5.332924e-02;4.886619e-02;1.063558e-01;2.293987e-01;2.835690e-02;1.371519e-02;8.886783e-03;4.889479e-02
2.667803e-01;2.764616e-02;3.301450e-02;1.872285e-02;1.455346e-01;5.584445e-02;9.791865e-02;2.809816e-01;1.425641e-02;1.024632e-02;6.803951e-03;4.225026e-02
2.260292e-01;2.735626e-02;3.942341e-02;6.916850e-03;2.111038e-01;5.183690e-02;7.395219e-02;3.139390e-01;7.601239e-03;6.649606e-03;8.507503e-03;2.668403e-02
2.294149e-01;3.491760e-02;4.943016e-02;5.957868e-03;1.904636e-01;3.503473e-02;6.273200e-02;3.341653e-01;2.182386e-02;5.239147e-03;1.400841e-02;1.681242e-02
2.473220e-01;4.668814e-02;6.567471e-02;4.862897e-03;1.459022e-01;1.638635e-02;5.003976e-02;3.110882e-01;4.788352e-02;9.465599e-03;3.924167e-02;1.544502e-02
2.707715e-01;7.120232e-02;6.657207e-02;7.298210e-03;1.138617e-01;7.244588e-03;3.173039e-02;2.194034e-01;8.451906e-02;1.516367e-02;9.216879e-02;2.006433e-02
3.340211e-01;1.131921e-01;6.219139e-02;6.929008e-03;7.860335e-02;6.391132e-03;2.390363e-02;1.097612e-01;7.852358e-02;2.169906e-02;1.285931e-01;3.619131e-02
3.756273e-01;1.678644e-01;6.687769e-02;2.080044e-02;5.382885e-02;1.234772e-02;1.772669e-02;2.696332e-02;6.230292e-02;2.116627e-02;1.140860e-01;6.040841e-02
3.068375e-01;1.976579e-01;1.184442e-01;3.839254e-02;4.510043e-02;2.178301e-02;2.347957e-02;3.725865e-02;6.102638e-02;2.107329e-02;7.076380e-02;5.818273e-02
2.416176e-01;1.872610e-01;1.228141e-01;4.521955e-02;6.880822e-02;2.444858e-02;4.274888e-02;8.384348e-02;3.992568e-02;2.588778e-02;5.240525e-02;6.501981e-02
2.012369e-01;1.178384e-01;1.035389e-01;3.297689e-02;9.819571e-02;2.502357e-02;5.284381e-02;1.496699e-01;5.269423e-02;3.538389e-02;7.796220e-02;5.263561e-02
2.017212e-01;7.703645e-02;6.650466e-02;2.253256e-02;7.090541e-02;2.945747e-02;6.931562e-02;2.043701e-01;9.282103e-02;4.319436e-02;7.434636e-02;4.779477e-02
1.963716e-01;9.950638e-02;9.961751e-02;1.592096e-02;7.495430e-02;2.779208e-02;6.889321e-02;2.259578e-01;8.518367e-02;2.846835e-02;3.241848e-02;4.491571e-02
1.802255e-01;5.977976e-02;9.543079e-02;1.880439e-02;1.274371e-01;3.176313e-02;7.090798e-02;2.286474e-01;7.115617e-02;1.656631e-02;5.695445e-02;4.232704e-02
1.715683e-01;5.888395e-02;4.033294e-02;2.431230e-02;1.738346e-01;2.045522e-02;6.840565e-02;2.225065e-01;5.635908e-02;2.806384e-02;1.024435e-01;3.283418e-02
8.534405e-02;8.438727e-02;7.332089e-02;4.090866e-02;1.366974e-01;3.215686e-02;5.263507e-02;1.391878e-01;1.210071e-01;1.008291e-01;8.894178e-02;4.458407e-02
6.278301e-02;8.148871e-02;5.410981e-02;4.532095e-02;1.192627e-01;4.016007e-02;4.956373e-02;1.047491e-01;1.653746e-01;1.522308e-01;6.271014e-02;6.224649e-02
5.966418e-02;8.555000e-02;5.328036e-02;3.750584e-02;1.268901e-01;4.102778e-02;6.260196e-02;9.844266e-02;1.698559e-01;1.605504e-01;4.484812e-02;5.978277e-02
7.481600e-02;1.011689e-01;6.569578e-02;4.181617e-02;1.232475e-01;4.520751e-02;8.049227e-02;9.589202e-02;1.459656e-01;1.464029e-01;2.910107e-02;5.019425e-02
1.055135e-01;7.849029e-02;1.341272e-01;5.538423e-02;6.646022e-02;3.311009e-02;8.450465e-02;6.753737e-02;1.923413e-01;1.216875e-01;3.861957e-02;2.222402e-02
1.028093e-01;4.433649e-02;1.177809e-01;5.857550e-02;7.689773e-02;3.067360e-02;6.348072e-02;7.595723e-02;1.876196e-01;1.300379e-01;6.506646e-02;4.676459e-02
1.039057e-01;7.527319e-02;1.177878e-01;3.879084e-02;1.649771e-01;3.315937e-02;6.888209e-02;8.327353e-02;1.245501e-01;9.029755e-02;5.139899e-02;4.770373e-02
1.475234e-01;1.106195e-01;7.021455e-02;1.980962e-02;2.398472e-01;4.455968e-02;6.099889e-02;6.587301e-02;1.155217e-01;4.538750e-02;3.985750e-02;3.978749e-02
1.636516e-01;8.577092e-02;8.783603e-02;2.793805e-02;2.132597e-01;4.612878e-02;5.302824e-02;9.064931e-02;9.592486e-02;6.046040e-02;3.275633e-02;4.259578e-02
1.044005e-01;8.397228e-02;7.508142e-02;5.272573e-02;1.059517e-01;7.286689e-02;7.236443e-02;1.187897e-01;7.068400e-02;9.626921e-02;7.265072e-02;7.424335e-02
5.867074e-02;9.544961e-02;6.588055e-02;4.997330e-02;1.002407e-01;7.085242e-02;1.014315e-01;1.145566e-01;7.579726e-02;1.128185e-01;6.677493e-02;8.755387e-02
5.518127e-02;9.177995e-02;8.225916e-02;5.046767e-02;9.542476e-02;6.020524e-02;1.145530e-01;1.097379e-01;7.888737e-02;1.217486e-01;5.517974e-02;8.457536e-02
3.789006e-02;9.150984e-02;1.526408e-01;5.434178e-02;8.384489e-02;5.595507e-02;1.390015e-01;9.219658e-02;7.337397e-02;1.161537e-01;3.370025e-02;6.939154e-02
3.737255e-02;9.849270e-02;2.905295e-01;8.192796e-02;7.062680e-02;5.825716e-02;1.233346e-01;5.491830e-02;5.961427e-02;6.862745e-02;1.766990e-02;3.862884e-02
4.170477e-02;1.679728e-01;3.609461e-01;9.808898e-02;5.117583e-02;4.979978e-02;5.993165e-02;3.156333e-02;5.397067e-02;3.605059e-02;1.355513e-02;3.524030e-02
4.655021e-02;2.710956e-01;3.490802e-01;1.061867e-01;2.513362e-02;4.628545e-02;2.198271e-02;1.760630e-02;6.603200e-02;1.615373e-02;6.304677e-03;2.758875e-02
1.354316e-01;3.277977e-01;2.741031e-01;7.773715e-02;1.124926e-02;3.054171e-02;2.575047e-02;1.669487e-02;6.823646e-02;1.059555e-02;6.362662e-03;1.549959e-02
2.842274e-01;3.053546e-01;1.684028e-01;2.701086e-02;1.688624e-02;1.194113e-02;4.412565e-02;2.589324e-02;6.548686e-02;1.444811e-02;2.065195e-02;1.557113e-02
4.039146e-01;2.491091e-01;9.122128e-02;1.491984e-02;3.258197e-02;8.131843e-03;4.210233e-02;3.067401e-02;4.529440e-02;1.343025e-02;3.589608e-02;3.272432e-02
3.541454e-01;2.633589e-01;7.835823e-02;3.512177e-02;3.426016e-02;1.989003e-02;2.629624e-02;2.171805e-02;4.001083e-02;1.150162e-02;3.899471e-02;7.634401e-02
2.326146e-01;2.687708e-01;1.241597e-01;5.216143e-02;2.483640e-02;3.178427e-02;1.513696e-02;1.341008e-02;3.673469e-02;2.152321e-02;5.590606e-02;1.229617e-01
1.703383e-01;2.114340e-01;1.786249e-01;6.308882e-02;2.336060e-02;3.038866e-02;1.393243e-02;1.800077e-02;4.342379e-02;3.770493e-02;9.512743e-02;1.145754e-01
1.601657e-01;1.346842e-01;1.904983e-01;6.545392e-02;2.254243e-02;3.553708e-02;3.216315e-02;4.309752e-02;7.088938e-02;6.482147e-02;1.064500e-01;7.369687e-02
8.006942e-02;1.387064e-01;2.246973e-01;4.445161e-02;4.416277e-02;5.430442e-02;6.743947e-02;6.763048e-02;9.648863e-02;7.455754e-02;6.746731e-02;4.002463e-02
1.555324e-01;1.325645e-01;2.144942e-01;4.469373e-02;4.998092e-02;4.366243e-02;6.481085e-02;4.787708e-02;7.820338e-02;4.894686e-02;6.918003e-02;5.005362e-02
2.006448e-01;1.823698e-01;2.489937e-01;5.789418e-02;3.631752e-02;2.027065e-02;3.707406e-02;3.799912e-02;5.110214e-02;2.185144e-02;5.573742e-02;4.974513e-02
2.198701e-01;2.538864e-01;2.420737e-01;4.085283e-02;5.254510e-02;1.657010e-02;3.171857e-02;2.960048e-02;3.146584e-02;1.143080e-02;3.562707e-02;3.435903e-02
2.885721e-01;3.024199e-01;1.445925e-01;2.824000e-02;4.360107e-02;1.114299e-02;3.577359e-02;1.928132e-02;3.370291e-02;1.787272e-02;4.327641e-02;3.152460e-02
1.784061e-01;1.737677e-01;8.212458e-02;4.530847e-02;4.639065e-02;3.785767e-02;1.032690e-01;7.881758e-02;8.688063e-02;5.106718e-02;7.305116e-02;4.305926e-02
6.250577e-02;8.343439e-02;8.275137e-02;4.965470e-02;4.932618e-02;4.832302e-02;1.363626e-01;1.479982e-01;1.370454e-01;9.902813e-02;6.064235e-02;4.292793e-02
6.623829e-02;7.404983e-02;8.820608e-02;5.277195e-02;5.230151e-02;4.021531e-02;1.371705e-01;1.883494e-01;1.033156e-01;1.294866e-01;2.832920e-02;3.956568e-02
5.749924e-02;7.253052e-02;1.970197e-01;5.834097e-02;4.985565e-02;3.833793e-02;1.136892e-01;1.504273e-01;8.460400e-02;1.206364e-01;3.824919e-02;1.880986e-02
3.501761e-02;7.912617e-02;3.944211e-01;5.490477e-02;4.564148e-02;3.947873e-02;1.028701e-01;5.782456e-02;7.195016e-02;6.800158e-02;3.492296e-02;1.584070e-02
3.524506e-02;1.122578e-01;5.387834e-01;4.351127e-02;2.797498e-02;2.254415e-02;7.795089e-02;2.571222e-02;5.605093e-02;3.274303e-02;1.427142e-02;1.295487e-02
4.603941e-02;1.654387e-01;5.942692e-01;2.194449e-02;7.605084e-03;1.428757e-02;3.332387e-02;2.802052e-02;5.570157e-02;1.811866e-02;4.163343e-03;1.108756e-02
4.934940e-02;2.042527e-01;5.861931e-01;2.212038e-02;1.042862e-02;2.112169e-02;1.268042e-02;1.792692e-02;4.859794e-02;8.974110e-03;2.609901e-03;1.574486e-02
8.833167e-02;2.172614e-01;5.037912e-01;1.843173e-02;5.588331e-03;2.588063e-02;1.665038e-02;9.930304e-03;7.649694e-02;1.268923e-02;6.850502e-03;1.809775e-02
1.515654e-01;2.213135e-01;3.725440e-01;2.127818e-02;1.400024e-02;1.872879e-02;2.205982e-02;1.698085e-02;1.077112e-01;1.811560e-02;1.981937e-02;1.588301e-02
2.160351e-01;2.185090e-01;2.343334e-01;1.370921e-02;3.620845e-02;1.123911e-02;3.492520e-02;5.525993e-02;9.067843e-02;2.703180e-02;4.216377e-02;1.990663e-02
2.111194e-01;2.022211e-01;2.665167e-01;1.583244e-02;3.320902e-02;2.794087e-02;2.108465e-02;7.974546e-02;3.394881e-02;3.122338e-02;4.644807e-02;3.071008e-02
1.467765e-01;1.630655e-01;3.025519e-01;3.198517e-02;2.314330e-02;5.972981e-02;2.887080e-02;7.246705e-02;1.465465e-02;4.806311e-02;6.361904e-02;4.507319e-02
7.176260e-02;1.135077e-01;3.239706e-01;4.241160e-02;3.511335e-02;6.413069e-02;4.776986e-02;5.067529e-02;2.770321e-02;6.526488e-02;9.990233e-02;5.778790e-02
6.145438e-02;1.208691e-01;1.980412e-01;4.987245e-02;3.591610e-02;3.491733e-02;9.180482e-02;5.871727e-02;5.758249e-02;9.191016e-02;1.366937e-01;6.222108e-02
7.348485e-02;1.068859e-01;2.124825e-01;3.686872e-02;4.569856e-02;2.617096e-02;1.079544e-01;5.082315e-02;7.164471e-02;9.251988e-02;1.303058e-01;4.516060e-02
8.132478e-02;1.340865e-01;1.834223e-01;3.507835e-02;3.720036e-02;3.549280e-02;1.126235e-01;5.058721e-02;7.589300e-02;9.547215e-02;1.140975e-01;4.472150e-02
1.186471e-01;1.580684e-01;1.981831e-01;4.214972e-02;3.120915e-02;3.847563e-02;8.961514e-02;3.916415e-02;6.672245e-02;8.151894e-02;7.867726e-02;5.756896e-02
1.359465e-01;1.840130e-01;2.040920e-01;3.157908e-02;3.844583e-02;3.264436e-02;7.480524e-02;4.554212e-02;5.403967e-02;7.763555e-02;6.093986e-02;6.031689e-02
1.205896e-01;2.203897e-01;2.343229e-01;3.329903e-02;3.038855e-02;3.693869e-02;4.855037e-02;7.959108e-02;3.875748e-02;4.959946e-02;5.360424e-02;5.396897e-02
1.060252e-01;2.241176e-01;2.357609e-01;3.087231e-02;4.395919e-02;5.735470e-02;7.848110e-02;6.138749e-02;3.091292e-02;4.515698e-02;4.920451e-02;3.676710e-02
6.506439e-02;1.645233e-01;1.582091e-01;4.634801e-02;5.889943e-02;9.010861e-02;1.355138e-01;5.170649e-02;6.015730e-02;6.806350e-02;4.815312e-02;5.325278e-02
4.147980e-02;1.195563e-01;1.180646e-01;8.549751e-02;6.582750e-02;8.598348e-02;1.666541e-01;9.588860e-02;8.053520e-02;6.166662e-02;2.450286e-02;5.434357e-02
6.947359e-02;7.830948e-02;2.450813e-01;7.824620e-02;5.736444e-02;9.701654e-02;1.001096e-01;9.814686e-02;7.149679e-02;6.204599e-02;2.554280e-02;1.716649e-02
1.267758e-01;1.220865e-01;3.053955e-01;5.461368e-02;4.996828e-02;5.694444e-02;7.803646e-02;5.974663e-02;4.980031e-02;4.028083e-02;3.002255e-02;2.632900e-02
1.963307e-01;1.588838e-01;2.491633e-01;6.793486e-02;3.539876e-02;3.658057e-02;7.113399e-02;4.256141e-02;4.423787e-02;3.400563e-02;2.491297e-02;3.885620e-02
2.515568e-01;1.745283e-01;1.661993e-01;7.123600e-02;3.248876e-02;4.762663e-02;9.422422e-02;3.592718e-02;2.967517e-02;2.263294e-02;1.514305e-02;5.876161e-02
2.141350e-01;1.440277e-01;1.159618e-01;5.679663e-02;4.349536e-02;9.020791e-02;1.404979e-01;3.247607e-02;2.174474e-02;1.897037e-02;5.038041e-02;7.130620e-02
8.001285e-02;1.116913e-01;1.171312e-01;4.735402e-02;7.689034e-02;1.526456e-01;1.386345e-01;6.487671e-02;3.132199e-02;5.566815e-02;7.279260e-02;5.098063e-02
6.631915e-02;1.101664e-01;1.013280e-01;5.119075e-02;1.293879e-01;1.145142e-01;1.039757e-01;1.076205e-01;3.218148e-02;9.127175e-02;4.970066e-02;4.234354e-02
4.442574e-02;9.030943e-02;1.040808e-01;6.718332e-02;1.059313e-01;1.360269e-01;1.149182e-01;9.981117e-02;5.133975e-02;7.074609e-02;7.772527e-02;3.750211e-02
7.192957e-02;7.461321e-02;1.363524e-01;8.432674e-02;4.920229e-02;2.025522e-01;9.350464e-02;5.822946e-02;6.943882e-02;4.529753e-02;9.136020e-02;2.319303e-02
6.040282e-02;7.725434e-02;1.998072e-01;9.867148e-02;3.833379e-02;1.661712e-01;1.004202e-01;5.429240e-02;6.660270e-02;3.482690e-02;7.977035e-02;2.344657e-02
6.641495e-02;8.517616e-02;2.256775e-01;1.122347e-01;3.551176e-02;1.084915e-01;9.008487e-02;5.113492e-02;6.106069e-02;3.605128e-02;1.023963e-01;2.576536e-02
5.488716e-02;8.524310e-02;2.353899e-01;1.078231e-01;4.455431e-02;1.102091e-01;6.491775e-02;3.233919e-02;4.903633e-02;5.075261e-02;1.419296e-01;2.291776e-02
2.202879e-02;9.247452e-02;2.483194e-01;6.765535e-02;2.573633e-02;1.335634e-01;8.652414e-02;1.204592e-02;3.787941e-02;4.471320e-02;1.939227e-01;3.513681e-02
4.603652e-02;7.847235e-02;1.585425e-01;3.340853e-02;2.067094e-02;1.010141e-01;1.167028e-01;1.586715e-02;4.942454e-02;7.398853e-02;2.335145e-01;7.235762e-02
2.993475e-02;4.480044e-02;7.097595e-02;3.174832e-02;2.367641e-02;6.788173e-02;1.610541e-01;2.591334e-02;7.793177e-02;1.176458e-01;2.310150e-01;1.174224e-01
7.066166e-02;5.111113e-02;6.248537e-02;2.761690e-02;1.871747e-02;7.233553e-02;2.207083e-01;2.829812e-02;7.549615e-02;9.612980e-02;1.424910e-01;1.339486e-01
7.754033e-02;4.873509e-02;4.712914e-02;3.517342e-02;1.854108e-02;1.130847e-01;2.835644e-01;3.218831e-02;3.611926e-02;5.650441e-02;1.170176e-01;1.344022e-01
5.299083e-02;3.336019e-02;9.902574e-02;2.706986e-02;2.516363e-02;1.470262e-01;2.874280e-01;2.664695e-02;2.414733e-02;7.754239e-02;9.552890e-02;1.040700e-01
6.029857e-02;3.163195e-02;1.243839e-01;1.839078e-02;2.474117e-02;1.246421e-01;2.747436e-01;3.721729e-02;2.277584e-02;7.430867e-02;1.186232e-01;8.824295e-02
5.133565e-02;4.171770e-02;1.261246e-01;2.710497e-02;3.212668e-02;9.727455e-02;2.370025e-01;3.337635e-02;4.578430e-02;7.739950e-02;1.578842e-01;7.286908e-02
2.650742e-02;4.190109e-02;1.823615e-01;3.863521e-02;3.041985e-02;1.037488e-01;1.888093e-01;2.630338e-02;5.124195e-02;7.700636e-02;1.644480e-01;6.861721e-02
4.163389e-02;4.260574e-02;1.492732e-01;2.236937e-02;2.245165e-02;1.018010e-01;2.234622e-01;1.300198e-02;4.519185e-02;9.440432e-02;1.635812e-01;8.022364e-02
4.361050e-02;4.349361e-02;1.415427e-01;3.750359e-02;2.082062e-02;7.516393e-02;2.402505e-01;3.215021e-02;3.570020e-02;9.739344e-02;1.418071e-01;9.056357e-02
6.529283e-02;5.535632e-02;2.401662e-01;3.994357e-02;1.801624e-02;6.852509e-02;1.790465e-01;2.816675e-02;2.427708e-02;7.090010e-02;1.290346e-01;8.127471e-02
3.547438e-02;6.115113e-02;3.071606e-01;3.511735e-02;2.867863e-02;8.397658e-02;1.328084e-01;2.324976e-02;3.645362e-02;4.934705e-02;1.293487e-01;7.723382e-02
4.973697e-02;6.019317e-02;2.603499e-01;3.601392e-02;4.367626e-02;8.538681e-02;1.373043e-01;1.861499e-02;4.505288e-02;5.443944e-02;1.325436e-01;7.668776e-02
3.084810e-02;6.408145e-02;2.001585e-01;5.352537e-02;3.872377e-02;7.325032e-02;2.041153e-01;3.057614e-02;4.567904e-02;5.911372e-02;1.272743e-01;7.265387e-02
2.740925e-02;6.310799e-02;1.505316e-01;6.753392e-02;3.740005e-02;1.250386e-01;2.081879e-01;3.029803e-02;4.358434e-02;5.856432e-02;1.315050e-01;5.683911e-02
