8.131057e-02;9.192631e-02;7.600697e-02;7.903618e-02;4.049116e-02;8.807349e-02;9.674270e-02;7.311345e-02;6.018548e-02;1.166058e-01;1.077939e-01;8.871395e-02
8.841250e-02;9.266644e-02;7.659706e-02;7.286013e-02;4.400137e-02;6.445281e-02;1.292930e-01;6.982977e-02;5.362849e-02;7.831243e-02;9.237365e-02;1.375724e-01
9.119216e-02;5.774136e-02;9.549432e-02;7.198593e-02;4.449390e-02;4.115243e-02;1.268175e-01;8.088718e-02;7.225709e-02;8.491857e-02;6.620220e-02;1.668573e-01
8.700569e-02;5.874459e-02;1.115319e-01;7.611172e-02;7.141817e-02;3.195167e-02;9.293541e-02;1.021412e-01;9.374561e-02;1.083760e-01;3.724264e-02;1.287954e-01
1.283733e-01;6.834967e-02;1.025959e-01;8.042618e-02;6.155370e-02;7.455596e-02;1.107552e-01;9.982418e-02;9.102744e-02;7.714488e-02;3.462545e-02;7.076820e-02
8.384434e-02;6.380282e-02;8.999459e-02;9.221887e-02;6.060277e-02;9.823419e-02;1.120401e-01;1.074086e-01;7.535583e-02;5.570125e-02;5.528272e-02;1.055139e-01
6.651168e-02;6.520817e-02;1.058472e-01;8.185230e-02;4.865334e-02;7.341859e-02;8.207012e-02;1.024578e-01;1.128059e-01;8.092579e-02;5.991695e-02;1.203322e-01
9.983741e-02;4.651443e-02;9.071291e-02;6.836694e-02;5.984906e-02;6.159878e-02;6.970202e-02;9.811115e-02;1.514610e-01;9.890685e-02;6.086765e-02;9.407179e-02
1.540340e-01;3.313150e-02;4.431875e-02;3.644762e-02;6.480539e-02;6.826856e-02;1.096921e-01;1.367811e-01;1.375371e-01;7.205404e-02;7.548537e-02;6.744441e-02
1.252721e-01;6.382546e-02;5.135041e-02;4.130568e-02;7.001371e-02;5.237515e-02;1.266033e-01;1.429099e-01;1.144926e-01;5.954203e-02;1.051357e-01;4.717390e-02
9.958349e-02;7.295947e-02;8.122763e-02;3.251580e-02;4.415367e-02;7.541610e-02;1.176270e-01;1.308649e-01;1.098485e-01;7.790455e-02;8.257582e-02;7.532313e-02
1.127562e-01;5.639499e-02;1.117472e-01;6.913834e-02;3.255877e-02;7.314274e-02;9.112308e-02;1.244511e-01;1.094492e-01;6.723595e-02;6.176680e-02;9.023561e-02
9.111524e-02;7.096710e-02;1.193059e-01;9.015639e-02;4.898844e-02;6.053316e-02;9.516892e-02;1.302682e-01;1.000591e-01;6.012905e-02;5.930236e-02;7.400622e-02
3.084239e-02;7.388107e-02;7.640976e-02;9.916253e-02;5.047162e-02;8.850112e-02;1.318786e-01;1.136345e-01;1.429814e-01;5.679319e-02;5.112817e-02;8.431559e-02
5.692744e-02;5.266543e-02;1.223462e-01;7.518534e-02;6.792881e-02;1.013953e-01;1.741348e-01;9.762356e-02;9.829295e-02;6.536147e-02;2.316368e-02;6.497502e-02
5.070727e-02;5.256636e-02;1.327539e-01;6.091701e-02;6.438456e-02;1.114386e-01;1.915798e-01;1.045800e-01;8.087929e-02;5.944064e-02;2.523713e-02;6.551541e-02
2.992879e-02;7.076593e-02;1.051937e-01;6.635076e-02;3.993047e-02;1.363804e-01;1.714430e-01;7.809060e-02;1.385239e-01;5.275412e-02;3.884371e-02;7.179467e-02
4.315722e-02;8.830891e-02;5.145513e-02;7.940631e-02;3.914247e-02;1.391262e-01;1.063504e-01;3.739566e-02;2.254750e-01;5.341867e-02;7.799605e-02;5.876794e-02
6.690788e-02;8.192326e-02;5.449716e-02;6.953579e-02;7.734595e-02;9.745524e-02;5.816133e-02;7.110498e-02;2.213080e-01;3.001922e-02;1.331213e-01;3.861997e-02
8.402695e-02;5.430730e-02;8.014235e-02;3.546965e-02;1.271168e-01;5.661962e-02;5.513906e-02;1.043700e-01;1.270382e-01;2.800607e-02;2.244858e-01;2.327812e-02
1.010602e-01;3.155890e-02;8.860173e-02;1.140450e-02;1.465546e-01;3.097016e-02;4.084870e-02;1.289342e-01;8.051597e-02;3.211057e-02;2.951663e-01;1.227420e-02
1.182195e-01;5.085422e-02;8.054215e-02;2.061964e-02;1.381031e-01;2.393357e-02;4.115722e-02;1.320740e-01;4.841559e-02;2.030597e-02;3.021148e-01;2.366022e-02
1.159411e-01;6.184894e-02;7.852631e-02;4.231108e-02;1.261352e-01;3.313484e-02;4.566326e-02;1.132251e-01;7.571161e-02;1.558867e-02;2.681321e-01;2.378172e-02
9.623612e-02;1.085099e-01;5.999696e-02;5.983398e-02;1.227060e-01;5.229010e-02;6.107894e-02;8.061524e-02;9.519187e-02;1.786293e-02;2.346019e-01;1.107608e-02
8.393084e-02;1.447996e-01;8.988817e-02;8.466572e-02;8.020213e-02;1.032704e-01;6.139731e-02;3.943203e-02;1.313425e-01;2.617832e-02;1.091967e-01;4.569642e-02
4.791689e-02;1.474373e-01;6.639328e-02;1.048336e-01;6.857805e-02;1.467635e-01;3.555437e-02;3.046072e-02;1.770400e-01;4.333617e-02;6.377107e-02;6.791505e-02
4.003108e-02;1.316414e-01;6.251130e-02;1.098756e-01;5.691769e-02;1.588880e-01;3.812209e-02;2.149438e-02;2.131996e-01;4.289842e-02;4.250134e-02;8.191901e-02
2.921207e-02;1.310972e-01;4.956962e-02;1.104658e-01;4.361125e-02;1.762803e-01;3.305979e-02;1.980811e-02;2.476187e-01;2.466988e-02;3.061962e-02;1.039877e-01
2.720202e-02;1.247564e-01;5.872089e-02;9.507858e-02;3.282390e-02;1.761728e-01;3.345835e-02;2.253369e-02;2.520574e-01;3.640724e-02;1.424991e-02;1.265387e-01
2.509813e-02;1.180047e-01;6.404476e-02;8.340006e-02;1.405707e-02;1.735044e-01;3.828071e-02;2.605124e-02;2.641375e-01;3.648620e-02;1.059633e-02;1.463389e-01
1.930178e-02;1.015699e-01;7.221076e-02;7.356110e-02;1.931792e-02;1.732326e-01;3.367001e-02;3.281591e-02;2.575222e-01;3.982458e-02;2.307646e-02;1.538969e-01
1.876293e-02;6.951921e-02;9.166361e-02;5.671189e-02;2.879990e-02;1.568301e-01;6.470040e-02;4.671197e-02;2.361362e-01;6.962455e-02;2.305941e-02;1.374798e-01
1.492329e-02;5.343706e-02;1.009193e-01;3.835355e-02;2.897792e-02;1.604789e-01;6.860504e-02;7.081357e-02;2.352586e-01;6.771077e-02;4.866061e-02;1.118613e-01
2.592325e-02;4.909005e-02;1.261183e-01;3.041184e-02;3.891696e-02;1.440546e-01;9.674375e-02;6.917095e-02;1.775968e-01;9.156868e-02;7.556549e-02;7.483941e-02
3.594698e-02;7.530556e-02;1.356919e-01;4.155335e-02;5.631991e-02;1.410699e-01;7.516737e-02;7.335431e-02;1.174558e-01;9.868843e-02;8.300339e-02;6.644321e-02
7.458304e-02;9.454105e-02;1.511260e-01;4.001135e-02;5.636421e-02;1.294609e-01;8.141937e-02;6.696697e-02;8.640120e-02;9.461353e-02;7.732140e-02;4.719092e-02
9.864873e-02;8.511771e-02;1.485211e-01;3.300570e-02;4.221370e-02;1.213501e-01;1.098719e-01;5.374296e-02;9.013078e-02;8.597308e-02;7.933269e-02;5.209154e-02
9.479130e-02;5.259209e-02;1.565740e-01;3.250853e-02;7.167163e-02;1.375775e-01;7.606415e-02;7.096805e-02;7.305103e-02;6.102322e-02;1.018279e-01;7.135055e-02
4.616971e-02;8.990927e-02;1.843809e-01;3.817396e-02;5.165405e-02;1.502292e-01;4.834018e-02;7.538468e-02;8.671466e-02;6.278444e-02;8.172313e-02;8.453584e-02
5.378136e-02;1.024391e-01;2.614266e-01;5.392709e-02;3.832656e-02;1.140747e-01;5.526538e-02;5.339538e-02;1.045345e-01;6.279125e-02;3.079876e-02;6.923929e-02
4.604019e-02;1.152069e-01;2.901142e-01;3.771770e-02;4.045894e-02;7.872035e-02;7.201424e-02;4.522859e-02;1.060735e-01;6.506778e-02;4.976210e-02;5.359553e-02
6.289541e-02;1.370719e-01;2.836942e-01;3.270367e-02;2.950884e-02;7.045756e-02;6.657261e-02;3.734731e-02;9.725170e-02;6.830961e-02;6.514882e-02;4.903834e-02
5.578280e-02;1.735937e-01;2.773807e-01;3.930233e-02;2.522543e-02;7.318103e-02;5.518059e-02;3.133772e-02;1.078131e-01;5.432718e-02;5.257018e-02;5.430526e-02
1.082103e-01;2.073170e-01;2.417553e-01;3.354328e-02;2.404940e-02;7.000355e-02;5.096299e-02;2.810903e-02;1.161624e-01;3.650815e-02;2.525875e-02;5.811994e-02
1.310076e-01;2.247608e-01;2.088143e-01;3.888708e-02;2.582690e-02;6.575339e-02;4.489250e-02;3.003437e-02;1.165852e-01;3.471573e-02;2.415539e-02;5.456665e-02
1.486021e-01;2.150123e-01;1.816120e-01;4.187207e-02;2.709503e-02;6.687322e-02;5.822630e-02;4.711394e-02;1.100182e-01;3.604514e-02;2.054959e-02;4.698019e-02
1.407037e-01;1.792899e-01;1.596106e-01;3.751744e-02;2.994668e-02;5.996062e-02;1.168961e-01;7.150779e-02;9.108420e-02;3.913157e-02;3.795699e-02;3.639445e-02
1.186154e-01;1.441105e-01;1.131843e-01;2.886879e-02;4.742625e-02;4.991711e-02;1.981481e-01;1.003098e-01;8.339116e-02;3.658796e-02;5.462682e-02;2.481376e-02
1.239230e-01;1.073516e-01;8.917468e-02;3.612732e-02;7.370546e-02;4.006819e-02;2.001841e-01;1.270510e-01;6.807335e-02;3.482439e-02;7.518295e-02;2.433397e-02
9.901679e-02;6.901237e-02;1.734681e-01;6.884966e-02;7.607844e-02;3.908963e-02;1.536122e-01;1.338134e-01;4.266086e-02;3.444127e-02;8.007549e-02;2.988180e-02
8.423907e-02;6.377503e-02;1.924317e-01;7.088532e-02;5.814759e-02;3.220471e-02;1.890897e-01;9.171189e-02;5.910098e-02;5.420616e-02;7.409792e-02;3.010996e-02
6.269489e-02;5.550928e-02;1.527746e-01;6.848396e-02;4.506746e-02;4.195410e-02;2.060714e-01;1.123181e-01;5.471771e-02;9.074601e-02;7.185651e-02;3.780605e-02
8.131903e-02;7.235604e-02;9.051804e-02;5.923939e-02;3.506417e-02;4.332212e-02;2.224781e-01;1.282823e-01;6.212391e-02;9.546092e-02;6.907780e-02;4.075821e-02
5.947012e-02;8.606148e-02;5.834810e-02;5.309863e-02;3.316100e-02;5.285967e-02;2.380526e-01;9.467164e-02;8.184967e-02;1.390759e-01;5.217716e-02;5.117398e-02
4.894904e-02;6.241303e-02;3.794445e-02;4.273935e-02;3.677652e-02;4.690652e-02;1.873773e-01;1.781887e-01;8.801807e-02;2.024446e-01;2.530566e-02;4.293677e-02
5.886621e-02;3.550177e-02;5.062734e-02;3.867057e-02;3.708887e-02;5.703387e-02;1.759135e-01;2.406293e-01;6.692365e-02;1.943598e-01;1.651506e-02;2.787005e-02
5.513541e-02;2.725278e-02;6.654295e-02;4.912432e-02;5.208599e-02;8.598988e-02;1.979366e-01;1.956641e-01;6.890000e-02;1.314372e-01;2.848744e-02;4.144326e-02
5.177759e-02;2.892058e-02;9.980018e-02;5.796412e-02;7.029089e-02;6.702784e-02;1.963396e-01;1.501002e-01;5.577445e-02;1.216884e-01;4.885641e-02;5.145977e-02
7.489746e-02;4.780373e-02;1.290949e-01;6.031939e-02;7.442676e-02;4.702419e-02;2.069351e-01;8.039043e-02;5.758484e-02;1.276528e-01;6.048937e-02;3.338109e-02
1.179402e-01;4.258795e-02;1.031334e-01;6.489091e-02;4.824106e-02;4.614499e-02;2.473754e-01;7.615861e-02;4.645490e-02;1.012515e-01;5.541664e-02;5.040445e-02
1.177187e-01;5.010703e-02;1.272543e-01;7.439406e-02;4.030056e-02;5.138039e-02;2.365892e-01;6.083535e-02;3.906300e-02;7.844964e-02;5.639785e-02;6.750983e-02
9.228345e-02;3.245655e-02;1.699715e-01;7.955451e-02;5.473549e-02;7.615957e-02;1.769710e-01;5.156253e-02;4.734842e-02;6.894358e-02;8.065414e-02;6.935927e-02
8.169354e-02;3.118778e-02;2.053595e-01;6.485197e-02;7.531961e-02;9.004316e-02;1.296293e-01;4.841068e-02;5.130311e-02;6.485460e-02;1.166714e-01;4.067534e-02
4.903358e-02;1.850243e-02;1.425942e-01;4.699236e-02;8.898605e-02;6.536666e-02;2.683923e-01;3.546630e-02;4.807996e-02;5.476531e-02;1.159443e-01;6.587654e-02
4.505036e-02;2.331709e-02;9.622514e-02;8.078752e-02;5.275517e-02;6.114749e-02;3.315822e-01;5.617708e-02;5.136972e-02;4.974457e-02;7.650628e-02;7.533731e-02
4.530233e-02;2.454861e-02;1.494390e-01;7.582367e-02;9.003120e-02;7.955725e-02;2.623490e-01;5.654689e-02;6.172551e-02;4.069059e-02;6.093200e-02;5.305391e-02
2.644867e-02;1.460588e-02;1.813157e-01;5.565937e-02;1.184419e-01;8.286702e-02;2.492940e-01;5.775228e-02;7.503774e-02;3.466463e-02;6.214334e-02;4.176950e-02
3.784036e-02;2.284439e-02;1.884271e-01;6.026960e-02;1.015789e-01;7.578880e-02;2.484591e-01;5.144640e-02;8.515614e-02;2.993063e-02;6.057984e-02;3.767871e-02
7.114930e-02;3.867607e-02;1.598778e-01;7.548554e-02;8.156075e-02;5.513270e-02;2.303786e-01;6.592687e-02;6.741834e-02;4.111665e-02;6.290063e-02;5.037674e-02
8.478083e-02;5.001468e-02;1.069765e-01;1.033324e-01;9.145355e-02;5.394986e-02;2.110318e-01;4.976948e-02;9.773184e-02;5.913721e-02;5.544820e-02;3.637372e-02
5.828030e-02;4.337805e-02;1.233971e-01;8.018049e-02;1.108947e-01;8.216538e-02;2.347722e-01;2.500184e-02;1.167712e-01;5.275172e-02;5.174075e-02;2.066631e-02
2.021161e-02;4.970241e-02;1.051121e-01;5.954323e-02;1.127509e-01;8.521184e-02;2.906431e-01;4.718991e-02;1.181628e-01;4.041643e-02;2.192723e-02;4.912845e-02
2.651621e-02;6.115294e-02;7.270269e-02;6.640474e-02;1.159845e-01;5.742551e-02;2.859034e-01;3.257630e-02;9.649626e-02;5.239931e-02;5.550513e-02;7.693300e-02
4.867447e-02;6.086661e-02;5.414877e-02;7.870126e-02;9.758150e-02;9.699282e-02;2.323225e-01;4.770289e-02;3.193771e-02;9.576425e-02;8.173090e-02;7.357632e-02
3.789473e-02;5.532083e-02;3.307372e-02;9.560890e-02;6.201024e-02;1.307599e-01;2.065058e-01;5.456848e-02;4.610509e-02;1.353095e-01;7.913294e-02;6.371003e-02
5.765290e-02;4.124140e-02;4.715184e-02;7.682710e-02;6.908558e-02;1.406440e-01;1.638976e-01;8.797406e-02;4.195075e-02;1.387436e-01;8.986887e-02;4.496236e-02
8.618750e-02;2.289656e-02;6.510258e-02;5.991422e-02;7.277700e-02;1.388842e-01;1.066074e-01;1.442237e-01;2.542407e-02;1.373192e-01;1.249568e-01;1.570679e-02
9.714848e-02;3.769136e-02;8.149395e-02;5.063685e-02;7.849996e-02;1.190027e-01;1.109521e-01;1.585114e-01;3.489559e-02;1.075433e-01;8.083182e-02;4.279244e-02
9.698508e-02;4.542007e-02;7.956456e-02;2.988504e-02;1.363633e-01;7.070072e-02;1.097304e-01;1.243945e-01;3.397759e-02;7.192811e-02;1.594370e-01;4.161365e-02
8.835584e-02;3.031274e-02;6.276742e-02;2.500516e-02;1.499177e-01;3.133231e-02;1.096051e-01;7.879567e-02;4.954719e-02;2.005261e-02;3.338041e-01;2.050412e-02
5.514590e-02;3.159052e-02;4.081849e-02;2.290366e-02;1.161343e-01;4.854299e-02;1.074265e-01;5.150120e-02;6.548513e-02;2.930438e-02;3.974792e-01;3.366775e-02
3.013295e-02;4.544368e-02;3.635719e-02;4.658400e-02;8.067701e-02;5.132294e-02;8.719631e-02;3.718150e-02;1.049440e-01;2.808006e-02;3.716555e-01;8.042483e-02
3.558495e-02;6.243665e-02;5.138417e-02;8.197281e-02;5.078910e-02;8.917444e-02;6.313560e-02;3.197043e-02;1.433568e-01;2.303161e-02;2.635632e-01;1.036002e-01
3.901957e-02;7.678417e-02;5.910932e-02;1.106814e-01;3.343168e-02;1.307426e-01;7.119319e-02;3.095809e-02;1.777108e-01;1.748152e-02;1.022699e-01;1.506178e-01
3.230578e-02;8.052404e-02;6.464547e-02;1.075478e-01;2.984557e-02;1.389493e-01;6.006491e-02;2.988533e-02;1.845019e-01;2.317924e-02;8.323479e-02;1.653159e-01
2.805208e-02;8.326972e-02;7.034302e-02;8.331531e-02;2.708180e-02;1.550127e-01;5.222967e-02;4.567476e-02;1.748011e-01;3.954541e-02;6.747247e-02;1.732020e-01
3.003852e-02;1.006643e-01;7.686910e-02;8.371601e-02;2.806877e-02;1.749370e-01;2.632906e-02;4.438969e-02;1.867162e-01;1.658311e-02;2.500806e-02;2.066801e-01
2.451333e-02;9.752849e-02;6.822812e-02;8.984556e-02;3.080455e-02;1.514032e-01;4.790344e-02;4.312530e-02;1.756018e-01;2.229100e-02;4.709052e-02;2.016647e-01
2.598156e-02;9.928586e-02;5.666709e-02;1.051457e-01;2.796579e-02;1.328180e-01;4.932593e-02;3.678684e-02;1.809705e-01;6.837096e-03;8.862279e-02;1.895928e-01
3.291344e-02;1.056363e-01;5.090082e-02;1.179777e-01;2.863864e-02;1.290914e-01;5.202528e-02;3.242660e-02;1.952121e-01;1.404198e-02;8.087032e-02;1.602654e-01
3.815505e-02;1.103718e-01;5.371402e-02;1.152366e-01;3.619892e-02;1.311022e-01;6.146312e-02;2.292238e-02;2.081610e-01;2.125614e-02;6.877080e-02;1.326479e-01
3.985260e-02;1.046113e-01;5.009940e-02;1.011679e-01;3.629126e-02;1.112539e-01;5.687623e-02;2.999775e-02;2.070208e-01;1.667908e-02;1.224709e-01;1.236789e-01
3.916734e-02;1.006727e-01;5.031649e-02;9.030864e-02;4.048668e-02;8.683950e-02;7.355676e-02;3.161476e-02;2.059209e-01;1.663677e-02;1.580681e-01;1.064114e-01
3.020918e-02;1.046925e-01;5.439973e-02;8.842149e-02;3.378190e-02;8.830333e-02;9.046364e-02;3.573972e-02;2.090213e-01;2.551694e-02;1.674464e-01;7.200376e-02
4.278739e-02;9.545066e-02;5.530595e-02;8.352440e-02;3.591301e-02;8.029041e-02;1.145769e-01;4.008882e-02;1.813766e-01;3.069522e-02;1.650105e-01;7.498010e-02
4.745639e-02;8.034181e-02;5.628692e-02;7.695088e-02;4.406298e-02;6.442589e-02;1.369516e-01;4.568743e-02;1.526259e-01;3.578749e-02;1.846798e-01;7.474296e-02
4.505416e-02;6.272556e-02;6.781539e-02;6.279384e-02;5.417022e-02;5.411011e-02;1.380058e-01;7.017898e-02;1.396802e-01;3.545434e-02;2.186376e-01;5.137387e-02
6.095319e-02;5.781364e-02;7.324120e-02;4.262840e-02;7.199879e-02;4.914109e-02;1.168037e-01;7.618234e-02;1.426947e-01;4.359571e-02;2.464803e-01;1.846696e-02
9.590097e-02;5.870910e-02;6.867143e-02;3.390373e-02;8.743942e-02;4.725778e-02;8.288251e-02;7.903629e-02;1.152264e-01;2.626001e-02;2.791338e-01;2.557857e-02
1.139165e-01;3.799812e-02;8.178069e-02;5.073623e-02;9.257082e-02;4.604860e-02;5.701453e-02;9.951054e-02;4.608607e-02;3.161401e-02;2.971263e-01;4.559751e-02
1.043777e-01;4.711795e-02;8.329360e-02;6.824471e-02;7.154074e-02;5.160788e-02;7.280266e-02;9.170669e-02;6.083126e-02;4.358753e-02;2.761138e-01;2.877554e-02
8.676180e-02;6.631338e-02;7.905091e-02;1.097977e-01;7.354234e-02;5.494150e-02;8.605057e-02;5.499461e-02;1.089537e-01;4.535266e-02;1.976501e-01;3.659073e-02
5.908553e-02;6.831527e-02;8.591114e-02;1.375633e-01;8.688737e-02;5.529167e-02;1.211282e-01;4.708326e-02;1.526222e-01;4.565192e-02;1.160670e-01;2.439318e-02
7.919995e-02;5.551944e-02;7.909799e-02;1.093097e-01;8.596008e-02;4.825936e-02;1.475894e-01;9.620981e-02;1.434456e-01;7.236768e-02;4.693175e-02;3.610922e-02
8.357424e-02;7.528198e-02;6.859277e-02;7.404914e-02;8.318590e-02;3.794886e-02;1.445038e-01;1.558037e-01;6.355097e-02;8.763554e-02;7.418177e-02;5.169136e-02
7.571992e-02;7.129950e-02;7.607520e-02;6.390276e-02;7.428501e-02;4.403050e-02;1.231042e-01;1.453072e-01;5.575014e-02;1.004483e-01;7.303283e-02;9.704437e-02
6.629293e-02;4.875292e-02;1.088410e-01;8.085193e-02;6.459246e-02;5.130511e-02;7.968463e-02;1.333874e-01;4.077463e-02;9.963287e-02;1.316358e-01;9.424825e-02
4.318417e-02;3.712368e-02;9.424306e-02;6.265507e-02;5.448238e-02;5.304258e-02;7.575821e-02;9.655119e-02;1.231237e-01;1.121308e-01;1.734921e-01;7.421311e-02
6.098366e-02;5.112046e-02;8.860646e-02;7.445313e-02;5.039793e-02;5.574128e-02;8.184348e-02;6.095133e-02;1.296588e-01;1.089683e-01;1.561342e-01;8.114088e-02
5.819969e-02;4.452809e-02;9.054996e-02;1.094322e-01;6.309114e-02;7.042700e-02;1.094482e-01;8.475371e-02;1.213751e-01;7.128920e-02;1.130205e-01;6.388523e-02
7.867144e-02;4.006883e-02;7.016300e-02;1.696777e-01;8.100360e-02;6.217899e-02;1.160437e-01;8.388989e-02;9.750401e-02;6.538624e-02;8.862031e-02;4.679235e-02
9.244059e-02;4.346056e-02;7.573114e-02;1.349738e-01;7.084527e-02;6.268944e-02;1.025545e-01;7.012900e-02;5.731015e-02;1.248216e-01;9.389668e-02;7.114732e-02
1.189425e-01;5.280130e-02;1.167232e-01;8.694420e-02;8.452594e-02;6.840227e-02;8.976313e-02;4.895554e-02;3.745287e-02;1.198808e-01;1.066326e-01;6.897573e-02
1.281039e-01;6.262371e-02;1.094254e-01;8.379626e-02;1.085403e-01;7.289417e-02;9.005082e-02;4.248927e-02;5.927292e-02;6.208053e-02;1.225450e-01;5.817781e-02
1.039149e-01;6.576628e-02;5.306552e-02;7.611816e-02;1.029382e-01;8.168372e-02;1.266873e-01;6.194795e-02;9.406954e-02;4.532856e-02;1.239511e-01;6.452873e-02
6.416504e-02;7.328431e-02;7.360771e-02;8.840939e-02;7.245550e-02;7.558358e-02;1.102791e-01;5.959588e-02;1.424309e-01;7.878447e-02;1.113766e-01;5.002754e-02
1.348542e-01;6.544284e-02;9.236146e-02;8.029844e-02;6.465249e-02;5.229161e-02;4.815643e-02;7.123115e-02;1.567565e-01;9.981064e-02;6.946429e-02;6.467993e-02
1.351006e-01;4.348927e-02;8.088368e-02;6.602553e-02;7.803027e-02;6.065820e-02;4.830790e-02;8.668286e-02;1.438244e-01;1.220476e-01;3.909667e-02;9.585300e-02
1.034814e-01;6.305318e-02;6.453321e-02;4.957012e-02;5.811698e-02;5.509890e-02;6.964970e-02;1.184529e-01;1.036180e-01;1.629193e-01;8.041828e-02;7.108795e-02
6.434530e-02;5.994796e-02;8.655374e-02;7.750993e-02;4.509418e-02;7.170463e-02;7.623094e-02;1.506495e-01;1.360847e-01;1.177555e-01;7.934438e-02;3.477928e-02
5.912652e-02;4.958377e-02;8.651593e-02;9.120667e-02;5.480488e-02;5.158866e-02;1.184235e-01;2.082140e-01;1.176226e-01;6.602846e-02;3.169253e-02;6.519238e-02
2.822772e-02;7.282513e-02;1.057290e-01;8.639913e-02;3.747236e-02;4.190296e-02;1.511901e-01;1.450564e-01;1.205002e-01;8.013220e-02;6.814840e-02;6.241641e-02
8.199571e-02;1.005835e-01;2.202453e-01;6.191694e-02;4.266984e-02;5.313914e-02;1.176729e-01;7.707542e-02;8.682200e-02;6.613924e-02;5.618594e-02;3.555402e-02
6.310403e-02;1.363422e-01;2.823505e-01;4.824146e-02;2.926112e-02;6.528455e-02;7.936300e-02;7.641183e-02;7.930826e-02;5.984505e-02;4.181588e-02;3.867219e-02
8.173370e-02;1.853922e-01;2.491173e-01;3.545129e-02;1.974367e-02;6.976215e-02;7.005372e-02;6.777678e-02;1.003176e-01;4.245873e-02;4.032894e-02;3.786394e-02
1.568571e-01;2.204500e-01;1.686643e-01;2.624595e-02;3.342697e-02;5.679122e-02;7.924441e-02;5.617855e-02;8.725509e-02;2.916021e-02;5.494668e-02;3.077951e-02
2.152954e-01;2.086037e-01;1.073842e-01;1.899759e-02;5.772251e-02;5.153724e-02;1.072010e-01;5.280342e-02;6.478493e-02;2.281917e-02;7.509674e-02;1.775421e-02
2.355407e-01;1.746799e-01;6.889013e-02;1.946269e-02;7.465521e-02;5.529589e-02;1.111914e-01;5.358415e-02;6.779827e-02;2.544945e-02;8.908626e-02;2.436603e-02
2.273843e-01;1.708429e-01;7.545697e-02;1.610718e-02;7.486612e-02;5.181926e-02;1.067670e-01;5.365136e-02;7.947645e-02;2.993062e-02;9.033104e-02;2.336691e-02
2.073262e-01;1.568103e-01;5.558516e-02;1.968341e-02;8.076116e-02;6.393541e-02;1.152540e-01;6.828427e-02;8.348768e-02;3.339342e-02;9.596275e-02;1.951634e-02
1.473610e-01;1.107483e-01;1.173878e-01;2.184049e-02;9.211586e-02;8.558184e-02;1.212090e-01;5.859314e-02;8.429994e-02;3.989906e-02;1.012258e-01;1.973775e-02
1.221484e-01;6.424427e-02;1.396571e-01;2.646068e-02;1.199765e-01;1.073239e-01;1.080316e-01;5.936969e-02;7.343052e-02;3.576474e-02;1.254670e-01;1.812584e-02
1.074414e-01;4.196125e-02;1.370541e-01;3.347275e-02;1.282758e-01;1.093431e-01;9.253224e-02;7.408021e-02;5.525587e-02;2.945455e-02;1.664046e-01;2.472409e-02
7.148426e-02;4.386952e-02;1.349369e-01;5.697615e-02;9.573175e-02;1.106495e-01;7.582465e-02;6.973430e-02;7.467583e-02;3.079446e-02;1.884928e-01;4.682987e-02
4.232609e-02;4.822353e-02;1.461889e-01;6.719214e-02;4.778465e-02;9.968872e-02;7.802528e-02;7.617284e-02;1.082946e-01;5.556028e-02;1.705121e-01;6.003087e-02
9.397656e-02;8.187393e-02;1.330825e-01;4.290448e-02;5.722181e-02;7.823198e-02;1.132122e-01;9.747884e-02;9.958171e-02;6.040914e-02;9.939110e-02;4.263569e-02
1.434056e-01;1.025073e-01;1.001290e-01;2.092540e-02;7.261115e-02;5.348859e-02;1.327083e-01;1.003004e-01;7.377212e-02;5.309293e-02;8.281615e-02;6.424300e-02
1.436629e-01;1.088481e-01;7.319722e-02;2.745960e-02;5.047413e-02;6.465168e-02;1.208162e-01;9.895171e-02;1.078384e-01;4.170036e-02;7.672048e-02;8.567921e-02
1.359551e-01;1.001231e-01;6.726196e-02;5.967436e-02;4.292822e-02;6.925346e-02;1.150556e-01;1.051508e-01;1.192665e-01;7.256674e-02;5.450540e-02;5.825885e-02
1.259286e-01;6.733710e-02;6.996983e-02;8.235801e-02;6.611582e-02;7.911321e-02;1.157381e-01;9.505955e-02;1.050501e-01;6.304546e-02;5.767171e-02;7.261246e-02
1.117306e-01;7.395795e-02;1.251360e-01;6.099781e-02;8.625074e-02;5.396742e-02;9.167098e-02;8.141313e-02;9.280816e-02;7.283068e-02;6.929098e-02;7.994554e-02
9.201279e-02;9.033104e-02;1.081812e-01;5.377036e-02;7.057600e-02;5.981629e-02;1.529437e-01;5.552839e-02;1.015235e-01;5.726352e-02;9.745552e-02;6.059759e-02
6.670488e-02;9.025713e-02;1.226453e-01;3.714447e-02;1.056623e-01;6.254204e-02;1.464112e-01;5.392766e-02;1.416779e-01;5.752892e-02;8.308665e-02;3.241147e-02
4.795431e-02;5.656979e-02;1.273855e-01;4.292594e-02;1.321039e-01;8.821202e-02;1.165763e-01;8.408138e-02;1.336121e-01;6.353292e-02;4.148109e-02;6.556473e-02
5.085653e-02;3.374303e-02;1.487536e-01;3.800441e-02;1.293115e-01;8.514849e-02;1.918410e-01;8.027784e-02;6.696558e-02;9.992521e-02;1.699202e-02;5.818078e-02
4.457697e-02;2.412868e-02;1.505941e-01;2.288410e-02;1.111183e-01;6.508448e-02;2.488532e-01;5.856660e-02;3.242593e-02;1.645274e-01;2.587123e-02;5.136898e-02
3.352924e-02;3.011260e-02;1.061533e-01;1.568166e-02;7.787012e-02;6.453501e-02;2.250894e-01;4.347409e-02;8.219738e-02;2.320881e-01;1.937522e-02;6.989390e-02
1.514173e-02;2.777800e-02;9.168332e-02;8.861620e-03;5.411997e-02;7.028678e-02;1.789260e-01;3.405967e-02;1.045917e-01;2.977144e-01;2.502181e-02;9.181496e-02
2.997065e-02;2.743451e-02;1.101277e-01;1.223192e-02;5.686894e-02;6.877364e-02;1.485284e-01;3.269927e-02;1.238986e-01;2.886317e-01;2.002969e-02;8.080497e-02
3.669365e-02;2.254082e-02;1.302826e-01;1.208325e-02;6.411120e-02;5.830472e-02;1.553832e-01;3.247378e-02;1.258666e-01;2.928776e-01;2.304460e-02;4.633804e-02
4.020010e-02;2.126055e-02;1.426390e-01;1.427736e-02;6.680038e-02;6.240984e-02;1.800487e-01;2.981937e-02;1.095919e-01;2.988714e-01;1.968443e-02;1.439691e-02
4.567516e-02;1.862505e-02;1.501128e-01;1.730455e-02;6.559664e-02;6.736363e-02;1.932185e-01;1.608949e-02;1.021808e-01;2.973497e-01;1.635320e-02;1.013052e-02
4.791168e-02;2.793297e-02;1.559034e-01;1.837149e-02;6.136689e-02;7.589121e-02;1.856812e-01;2.856166e-02;9.629346e-02;2.508320e-01;2.393323e-02;2.732082e-02
5.925310e-02;5.611604e-02;1.768604e-01;2.165772e-02;5.820735e-02;9.028511e-02;1.625903e-01;2.734753e-02;7.704114e-02;1.973363e-01;2.630530e-02;4.699973e-02
8.102801e-02;8.084407e-02;1.819971e-01;3.088213e-02;4.152595e-02;1.023692e-01;1.296316e-01;2.764015e-02;7.986914e-02;1.434929e-01;4.777613e-02;5.294364e-02
1.037558e-01;7.380762e-02;1.627525e-01;2.868934e-02;8.851545e-02;9.682599e-02;1.226970e-01;3.458825e-02;9.346755e-02;7.170929e-02;6.082245e-02;6.236874e-02
8.548808e-02;3.087624e-02;1.427439e-01;3.184722e-02;1.536358e-01;5.931279e-02;2.176095e-01;5.820858e-02;1.027186e-01;5.052302e-02;3.348453e-02;3.355189e-02
6.653911e-02;3.828412e-02;1.499908e-01;3.088932e-02;1.297742e-01;7.259288e-02;2.099491e-01;6.829753e-02;7.719766e-02;9.721405e-02;3.353149e-02;2.573979e-02
6.764872e-02;3.875857e-02;1.175842e-01;4.685408e-02;6.969795e-02;1.015227e-01;1.721199e-01;4.608807e-02;8.541626e-02;1.429601e-01;5.761498e-02;5.373454e-02
7.874326e-02;4.871058e-02;1.184058e-01;4.717398e-02;4.440508e-02;8.768204e-02;1.661308e-01;4.552958e-02;9.569088e-02;1.336906e-01;5.555141e-02;7.828596e-02
9.670105e-02;7.404359e-02;9.484196e-02;3.696087e-02;5.263728e-02;5.688546e-02;1.716062e-01;8.601427e-02;8.225271e-02;1.006671e-01;7.592261e-02;7.146694e-02
1.011079e-01;7.056620e-02;1.898237e-01;6.496675e-02;5.484847e-02;5.120992e-02;1.311356e-01;8.573487e-02;5.605720e-02;6.288166e-02;8.333834e-02;4.832939e-02
1.060374e-01;2.728121e-02;2.683041e-01;7.533602e-02;5.052277e-02;4.379774e-02;9.752325e-02;7.439314e-02;5.059690e-02;7.704671e-02;8.520749e-02;4.395325e-02
8.994401e-02;6.159354e-02;3.188336e-01;6.133709e-02;4.062319e-02;2.912528e-02;8.684808e-02;6.776022e-02;5.544621e-02;9.172803e-02;6.360294e-02;3.315777e-02
6.453349e-02;9.414222e-02;3.128257e-01;4.477127e-02;3.412645e-02;4.351475e-02;1.121691e-01;7.406703e-02;6.276459e-02;8.301422e-02;4.615758e-02;2.791356e-02
4.725752e-02;1.018639e-01;2.371119e-01;2.974234e-02;3.797274e-02;5.823872e-02;1.709116e-01;7.716236e-02;8.091971e-02;8.290040e-02;4.843912e-02;2.747967e-02
5.712326e-02;8.188046e-02;1.695588e-01;3.006224e-02;5.576344e-02;5.786402e-02;1.896402e-01;1.031057e-01;5.234228e-02;8.646669e-02;7.710961e-02;3.908328e-02
1.150586e-01;9.827060e-02;1.588808e-01;3.609107e-02;5.787991e-02;5.115952e-02;1.327939e-01;8.636267e-02;7.658570e-02;6.790754e-02;9.252612e-02;2.648355e-02
1.366676e-01;1.137334e-01;1.713350e-01;3.029364e-02;4.191557e-02;3.958217e-02;1.265557e-01;6.119035e-02;9.878441e-02;6.750806e-02;6.803074e-02;4.440327e-02
1.206651e-01;8.624391e-02;2.373755e-01;2.627028e-02;5.798914e-02;4.884695e-02;1.112871e-01;7.005900e-02;7.813352e-02;6.929576e-02;5.477897e-02;3.905481e-02
1.146098e-01;6.219452e-02;2.989696e-01;3.434883e-02;5.702161e-02;4.860827e-02;1.084390e-01;7.554650e-02;4.998114e-02;6.735431e-02;4.950125e-02;3.342518e-02
1.176076e-01;6.286827e-02;2.190395e-01;4.591017e-02;4.756182e-02;5.366829e-02;1.374479e-01;9.118217e-02;4.227704e-02;1.081548e-01;4.257307e-02;3.170935e-02
9.655761e-02;4.733958e-02;8.501586e-02;3.847183e-02;4.635161e-02;8.683604e-02;1.737687e-01;1.092618e-01;7.458901e-02;1.655888e-01;4.901632e-02;2.720282e-02
6.702147e-02;5.694883e-02;1.004132e-01;4.788022e-02;3.524379e-02;1.020111e-01;1.939642e-01;8.106411e-02;7.648138e-02;1.802627e-01;2.639872e-02;3.231031e-02
7.937171e-02;7.666722e-02;1.583234e-01;8.117007e-02;3.315651e-02;1.164035e-01;1.161995e-01;5.713336e-02;6.894602e-02;1.585053e-01;2.724858e-02;2.687497e-02
7.353054e-02;8.574555e-02;1.871729e-01;9.193271e-02;5.205292e-02;7.818612e-02;1.223485e-01;6.706043e-02;3.988552e-02;9.828600e-02;5.193436e-02;5.186450e-02
6.719359e-02;8.229338e-02;1.526724e-01;8.866008e-02;6.083462e-02;4.883808e-02;1.502542e-01;6.824883e-02;5.583134e-02;5.910946e-02;8.057659e-02;8.548741e-02
7.328477e-02;7.462298e-02;1.335733e-01;8.647509e-02;5.755810e-02;5.783198e-02;1.305145e-01;6.472622e-02;6.903684e-02;4.936677e-02;1.039397e-01;9.906968e-02
8.265234e-02;6.087176e-02;1.387056e-01;9.230132e-02;4.942077e-02;6.803444e-02;1.086157e-01;7.159495e-02;7.503691e-02;5.079956e-02;1.255498e-01;7.641675e-02
8.094924e-02;4.563125e-02;1.296431e-01;1.038652e-01;5.722219e-02;7.228431e-02;1.238545e-01;9.008916e-02;6.642876e-02;5.162389e-02;1.072004e-01;7.120800e-02
6.174643e-02;8.374795e-02;1.210598e-01;8.635761e-02;7.527439e-02;6.339045e-02;1.099275e-01;6.883115e-02;7.869348e-02;7.043713e-02;9.833404e-02;8.220008e-02
1.052057e-01;1.054268e-01;1.394189e-01;6.196694e-02;6.594828e-02;4.969240e-02;8.735777e-02;3.973009e-02;9.946458e-02;6.927482e-02;1.153518e-01;6.116194e-02
1.096010e-01;8.696189e-02;1.089718e-01;6.488271e-02;5.245548e-02;3.614921e-02;1.058621e-01;7.888288e-02;9.814236e-02;7.504189e-02;1.168968e-01;6.615187e-02
1.071712e-01;8.329276e-02;8.817881e-02;8.030120e-02;4.899153e-02;3.949694e-02;1.321050e-01;8.924189e-02;9.588839e-02;7.079227e-02;1.230854e-01;4.145460e-02
1.050555e-01;7.291534e-02;1.083881e-01;7.850541e-02;5.414888e-02;4.311395e-02;1.465176e-01;8.050068e-02;1.026092e-01;5.045627e-02;1.088478e-01;4.894130e-02
1.122613e-01;2.826926e-02;1.440347e-01;4.789233e-02;7.092499e-02;4.473142e-02;1.396702e-01;7.100549e-02;1.116863e-01;4.590715e-02;1.057277e-01;7.788932e-02
9.901000e-02;7.654601e-02;1.611906e-01;5.280207e-02;6.233108e-02;4.706160e-02;1.282150e-01;6.724180e-02;7.597487e-02;5.449711e-02;9.451754e-02;8.061229e-02
1.483634e-01;1.192747e-01;2.083112e-01;6.880017e-02;5.113649e-02;5.587933e-02;9.115139e-02;7.119577e-02;4.836647e-02;6.063504e-02;3.226170e-02;4.462446e-02
1.517027e-01;1.210013e-01;1.921053e-01;5.888849e-02;6.689992e-02;5.524934e-02;6.821726e-02;6.734595e-02;5.977314e-02;5.016685e-02;6.558602e-02;4.306383e-02
1.481105e-01;1.037242e-01;1.663881e-01;5.180744e-02;8.406268e-02;5.723280e-02;8.069649e-02;7.716689e-02;6.576481e-02;6.955258e-02;5.767889e-02;3.781462e-02
1.174349e-01;5.282572e-02;8.198723e-02;1.111984e-01;1.074382e-01;5.870663e-02;1.078610e-01;9.892390e-02;7.240002e-02;1.216418e-01;3.622886e-02;3.335326e-02
6.493835e-02;1.855123e-02;4.058408e-02;1.547658e-01;1.039740e-01;4.296316e-02;1.742076e-01;1.114123e-01;5.999690e-02;1.561266e-01;3.276753e-02;3.971238e-02
4.050610e-02;3.365791e-02;5.734727e-02;1.632974e-01;7.476489e-02;3.123228e-02;2.169008e-01;1.078701e-01;4.198906e-02;1.497429e-01;3.186955e-02;5.082162e-02
2.652498e-02;3.964770e-02;5.328291e-02;1.567514e-01;4.542575e-02;2.665001e-02;2.578946e-01;1.017052e-01;5.337237e-02;1.419230e-01;3.821630e-02;5.860581e-02
2.879817e-02;3.969103e-02;6.011466e-02;1.425516e-01;2.542494e-02;2.525868e-02;2.967219e-01;7.327373e-02;6.313052e-02;1.364670e-01;3.879322e-02;6.977453e-02
2.553844e-02;4.125669e-02;8.170895e-02;1.157274e-01;3.349460e-02;3.439055e-02;3.002461e-01;4.700898e-02;8.927608e-02;1.203548e-01;3.855235e-02;7.244506e-02
2.730664e-02;5.126667e-02;9.349249e-02;8.049650e-02;3.007778e-02;5.692148e-02;2.857891e-01;3.537485e-02;9.931596e-02;1.246567e-01;4.683691e-02;6.846493e-02
2.654170e-02;5.877657e-02;1.019431e-01;5.813714e-02;3.287231e-02;7.317109e-02;2.789930e-01;4.066842e-02;1.123793e-01;1.096674e-01;3.533117e-02;7.151881e-02
3.190770e-02;5.682598e-02;1.021878e-01;4.732736e-02;4.595305e-02;8.200731e-02;2.786570e-01;5.327672e-02;1.117702e-01;7.487325e-02;4.251827e-02;7.269535e-02
4.470484e-02;4.293862e-02;1.143624e-01;6.358922e-02;6.375467e-02;8.457998e-02;2.491479e-01;6.512421e-02;1.091770e-01;5.413665e-02;4.161792e-02;6.686660e-02
4.222914e-02;3.790341e-02;1.358123e-01;6.229504e-02;7.551328e-02;7.469418e-02;1.977498e-01;5.390046e-02;1.158198e-01;7.562166e-02;5.855566e-02;6.990522e-02
3.496910e-02;2.756045e-02;1.520161e-01;4.491330e-02;8.284884e-02;9.056352e-02;2.040367e-01;4.681932e-02;7.761513e-02;7.762715e-02;9.495232e-02;6.607811e-02
6.024238e-02;4.926654e-02;1.133598e-01;6.679876e-02;8.209573e-02;8.963326e-02;1.798969e-01;6.295642e-02;5.857589e-02;9.046950e-02;1.079156e-01;3.878927e-02
5.424611e-02;6.904563e-02;3.979095e-02;7.995890e-02;8.951719e-02;8.759047e-02;1.760480e-01;9.933200e-02;7.561205e-02;8.753952e-02;1.039143e-01;3.740492e-02
6.707492e-02;7.168723e-02;8.530512e-02;7.649478e-02;9.142808e-02;7.992450e-02;1.709843e-01;8.075466e-02;4.691421e-02;7.404440e-02;9.858403e-02;5.680377e-02
5.855371e-02;4.436404e-02;1.059061e-01;5.449274e-02;7.735728e-02;6.955838e-02;2.304775e-01;7.733595e-02;6.684700e-02;5.218309e-02;7.797005e-02;8.495421e-02
3.501268e-02;2.973419e-02;1.064916e-01;3.656350e-02;4.382563e-02;7.362726e-02;2.988579e-01;1.081865e-01;5.191754e-02;8.496883e-02;5.808332e-02;7.273101e-02
3.370144e-02;3.522996e-02;1.052111e-01;4.263945e-02;3.850197e-02;6.031766e-02;3.014501e-01;1.011960e-01;4.646816e-02;1.037797e-01;7.583182e-02;5.567266e-02
3.936908e-02;3.340415e-02;8.023492e-02;6.326992e-02;4.767609e-02;4.992604e-02;3.210545e-01;8.222251e-02;5.016623e-02;1.018063e-01;8.571511e-02;4.515513e-02
6.537811e-02;4.368733e-02;8.784240e-02;5.999604e-02;4.658657e-02;5.590021e-02;3.072957e-01;8.722593e-02;3.363527e-02;7.364326e-02;8.172958e-02;5.707954e-02
6.815396e-02;4.763431e-02;8.372965e-02;6.782722e-02;4.409912e-02;5.347015e-02;2.965654e-01;1.105169e-01;5.108759e-02;5.716024e-02;5.279896e-02;6.695645e-02
8.385345e-02;4.283027e-02;5.725054e-02;8.322249e-02;5.663758e-02;7.279462e-02;2.715253e-01;1.046707e-01;5.523542e-02;6.743458e-02;3.469647e-02;6.984849e-02
1.044668e-01;3.754952e-02;6.081470e-02;8.741804e-02;6.908293e-02;9.191902e-02;2.405072e-01;9.791832e-02;5.240727e-02;7.962393e-02;3.175785e-02;4.653440e-02
1.351204e-01;3.855162e-02;8.505895e-02;8.214816e-02;6.387916e-02;9.981467e-02;1.812296e-01;9.240206e-02;4.659213e-02;8.215098e-02;4.590222e-02;4.715002e-02
1.426540e-01;4.299866e-02;1.275268e-01;8.669797e-02;5.231572e-02;8.877932e-02;1.679970e-01;7.844524e-02;3.752577e-02;8.866835e-02;3.541389e-02;5.097726e-02
1.407847e-01;2.943140e-02;8.633875e-02;1.102014e-01;5.879943e-02;9.457344e-02;1.948194e-01;8.613170e-02;3.249535e-02;8.741679e-02;2.671188e-02;5.229577e-02
1.415506e-01;2.512190e-02;5.448456e-02;1.105091e-01;6.460612e-02;1.017994e-01;2.105136e-01;9.591742e-02;4.312567e-02;8.222701e-02;2.116973e-02;4.897492e-02
1.640672e-01;2.760598e-02;7.677879e-02;9.338047e-02;6.480141e-02;7.931561e-02;2.248546e-01;8.426323e-02;5.054935e-02;6.921358e-02;2.086503e-02;4.430483e-02
2.176242e-01;2.798932e-02;6.986496e-02;7.856423e-02;5.751423e-02;5.348043e-02;2.297083e-01;9.527762e-02;4.259352e-02;5.540995e-02;2.303776e-02;4.893550e-02
2.528063e-01;4.019404e-02;8.627905e-02;6.589721e-02;5.333382e-02;3.248402e-02;1.734010e-01;1.259199e-01;2.631745e-02;6.699976e-02;3.045260e-02;4.591486e-02
2.797779e-01;5.700980e-02;1.049388e-01;5.157246e-02;5.270141e-02;2.098706e-02;1.154340e-01;1.308976e-01;2.320868e-02;7.263236e-02;4.173947e-02;4.910050e-02
2.700827e-01;7.509659e-02;1.086019e-01;3.907619e-02;5.435230e-02;4.521022e-02;1.058262e-01;1.056566e-01;3.564981e-02;6.254812e-02;5.325437e-02;4.464495e-02
2.288113e-01;1.004049e-01;9.873780e-02;2.855076e-02;4.632258e-02;6.606375e-02;1.571811e-01;7.425974e-02;5.514023e-02;4.874549e-02;6.588540e-02;2.989687e-02
1.883714e-01;1.127281e-01;9.707996e-02;2.257035e-02;4.572351e-02;7.174496e-02;2.093892e-01;5.319874e-02;5.728627e-02;5.332214e-02;7.248154e-02;1.610384e-02
1.520074e-01;1.424305e-01;1.127284e-01;1.313661e-02;3.659572e-02;6.367330e-02;2.007734e-01;6.146824e-02;5.527001e-02;7.191950e-02;7.008057e-02;1.991637e-02
1.245450e-01;1.685840e-01;1.123061e-01;2.191483e-02;3.745393e-02;6.034592e-02;1.728593e-01;8.149675e-02;6.436541e-02;7.929651e-02;5.447469e-02;2.235753e-02
1.315106e-01;1.997165e-01;1.364363e-01;3.438206e-02;3.650872e-02;5.357128e-02;1.010973e-01;8.253731e-02;7.439020e-02;7.771338e-02;4.707681e-02;2.505957e-02
1.551979e-01;2.184066e-01;1.171775e-01;3.804646e-02;3.240594e-02;5.654331e-02;8.543850e-02;8.130022e-02;8.159915e-02;6.347098e-02;4.287176e-02;2.754170e-02
1.557897e-01;2.342249e-01;1.452163e-01;4.389583e-02;3.766340e-02;5.321407e-02;5.633070e-02;6.170200e-02;9.193690e-02;5.347687e-02;4.080214e-02;2.574700e-02
1.622640e-01;2.438876e-01;1.415150e-01;4.527990e-02;3.361166e-02;4.872509e-02;5.873696e-02;4.717039e-02;1.040230e-01;4.861557e-02;3.915852e-02;2.701224e-02
1.398892e-01;2.427138e-01;1.616029e-01;4.806645e-02;4.372736e-02;6.117726e-02;4.000027e-02;3.078583e-02;1.227872e-01;4.495467e-02;3.009752e-02;3.419757e-02
1.072110e-01;2.290026e-01;1.853103e-01;4.980588e-02;4.600291e-02;8.559619e-02;4.162230e-02;2.857879e-02;1.322009e-01;4.740723e-02;1.430656e-02;3.295527e-02
8.809370e-02;2.117312e-01;2.154471e-01;4.881105e-02;3.799842e-02;1.044494e-01;3.580825e-02;2.732038e-02;1.328835e-01;4.911008e-02;1.106210e-02;3.728479e-02
1.088194e-01;1.860175e-01;2.061114e-01;4.016634e-02;4.054725e-02;9.395579e-02;8.403077e-02;3.600948e-02;1.171854e-01;3.632220e-02;1.807866e-02;3.275578e-02
1.261709e-01;1.692166e-01;1.812835e-01;4.229534e-02;4.693063e-02;7.302073e-02;1.495552e-01;4.137510e-02;8.297214e-02;3.619896e-02;2.673170e-02;2.424914e-02
6.322853e-02;1.814962e-01;1.685993e-01;5.483722e-02;8.632635e-02;6.963250e-02;1.476223e-01;3.933908e-02;5.804106e-02;5.296874e-02;4.806259e-02;2.984618e-02
1.363627e-01;1.676321e-01;7.101229e-02;4.142362e-02;7.373503e-02;4.059943e-02;1.227651e-01;1.023495e-01;9.628055e-02;6.352538e-02;5.042960e-02;3.388465e-02
8.808830e-02;9.226202e-02;1.046918e-01;5.020827e-02;4.841905e-02;6.391362e-02;1.331502e-01;1.322385e-01;1.151027e-01;5.301318e-02;6.333227e-02;5.558002e-02
6.449819e-02;8.715871e-02;1.929286e-01;5.789892e-02;5.550634e-02;7.399753e-02;1.045845e-01;8.955602e-02;1.018404e-01;5.701850e-02;6.327226e-02;5.173993e-02
5.360499e-02;1.127666e-01;2.443125e-01;8.217912e-02;5.964861e-02;1.063211e-01;5.728201e-02;5.058967e-02;7.236537e-02;6.919184e-02;3.471423e-02;5.702393e-02
3.328798e-02;1.256695e-01;2.402091e-01;1.114058e-01;5.246689e-02;1.033728e-01;5.210011e-02;4.628102e-02;7.750217e-02;7.017237e-02;3.528097e-02;5.225135e-02
7.779354e-02;1.227138e-01;2.057592e-01;1.081427e-01;4.490093e-02;7.956573e-02;8.991549e-02;4.170289e-02;7.539452e-02;6.279803e-02;6.019700e-02;3.111606e-02
1.181642e-01;1.038402e-01;1.974048e-01;7.627779e-02;5.776678e-02;6.092216e-02;1.265716e-01;4.686791e-02;5.938517e-02;5.547084e-02;8.723401e-02;1.009456e-02
1.432691e-01;7.699808e-02;1.955076e-01;6.116541e-02;6.347255e-02;5.477356e-02;1.515821e-01;4.969168e-02;4.131043e-02;4.609559e-02;9.263255e-02;2.350137e-02
1.542219e-01;8.721211e-02;1.745868e-01;7.235317e-02;4.690374e-02;4.943001e-02;1.495086e-01;4.990809e-02;5.610776e-02;3.501144e-02;9.223844e-02;3.251801e-02
1.461365e-01;9.811196e-02;1.329276e-01;1.103438e-01;4.300808e-02;6.057768e-02;1.182121e-01;4.581097e-02;8.663387e-02;3.565722e-02;8.220312e-02;4.037719e-02
9.857535e-02;7.507567e-02;1.763528e-01;1.238957e-01;6.681319e-02;7.884736e-02;1.254411e-01;1.700491e-02;9.691063e-02;6.046040e-02;4.344153e-02;3.718122e-02
7.675524e-02;7.369158e-02;2.601923e-01;8.703364e-02;7.722760e-02;6.865077e-02;9.188864e-02;3.654481e-02;6.589700e-02;6.479818e-02;4.673466e-02;5.058550e-02
9.519461e-02;6.026322e-02;2.508350e-01;5.743037e-02;8.602790e-02;6.898525e-02;5.043879e-02;5.305013e-02;7.750812e-02;7.511025e-02;7.363691e-02;5.151942e-02
5.846768e-02;5.455386e-02;1.967058e-01;4.404575e-02;7.965328e-02;6.023724e-02;1.281969e-01;6.226481e-02;7.979873e-02;8.608031e-02;1.114741e-01;3.852153e-02
7.039236e-02;7.697241e-02;1.294110e-01;5.200534e-02;5.782911e-02;5.728348e-02;1.374449e-01;9.678272e-02;5.284899e-02;7.923784e-02;1.063278e-01;8.346393e-02
6.911692e-02;8.923408e-02;6.473713e-02;4.287221e-02;5.891183e-02;4.312633e-02;7.141209e-02;1.472435e-01;1.176625e-01;9.016488e-02;1.730570e-01;3.246157e-02
5.702088e-02;9.849083e-02;7.527223e-02;3.736068e-02;3.883890e-02;5.459499e-02;5.807923e-02;1.360872e-01;1.088354e-01;1.083212e-01;1.577014e-01;6.939701e-02
7.532140e-02;9.240890e-02;1.006479e-01;7.394144e-02;5.656011e-02;8.166380e-02;6.235633e-02;1.160341e-01;1.059844e-01;1.243743e-01;5.819452e-02;5.251273e-02
6.215167e-02;4.337736e-02;8.980710e-02;6.378016e-02;4.747284e-02;6.579608e-02;1.143770e-01;9.775413e-02;1.027579e-01;1.034982e-01;1.388052e-01;7.042241e-02
6.354927e-02;5.005228e-02;7.971931e-02;6.385349e-02;4.491660e-02;6.535076e-02;1.343530e-01;1.059840e-01;8.200377e-02;1.171753e-01;1.080060e-01;8.503623e-02
