1.050996e-01;9.236133e-02;3.170721e-01;4.383108e-02;5.398776e-02;4.351378e-02;1.686569e-01;4.073263e-02;5.659166e-02;3.200641e-02;2.365281e-02;2.249390e-02
1.256952e-01;1.529448e-01;3.474633e-01;3.435909e-02;2.892468e-02;4.181578e-02;1.186262e-01;1.687329e-02;6.967954e-02;2.640471e-02;1.878448e-02;1.842892e-02
1.119649e-01;2.243143e-01;3.845969e-01;3.180288e-02;1.377994e-02;3.049691e-02;6.261605e-02;2.309096e-02;7.100592e-02;1.728898e-02;1.349240e-02;1.554984e-02
1.460698e-01;2.508738e-01;3.677439e-01;3.117425e-02;2.574518e-02;1.716153e-02;2.906287e-02;3.456045e-02;5.518680e-02;1.381420e-02;1.241359e-02;1.619353e-02
2.270871e-01;2.302480e-01;3.060400e-01;2.509670e-02;3.583404e-02;1.648686e-02;1.707782e-02;3.736593e-02;4.649887e-02;1.748043e-02;1.553125e-02;2.525301e-02
2.361293e-01;1.636246e-01;2.552874e-01;2.878777e-02;5.177868e-02;1.997158e-02;6.581493e-02;4.148786e-02;5.283724e-02;1.861146e-02;2.709142e-02;3.857764e-02
1.388761e-01;1.149003e-01;2.264563e-01;4.300484e-02;5.624655e-02;3.227909e-02;1.534806e-01;3.692266e-02;6.910599e-02;4.331550e-02;4.403752e-02;4.137463e-02
1.633048e-01;1.372388e-01;2.209083e-01;4.307418e-02;4.584411e-02;1.992578e-02;1.289984e-01;3.438319e-02;5.653453e-02;5.619429e-02;5.278142e-02;4.081219e-02
2.443657e-01;1.654537e-01;2.298923e-01;3.670529e-02;2.270044e-02;2.280620e-02;8.139261e-02;3.947050e-02;4.062757e-02;3.560403e-02;4.257327e-02;3.840833e-02
2.624527e-01;1.697642e-01;2.253413e-01;3.112835e-02;3.096028e-02;3.104350e-02;3.663661e-02;4.319133e-02;6.180507e-02;2.805560e-02;4.542489e-02;3.419617e-02
1.619634e-01;1.489831e-01;2.709766e-01;2.776417e-02;5.204412e-02;3.081614e-02;6.688106e-02;4.439812e-02;6.806935e-02;3.620007e-02;4.552634e-02;4.637751e-02
6.676900e-02;8.618926e-02;2.608536e-01;4.302201e-02;7.746197e-02;6.175524e-02;1.158290e-01;5.051563e-02;7.110035e-02;6.742124e-02;3.726383e-02;6.181891e-02
1.001243e-01;5.390789e-02;2.091967e-01;5.456374e-02;9.139215e-02;8.450141e-02;1.189036e-01;4.254028e-02;7.678009e-02;9.080547e-02;3.385445e-02;4.342996e-02
9.372624e-02;1.069895e-01;2.873415e-01;5.828376e-02;5.787515e-02;5.258539e-02;8.090598e-02;4.374217e-02;9.592415e-02;7.900786e-02;2.006112e-02;2.355717e-02
1.083481e-01;1.268043e-01;3.165346e-01;4.954824e-02;4.012226e-02;4.073146e-02;5.277005e-02;3.954818e-02;1.119791e-01;7.480946e-02;1.604125e-02;2.276307e-02
1.417351e-01;1.157738e-01;2.938848e-01;4.125044e-02;4.376066e-02;5.091996e-02;5.159462e-02;4.798023e-02;9.688469e-02;7.270794e-02;1.824796e-02;2.525984e-02
1.298682e-01;1.234248e-01;2.737296e-01;3.495020e-02;4.240935e-02;4.186986e-02;4.360678e-02;5.601262e-02;1.479188e-01;6.077434e-02;1.723661e-02;2.819883e-02
6.749237e-02;1.650930e-01;3.393816e-01;1.743502e-02;2.178934e-02;3.202005e-02;2.291311e-02;4.988610e-02;1.633276e-01;6.291369e-02;1.691339e-02;4.083465e-02
3.476821e-02;1.445435e-01;4.149678e-01;1.778484e-02;1.600897e-02;2.068391e-02;2.211076e-02;4.581833e-02;1.002430e-01;1.280212e-01;1.523313e-02;3.981635e-02
2.455356e-02;9.245960e-02;4.532024e-01;1.650261e-02;2.573446e-02;9.945913e-03;3.421284e-02;2.830385e-02;4.268779e-02;2.333339e-01;1.464855e-02;2.441464e-02
1.593525e-02;4.128896e-02;4.475154e-01;1.551902e-02;2.770022e-02;4.568611e-03;5.136651e-02;1.248638e-02;4.138872e-02;3.219377e-01;7.981399e-03;1.231183e-02
2.172216e-02;3.640233e-02;4.211404e-01;1.403694e-02;2.281187e-02;3.248020e-03;5.480086e-02;1.096585e-02;4.078316e-02;3.531739e-01;1.507377e-02;5.840797e-03
2.534159e-02;2.304376e-02;4.255500e-01;1.825087e-02;2.154590e-02;3.538209e-03;6.995779e-02;1.005773e-02;2.271067e-02;3.589051e-01;1.574964e-02;5.348696e-03
3.599845e-02;1.809808e-02;4.310490e-01;2.174987e-02;1.967567e-02;4.048865e-03;8.896433e-02;1.055813e-02;2.367606e-02;3.235883e-01;1.671391e-02;5.879316e-03
5.007111e-02;2.100582e-02;3.941237e-01;4.547782e-02;1.878941e-02;8.872122e-03;8.929478e-02;1.266019e-02;5.477169e-02;2.530749e-01;4.543886e-02;6.419661e-03
6.010780e-02;1.663557e-02;3.377261e-01;7.187188e-02;1.789629e-02;9.433107e-03;7.133132e-02;1.249828e-02;1.045472e-01;2.205381e-01;7.213745e-02;5.276898e-03
5.515513e-02;1.479360e-02;3.040909e-01;9.232353e-02;1.732262e-02;8.137045e-03;4.779176e-02;9.429084e-03;1.307934e-01;2.152900e-01;1.003360e-01;4.536980e-03
3.122777e-02;2.093633e-02;2.928157e-01;1.159054e-01;1.815357e-02;1.064161e-02;3.262115e-02;1.535564e-02;1.162252e-01;2.011905e-01;1.399579e-01;4.969267e-03
2.164563e-02;2.243897e-02;3.602895e-01;1.161151e-01;3.057668e-02;2.079084e-02;5.237897e-02;1.767166e-02;6.498258e-02;1.374536e-01;1.467612e-01;8.895348e-03
3.939098e-02;2.850025e-02;3.987070e-01;8.407240e-02;4.058770e-02;2.140234e-02;5.597964e-02;1.658104e-02;3.545320e-02;1.421153e-01;1.209182e-01;1.629187e-02
6.473664e-02;5.791666e-02;4.001634e-01;4.982058e-02;3.036311e-02;1.276961e-02;5.591793e-02;1.316473e-02;4.423415e-02;1.684361e-01;8.231376e-02;2.016346e-02
8.262980e-02;8.174127e-02;3.446702e-01;4.994698e-02;2.234019e-02;1.167648e-02;6.731597e-02;2.210467e-02;4.026621e-02;1.883856e-01;6.953225e-02;1.939040e-02
6.681741e-02;7.158124e-02;2.668131e-01;5.466183e-02;2.319758e-02;1.446264e-02;7.412647e-02;2.078489e-02;4.125449e-02;2.826106e-01;6.369895e-02;1.999084e-02
3.767318e-02;3.145539e-02;2.270576e-01;5.579603e-02;2.909679e-02;1.626714e-02;1.152797e-01;1.804421e-02;3.310217e-02;3.366458e-01;8.178020e-02;1.780188e-02
3.814527e-02;2.035961e-02;2.090326e-01;4.517793e-02;3.913283e-02;2.757668e-02;1.377612e-01;1.648218e-02;2.836833e-02;3.222396e-01;1.038631e-01;1.186071e-02
4.950854e-02;3.376608e-02;1.980962e-01;3.155918e-02;4.115683e-02;2.790767e-02;1.681657e-01;1.956333e-02;2.856859e-02;3.003265e-01;8.920804e-02;1.217337e-02
4.297270e-02;3.470762e-02;1.748565e-01;4.070326e-02;2.684520e-02;2.327918e-02;1.845336e-01;3.078401e-02;3.701163e-02;3.099902e-01;7.335588e-02;2.096021e-02
5.341483e-02;3.032550e-02;1.415477e-01;5.424475e-02;4.467164e-02;2.307840e-02;1.620194e-01;2.283136e-02;4.599365e-02;3.228350e-01;7.725335e-02;2.178450e-02
4.800443e-02;3.391861e-02;1.717079e-01;5.792116e-02;4.781630e-02;1.987257e-02;1.487501e-01;1.814103e-02;6.233280e-02;3.006693e-01;7.537176e-02;1.549408e-02
4.231858e-02;3.614208e-02;2.302185e-01;5.433545e-02;4.391294e-02;2.187529e-02;1.446843e-01;3.146184e-02;5.495742e-02;2.398326e-01;8.129364e-02;1.896741e-02
5.510153e-02;5.120628e-02;2.540078e-01;4.616458e-02;4.840348e-02;3.176564e-02;1.269503e-01;3.768413e-02;4.344726e-02;1.762769e-01;1.086704e-01;2.032182e-02
6.758398e-02;3.575663e-02;3.214769e-01;4.148078e-02;6.391001e-02;3.800029e-02;1.425741e-01;3.278663e-02;2.585722e-02;1.342761e-01;8.026716e-02;1.603014e-02
5.161603e-02;6.688486e-02;3.709596e-01;5.738767e-02;6.825884e-02;4.442153e-02;1.706530e-01;2.765800e-02;2.672468e-02;6.468158e-02;3.695558e-02;1.379865e-02
3.561532e-02;9.452208e-02;4.373697e-01;5.303073e-02;4.457299e-02;4.439551e-02;1.416501e-01;2.376546e-02;4.245764e-02;5.229794e-02;2.237834e-02;7.944126e-03
3.749581e-02;1.452652e-01;4.428354e-01;3.437188e-02;2.023702e-02;6.968991e-02;7.570910e-02;1.746532e-02;7.832348e-02;4.627992e-02;2.324588e-02;9.081046e-03
9.398334e-02;1.942751e-01;3.440225e-01;2.449016e-02;4.010624e-02;8.677058e-02;2.981539e-02;1.070872e-02;1.040682e-01;4.135710e-02;2.061573e-02;9.786847e-03
1.388681e-01;1.841609e-01;2.788677e-01;2.305026e-02;8.673599e-02;5.580256e-02;6.187944e-02;1.186563e-02;7.065997e-02;5.150022e-02;2.007634e-02;1.653291e-02
1.337100e-01;1.756848e-01;2.120804e-01;3.166972e-02;1.418149e-01;3.234719e-02;1.078833e-01;2.389982e-02;3.962051e-02;5.313463e-02;2.205412e-02;2.610057e-02
1.733223e-01;1.610266e-01;1.513118e-01;6.260903e-02;1.137661e-01;2.846659e-02;1.188982e-01;6.457766e-02;2.759356e-02;4.890008e-02;1.276373e-02;3.676439e-02
2.582267e-01;1.357749e-01;9.257732e-02;7.527179e-02;4.116158e-02;3.022850e-02;1.252331e-01;1.249719e-01;2.449729e-02;3.419088e-02;1.385348e-02;4.401260e-02
2.538181e-01;7.216252e-02;7.170513e-02;5.981381e-02;3.565091e-02;2.770551e-02;1.571134e-01;2.145655e-01;1.904123e-02;2.284578e-02;1.039903e-02;5.517911e-02
1.880261e-01;1.770829e-02;7.085229e-02;5.407057e-02;2.306842e-02;2.826293e-02;2.227637e-01;2.662147e-01;2.860260e-02;2.221464e-02;7.631388e-03;7.058433e-02
1.674964e-01;2.665569e-02;4.115352e-02;6.367102e-02;1.401614e-02;2.967623e-02;2.922604e-01;2.286590e-01;1.602099e-02;2.427606e-02;9.688382e-03;8.642609e-02
1.344149e-01;2.725285e-02;3.167951e-02;7.517296e-02;1.657233e-02;2.712737e-02;3.604857e-01;1.868117e-01;1.085684e-02;2.590685e-02;1.171094e-02;9.200814e-02
7.782467e-02;1.641479e-02;3.562869e-02;9.373217e-02;1.518216e-02;2.456776e-02;4.205730e-01;1.855679e-01;5.469175e-03;2.686493e-02;9.720514e-03;8.845428e-02
3.241910e-02;1.647202e-02;3.613533e-02;1.260635e-01;1.069321e-02;2.377929e-02;4.489112e-01;1.832874e-01;5.665699e-03;2.750355e-02;1.089529e-02;7.817446e-02
3.319769e-02;1.629845e-02;2.744031e-02;1.748820e-01;2.377377e-02;3.132227e-02;4.173913e-01;1.507123e-01;7.939734e-03;2.386746e-02;1.665659e-02;7.651815e-02
5.300352e-02;1.654335e-02;3.665626e-02;2.340373e-01;2.997001e-02;3.284674e-02;3.447262e-01;9.900390e-02;7.780901e-03;2.589180e-02;1.612749e-02;1.034125e-01
1.191465e-01;2.836987e-02;4.879043e-02;2.560954e-01;1.977479e-02;3.787773e-02;2.406337e-01;4.425804e-02;9.114593e-03;4.238304e-02;2.598836e-02;1.275676e-01
1.749151e-01;2.486830e-02;4.963325e-02;2.237306e-01;5.660280e-02;5.617807e-02;1.620941e-01;2.105760e-02;2.275280e-02;5.114406e-02;3.217675e-02;1.248466e-01
2.468982e-01;5.274232e-02;7.610451e-02;1.397582e-01;6.141653e-02;5.429618e-02;1.105952e-01;3.406603e-02;3.269492e-02;3.811217e-02;3.442215e-02;1.188936e-01
2.872822e-01;5.360784e-02;8.779962e-02;5.361828e-02;4.132203e-02;4.518369e-02;1.434827e-01;6.401888e-02;3.127605e-02;2.607663e-02;3.406408e-02;1.322679e-01
2.236368e-01;3.741481e-02;7.576136e-02;6.893820e-02;1.972877e-02;3.846679e-02;1.912082e-01;1.045461e-01;2.697299e-02;3.584512e-02;4.784203e-02;1.296389e-01
1.574223e-01;5.372964e-02;7.248598e-02;9.340988e-02;3.563618e-02;3.998683e-02;1.766642e-01;1.313668e-01;3.126468e-02;5.703171e-02;4.867826e-02;1.023235e-01
1.438602e-01;6.796920e-02;6.472098e-02;9.525365e-02;4.922369e-02;4.842539e-02;1.644737e-01;1.330030e-01;3.762822e-02;5.701077e-02;4.446256e-02;9.396862e-02
1.595952e-01;4.982044e-02;5.856393e-02;9.945567e-02;3.542822e-02;5.119423e-02;1.515132e-01;1.452607e-01;3.896324e-02;4.814899e-02;5.078164e-02;1.112746e-01
1.269595e-01;5.000594e-02;6.593911e-02;1.215706e-01;1.897028e-02;3.619302e-02;2.208203e-01;1.344724e-01;2.730493e-02;3.288376e-02;5.939904e-02;1.054811e-01
7.781498e-02;5.027966e-02;7.700859e-02;1.324868e-01;3.134983e-02;3.007682e-02;2.769365e-01;1.225104e-01;2.222629e-02;2.770412e-02;5.178538e-02;9.982061e-02
3.865723e-02;5.596244e-02;5.886403e-02;1.435326e-01;4.555897e-02;2.893518e-02;3.216079e-01;1.133921e-01;3.055074e-02;2.083425e-02;3.510933e-02;1.069952e-01
7.695788e-02;7.461675e-02;6.652255e-02;1.130398e-01;3.864136e-02;4.204072e-02;2.492677e-01;1.078831e-01;6.684223e-02;4.415018e-02;2.940002e-02;9.063774e-02
1.150614e-01;7.630436e-02;8.765409e-02;8.676996e-02;2.616527e-02;4.876271e-02;1.908259e-01;1.025278e-01;8.276869e-02;6.315841e-02;3.214121e-02;8.786012e-02
1.391742e-01;4.699191e-02;9.143186e-02;8.181296e-02;4.506095e-02;4.116191e-02;1.644630e-01;1.132485e-01;6.466603e-02;6.908952e-02;3.329949e-02;1.095996e-01
1.319342e-01;4.171737e-02;7.138532e-02;8.479328e-02;6.358000e-02;3.468909e-02;1.966413e-01;1.130008e-01;3.437915e-02;6.379240e-02;2.995223e-02;1.341349e-01
6.258119e-02;6.271472e-02;1.635724e-01;7.799237e-02;9.509435e-02;6.594212e-02;2.043937e-01;6.052899e-02;2.470652e-02;5.489920e-02;3.342767e-02;9.414683e-02
9.733561e-02;1.005567e-01;2.292875e-01;5.094695e-02;8.445689e-02;6.462374e-02;1.738611e-01;6.628674e-02;5.997726e-02;3.562934e-02;1.478624e-02;2.225188e-02
1.304269e-01;1.526770e-01;2.105217e-01;3.876167e-02;6.638553e-02;5.284664e-02;1.294709e-01;6.739722e-02;9.735519e-02;3.325990e-02;9.220657e-03;1.167678e-02
1.948132e-01;2.295662e-01;1.728169e-01;2.347154e-02;3.735634e-02;3.383417e-02;7.192001e-02;4.230189e-02;1.457994e-01;3.240243e-02;5.726321e-03;9.991639e-03
2.414218e-01;2.730084e-01;1.322631e-01;1.284178e-02;2.575620e-02;1.661594e-02;3.066781e-02;4.463687e-02;1.679650e-01;3.611963e-02;5.065603e-03;1.363784e-02
2.596473e-01;2.917844e-01;1.085285e-01;8.635687e-03;1.690456e-02;1.091331e-02;1.962199e-02;3.849190e-02;1.764255e-01;5.079832e-02;5.309837e-03;1.293874e-02
2.512310e-01;3.092375e-01;9.389797e-02;8.151644e-03;1.306132e-02;9.983884e-03;1.715177e-02;4.005228e-02;1.853078e-01;5.623029e-02;6.147485e-03;9.547129e-03
2.005980e-01;3.214430e-01;1.090713e-01;9.307325e-03;1.429661e-02;1.683430e-02;1.970778e-02;3.382561e-02;2.178444e-01;4.197676e-02;5.127351e-03;9.967561e-03
1.464743e-01;3.371347e-01;1.361479e-01;1.113967e-02;8.371607e-03;2.208503e-02;1.005935e-02;1.582084e-02;2.564125e-01;4.516607e-02;3.990558e-03;7.197373e-03
1.008003e-01;2.907009e-01;2.422084e-01;1.077002e-02;6.312052e-03;1.797041e-02;1.419651e-02;5.122087e-03;2.232725e-01;7.220665e-02;6.597069e-03;9.843155e-03
5.668492e-02;1.872577e-01;3.948178e-01;1.389644e-02;6.688257e-03;7.547030e-03;1.894664e-02;9.031854e-03;1.570273e-01;1.287733e-01;1.062049e-02;8.708230e-03
2.330408e-02;7.542071e-02;5.052491e-01;2.964982e-02;1.343475e-02;9.833897e-03;1.917242e-02;1.317700e-02;8.471461e-02;1.919046e-01;2.903616e-02;5.102921e-03
2.134801e-02;4.138387e-02;4.438525e-01;7.275199e-02;1.995105e-02;8.898824e-03;2.533877e-02;1.319108e-02;8.709758e-02;1.852992e-01;7.431503e-02;6.572177e-03
2.529208e-02;3.050632e-02;3.275676e-01;1.547490e-01;2.501248e-02;1.160545e-02;2.919153e-02;8.324093e-03;1.092869e-01;1.040704e-01;1.662253e-01;8.168766e-03
1.512371e-02;2.779939e-02;2.592429e-01;2.153496e-01;4.441988e-02;1.412120e-02;2.887156e-02;1.975168e-02;6.740138e-02;4.088334e-02;2.576050e-01;9.430331e-03
1.102065e-02;3.446734e-02;1.968696e-01;2.489148e-01;5.737615e-02;1.987983e-02;2.299493e-02;3.293948e-02;2.379446e-02;2.295926e-02;3.148841e-01;1.389940e-02
9.959698e-03;2.397546e-02;1.417673e-01;2.686689e-01;7.281249e-02;2.055961e-02;1.909688e-02;5.979583e-02;1.387965e-02;1.632196e-02;3.312455e-01;2.191667e-02
8.700202e-03;2.243416e-02;2.748156e-01;2.253049e-01;6.068804e-02;2.256149e-02;1.672523e-02;5.680214e-02;3.521809e-02;1.683536e-02;2.420688e-01;1.784594e-02
8.318047e-03;1.080589e-02;3.497461e-01;2.073869e-01;5.198900e-02;2.290417e-02;1.974754e-02;5.220071e-02;5.144358e-02;1.217157e-02;2.070987e-01;6.187692e-03
2.018353e-02;1.731551e-02;3.891764e-01;1.630017e-01;4.624195e-02;1.987380e-02;2.190997e-02;3.933694e-02;5.830760e-02;3.360900e-02;1.842977e-01;6.745887e-03
3.912193e-02;6.826861e-02;4.121119e-01;9.798179e-02;3.290876e-02;1.439317e-02;3.065337e-02;2.191208e-02;5.454585e-02;4.682703e-02;1.712063e-01;1.006916e-02
5.389535e-02;1.295573e-01;4.510020e-01;6.255404e-02;1.968418e-02;1.486953e-02;2.413304e-02;2.461392e-02;5.068372e-02;2.579911e-02;1.377641e-01;5.443637e-03
4.153030e-02;1.604013e-01;4.720995e-01;4.730102e-02;2.677778e-02;2.203783e-02;1.287006e-02;3.859892e-02;4.893029e-02;2.210621e-02;9.968793e-02;7.658767e-03
6.271365e-02;1.954457e-01;4.292817e-01;3.873362e-02;2.423812e-02;1.927456e-02;2.002528e-02;4.804442e-02;4.418401e-02;3.292828e-02;8.019719e-02;4.933396e-03
1.259635e-01;2.205994e-01;3.821428e-01;3.526225e-02;1.670013e-02;1.137820e-02;1.728107e-02;5.480515e-02;2.718902e-02;3.893385e-02;6.166297e-02;8.081583e-03
2.069643e-01;1.867146e-01;3.338979e-01;4.202107e-02;2.148785e-02;1.567166e-02;1.641696e-02;5.829705e-02;1.172206e-02;3.943106e-02;5.209860e-02;1.527696e-02
2.667052e-01;1.525844e-01;2.389036e-01;5.570815e-02;3.085051e-02;1.363818e-02;2.159567e-02;6.616674e-02;3.022847e-02;2.969150e-02;6.843525e-02;2.549231e-02
2.609351e-01;1.396172e-01;1.587507e-01;5.578215e-02;2.965764e-02;2.358968e-02;4.985994e-02;6.598511e-02;4.154021e-02;3.427481e-02;1.030083e-01;3.699904e-02
1.640486e-01;8.483055e-02;2.489877e-01;3.876131e-02;2.502730e-02;3.780042e-02;9.912462e-02;5.704568e-02;4.162613e-02;4.908266e-02;1.138049e-01;3.986011e-02
1.438163e-01;6.799909e-02;2.643537e-01;2.222487e-02;4.374487e-02;3.004452e-02;9.629434e-02;6.909045e-02;5.660852e-02;4.948036e-02;1.166367e-01;3.970629e-02
1.890774e-01;1.059327e-01;1.721852e-01;4.305522e-02;4.578597e-02;2.723721e-02;5.575448e-02;8.793363e-02;5.716665e-02;4.770008e-02;1.252511e-01;4.292043e-02
1.772326e-01;1.017849e-01;1.288224e-01;7.035342e-02;4.042267e-02;3.634191e-02;6.290495e-02;9.490044e-02;5.892975e-02;5.088212e-02;1.308447e-01;4.658007e-02
1.122322e-01;5.089286e-02;2.247264e-01;1.069305e-01;3.462581e-02;2.697641e-02;7.731766e-02;7.727043e-02;7.996167e-02;6.661151e-02;1.049719e-01;3.748261e-02
9.147071e-02;7.910518e-02;2.191566e-01;1.132216e-01;4.842266e-02;1.942709e-02;7.715273e-02;5.344630e-02;9.026086e-02;8.466082e-02;8.767238e-02;3.600311e-02
1.089376e-01;8.335268e-02;1.410304e-01;8.642916e-02;6.330393e-02;4.623557e-02;8.421632e-02;4.756723e-02;8.440988e-02;1.138364e-01;9.505470e-02;4.562625e-02
9.982143e-02;6.422129e-02;2.164083e-01;5.402025e-02;3.888860e-02;5.643324e-02;8.894902e-02;4.960478e-02;6.467533e-02;1.048991e-01;1.242329e-01;3.784582e-02
1.015200e-01;8.881066e-02;1.518775e-01;7.486202e-02;4.297594e-02;7.219557e-02;7.784618e-02;5.479418e-02;5.480454e-02;9.666045e-02;1.462798e-01;3.737310e-02
1.055321e-01;9.827500e-02;1.575894e-01;8.689903e-02;3.795551e-02;7.350592e-02;5.519580e-02;8.217669e-02;5.413380e-02;9.559200e-02;1.259923e-01;2.715245e-02
6.935205e-02;9.463191e-02;2.651413e-01;6.588674e-02;3.967269e-02;6.751517e-02;6.286968e-02;7.952332e-02;5.713753e-02;6.571433e-02;9.823094e-02;3.432436e-02
1.173967e-01;1.069429e-01;2.363972e-01;4.544870e-02;3.553796e-02;5.101813e-02;7.219660e-02;6.837427e-02;4.816867e-02;7.981493e-02;9.578466e-02;4.291941e-02
1.233805e-01;9.174950e-02;1.904351e-01;5.429371e-02;5.388390e-02;3.743311e-02;9.973443e-02;8.319212e-02;7.078864e-02;8.477473e-02;6.432305e-02;4.601128e-02
9.686951e-02;7.196906e-02;1.730637e-01;9.956497e-02;6.598941e-02;4.323053e-02;1.047635e-01;8.691137e-02;6.654811e-02;8.859675e-02;5.662701e-02;4.586615e-02
1.043853e-01;5.924237e-02;1.675864e-01;1.110226e-01;7.060593e-02;6.349018e-02;9.450966e-02;7.321133e-02;6.931544e-02;6.828826e-02;8.205331e-02;3.628919e-02
1.228070e-01;8.812294e-02;1.944057e-01;8.916003e-02;5.099323e-02;4.615763e-02;5.745765e-02;6.050413e-02;7.983115e-02;6.879058e-02;1.141807e-01;2.758938e-02
1.134305e-01;8.254835e-02;2.066545e-01;7.261656e-02;4.067884e-02;3.117772e-02;8.555283e-02;5.156324e-02;8.849816e-02;7.573900e-02;1.070541e-01;4.448624e-02
1.057413e-01;7.036374e-02;1.982352e-01;7.557995e-02;4.816972e-02;3.522911e-02;1.341436e-01;5.345459e-02;9.113864e-02;6.100201e-02;7.486072e-02;5.208138e-02
1.338232e-01;7.920119e-02;1.527084e-01;6.762829e-02;7.027908e-02;3.717555e-02;1.482202e-01;4.527186e-02;7.778436e-02;6.362899e-02;7.163992e-02;5.263891e-02
1.556598e-01;8.572091e-02;1.263651e-01;3.989444e-02;7.286303e-02;3.442596e-02;1.086106e-01;6.789391e-02;7.739294e-02;9.435699e-02;6.963514e-02;6.718126e-02
1.313167e-01;7.768177e-02;1.434647e-01;5.048515e-02;6.402521e-02;4.811287e-02;1.070836e-01;1.006430e-01;6.781423e-02;9.733004e-02;4.770267e-02;6.434012e-02
1.079365e-01;7.468814e-02;9.158048e-02;8.662978e-02;7.652548e-02;4.782637e-02;1.053722e-01;1.205442e-01;4.169814e-02;8.007360e-02;7.234106e-02;9.478398e-02
7.794753e-02;5.671316e-02;1.315205e-01;6.637562e-02;9.698154e-02;5.068541e-02;1.331068e-01;9.417053e-02;7.430720e-02;6.993749e-02;5.801024e-02;9.024391e-02
8.351535e-02;7.227595e-02;1.379713e-01;6.876112e-02;8.997080e-02;5.805548e-02;1.530361e-01;6.902098e-02;9.079502e-02;8.076852e-02;3.741384e-02;5.841548e-02
9.203144e-02;9.638992e-02;1.237148e-01;5.732981e-02;5.810086e-02;8.458184e-02;1.574783e-01;5.722863e-02;8.370601e-02;6.596780e-02;6.970429e-02;5.376629e-02
1.043476e-01;1.060607e-01;1.079398e-01;5.288307e-02;4.586348e-02;7.868066e-02;1.183091e-01;6.197137e-02;8.794757e-02;5.838479e-02;9.394541e-02;8.366643e-02
1.219869e-01;1.093875e-01;1.312143e-01;3.979108e-02;6.176082e-02;7.346349e-02;8.596640e-02;5.035555e-02;9.775019e-02;5.230812e-02;9.350821e-02;8.250743e-02
1.389882e-01;7.622814e-02;1.532657e-01;3.900012e-02;4.945407e-02;7.563033e-02;9.149934e-02;3.718992e-02;8.206432e-02;6.850233e-02;7.259723e-02;1.155804e-01
1.935896e-01;6.877943e-02;1.078391e-01;6.219744e-02;4.128124e-02;7.507968e-02;1.042038e-01;4.522997e-02;4.764964e-02;7.683496e-02;6.554609e-02;1.117690e-01
1.886193e-01;7.965304e-02;5.590572e-02;7.248405e-02;5.683840e-02;7.852422e-02;1.463294e-01;6.742548e-02;5.715572e-02;7.144851e-02;6.633695e-02;5.927913e-02
1.485370e-01;5.256530e-02;1.005945e-01;7.034311e-02;6.527723e-02;4.846031e-02;1.306850e-01;9.059892e-02;8.708662e-02;7.091178e-02;6.330447e-02;7.163578e-02
1.262633e-01;5.648679e-02;1.510617e-01;7.198709e-02;5.481545e-02;4.367432e-02;1.035723e-01;1.137908e-01;7.391065e-02;8.269252e-02;4.159686e-02;8.014812e-02
1.076730e-01;8.567806e-02;1.669638e-01;6.227863e-02;5.806426e-02;5.557900e-02;1.072773e-01;1.205833e-01;5.049142e-02;9.472494e-02;3.485091e-02;5.583523e-02
7.190170e-02;8.422998e-02;1.176665e-01;7.118529e-02;7.102940e-02;8.481805e-02;1.676393e-01;1.065895e-01;6.466912e-02;8.027984e-02;5.021201e-02;2.977933e-02
1.061429e-01;5.757638e-02;1.682344e-01;5.826133e-02;6.413255e-02;7.244081e-02;1.697603e-01;8.598576e-02;6.322408e-02;6.849903e-02;4.437613e-02;4.136633e-02
1.299258e-01;6.650691e-02;2.188827e-01;4.420659e-02;4.342808e-02;6.254023e-02;1.649029e-01;6.700148e-02;4.111429e-02;5.958240e-02;4.464528e-02;5.726337e-02
1.283446e-01;7.392677e-02;1.581271e-01;5.320470e-02;7.594426e-02;4.372451e-02;1.796338e-01;4.710286e-02;5.093434e-02;5.764483e-02;6.415645e-02;6.725580e-02
1.421182e-01;8.836745e-02;1.455216e-01;8.467200e-02;9.211936e-02;3.702088e-02;1.513120e-01;4.251939e-02;4.847713e-02;6.297903e-02;5.512796e-02;4.976496e-02
1.218908e-01;9.374100e-02;1.732753e-01;8.789314e-02;9.140387e-02;3.238872e-02;1.384070e-01;6.224558e-02;7.467741e-02;6.239159e-02;4.401452e-02;1.767109e-02
8.720643e-02;9.463941e-02;1.251283e-01;8.754245e-02;8.596402e-02;4.976500e-02;1.182764e-01;8.178344e-02;8.170203e-02;7.396688e-02;6.423327e-02;4.979229e-02
5.674919e-02;9.725642e-02;1.553699e-01;9.453826e-02;6.248395e-02;5.783702e-02;8.839654e-02;8.537927e-02;7.770445e-02;7.816693e-02;7.002039e-02;7.609765e-02
6.012246e-02;1.276022e-01;1.549957e-01;5.851956e-02;3.528318e-02;7.137728e-02;6.713066e-02;4.566984e-02;9.688433e-02;9.689952e-02;7.682953e-02;1.086858e-01
1.109660e-01;1.500071e-01;1.066858e-01;4.055665e-02;6.258474e-02;5.533605e-02;3.179351e-02;4.762001e-02;1.269185e-01;8.408370e-02;7.823452e-02;1.052134e-01
1.355912e-01;1.274072e-01;1.086774e-01;4.283790e-02;8.798425e-02;4.866930e-02;2.593952e-02;6.367461e-02;1.533705e-01;7.124878e-02;5.900335e-02;7.559589e-02
1.138611e-01;1.344841e-01;1.142232e-01;4.302724e-02;9.891192e-02;3.778933e-02;4.883115e-02;7.114135e-02;1.267219e-01;6.568345e-02;6.971011e-02;7.561520e-02
9.744556e-02;1.581022e-01;1.073436e-01;6.765771e-02;9.334502e-02;4.305113e-02;9.392011e-02;7.184474e-02;7.078756e-02;6.376746e-02;6.853515e-02;6.419968e-02
9.136514e-02;1.290829e-01;8.507472e-02;6.036326e-02;1.044004e-01;4.831228e-02;1.610720e-01;7.317137e-02;4.661762e-02;7.511165e-02;6.725647e-02;5.817224e-02
8.417131e-02;8.369558e-02;7.703060e-02;6.354196e-02;8.968885e-02;5.389519e-02;1.972129e-01;6.750698e-02;5.475184e-02;7.893668e-02;6.501973e-02;8.454835e-02
9.842283e-02;6.690077e-02;1.217890e-01;7.169207e-02;7.187659e-02;5.747385e-02;1.765386e-01;6.267237e-02;4.517363e-02;8.602880e-02;6.254111e-02;7.889036e-02
8.949900e-02;6.383399e-02;1.102966e-01;6.851615e-02;9.830032e-02;6.145792e-02;1.280628e-01;8.102997e-02;8.207098e-02;1.139738e-01;5.788470e-02;4.507379e-02
8.033387e-02;6.838770e-02;7.681163e-02;4.068373e-02;6.269605e-02;5.430115e-02;1.372125e-01;8.775354e-02;1.412739e-01;1.015663e-01;7.526186e-02;7.371768e-02
7.772011e-02;8.231371e-02;8.454614e-02;4.109027e-02;6.249475e-02;5.660686e-02;1.197055e-01;1.073346e-01;1.146181e-01;1.236175e-01;5.237944e-02;7.757299e-02
8.772352e-02;8.333524e-02;8.705336e-02;5.350896e-02;5.846274e-02;4.858701e-02;1.438105e-01;6.881713e-02;9.843868e-02;1.569447e-01;3.030532e-02;8.301292e-02
1.122062e-01;7.640551e-02;5.827586e-02;4.791766e-02;5.000322e-02;2.845905e-02;1.689698e-01;7.950437e-02;1.200357e-01;1.477318e-01;3.155227e-02;7.893851e-02
1.686489e-01;6.805675e-02;4.790611e-02;3.370662e-02;5.212888e-02;1.355838e-02;1.509961e-01;2.018913e-01;5.362777e-02;1.055958e-01;4.597037e-02;5.791308e-02
2.011905e-01;9.122467e-02;5.510959e-02;1.680025e-02;5.326278e-02;9.055748e-03;9.290740e-02;2.586221e-01;9.405777e-02;5.044269e-02;4.770113e-02;2.962551e-02
1.919156e-01;1.571105e-01;8.223631e-02;7.965719e-03;3.615452e-02;5.875860e-03;3.724267e-02;2.122030e-01;1.785712e-01;4.037270e-02;3.827737e-02;1.207454e-02
1.607232e-01;2.013447e-01;1.110659e-01;1.322075e-02;1.876847e-02;1.779657e-02;4.676345e-02;1.261025e-01;2.237248e-01;3.658012e-02;3.443564e-02;9.473925e-03
1.684337e-01;2.342588e-01;1.291061e-01;1.556738e-02;1.180254e-02;2.599435e-02;5.185174e-02;9.682764e-02;2.122190e-01;2.688552e-02;2.018432e-02;6.868988e-03
1.948199e-01;2.601261e-01;1.334687e-01;1.937758e-02;8.270398e-03;4.236641e-02;3.970766e-02;7.970112e-02;1.738716e-01;2.671825e-02;6.453565e-03;1.511859e-02
1.985468e-01;2.712708e-01;1.663708e-01;2.057469e-02;9.336808e-03;5.372027e-02;3.234809e-02;6.551865e-02;1.244877e-01;2.479395e-02;1.145112e-02;2.158035e-02
1.824225e-01;2.810904e-01;2.548243e-01;1.760377e-02;1.680909e-02;4.231108e-02;2.291031e-02;4.415065e-02;8.356246e-02;1.587699e-02;1.429796e-02;2.414051e-02
1.361440e-01;2.634518e-01;3.349378e-01;1.669943e-02;2.071743e-02;4.181542e-02;1.537220e-02;4.522153e-02;7.149179e-02;2.425708e-02;1.246338e-02;1.742820e-02
9.602555e-02;2.466022e-01;3.306175e-01;1.631327e-02;1.616928e-02;5.289065e-02;2.417095e-02;5.977599e-02;9.773746e-02;2.904580e-02;2.015701e-02;1.049432e-02
1.579025e-01;2.419571e-01;3.002450e-01;1.659779e-02;1.026128e-02;3.058295e-02;2.384089e-02;6.136737e-02;9.750406e-02;2.420123e-02;1.952990e-02;1.601000e-02
2.220954e-01;2.013148e-01;2.286319e-01;2.110870e-02;2.742310e-02;3.100892e-02;2.352270e-02;6.256218e-02;1.043213e-01;3.323300e-02;1.789089e-02;2.688717e-02
1.936591e-01;1.612377e-01;1.397134e-01;2.903218e-02;5.093268e-02;3.801746e-02;5.978995e-02;9.630390e-02;1.103443e-01;4.466933e-02;3.255004e-02;4.375004e-02
6.747852e-02;1.344258e-01;9.012739e-02;3.958585e-02;7.136935e-02;4.617405e-02;1.026979e-01;1.538709e-01;1.301805e-01;4.784757e-02;5.412329e-02;6.211882e-02
1.284741e-01;1.017263e-01;1.675349e-01;3.712631e-02;4.284057e-02;5.608859e-02;8.256317e-02;1.108901e-01;1.432038e-01;4.336650e-02;2.846553e-02;5.772007e-02
1.729166e-01;1.016881e-01;2.230601e-01;3.052049e-02;2.710554e-02;5.185639e-02;6.066801e-02;5.959858e-02;1.415554e-01;5.024634e-02;2.416529e-02;5.661915e-02
1.857496e-01;1.128843e-01;2.599563e-01;2.977246e-02;2.073891e-02;4.143637e-02;3.823815e-02;5.323851e-02;1.382205e-01;4.395587e-02;2.426868e-02;5.154037e-02
1.679543e-01;1.006855e-01;2.803949e-01;2.526408e-02;3.232699e-02;5.643343e-02;3.935601e-02;6.075718e-02;1.414699e-01;3.429164e-02;3.524707e-02;2.581906e-02
1.411301e-01;8.112459e-02;2.241888e-01;3.232045e-02;5.745164e-02;8.369304e-02;8.609648e-02;5.382622e-02;1.280212e-01;3.710980e-02;4.241431e-02;3.262341e-02
1.044837e-01;8.013597e-02;1.767892e-01;3.861684e-02;7.541417e-02;8.386066e-02;1.127683e-01;6.432438e-02;1.262599e-01;4.660238e-02;3.886294e-02;5.188153e-02
3.750796e-02;5.438773e-02;1.845257e-01;6.590017e-02;9.878267e-02;7.921649e-02;1.428221e-01;5.896397e-02;1.051803e-01;4.395034e-02;6.348240e-02;6.528015e-02
2.911651e-02;3.800579e-02;1.924499e-01;1.202601e-01;1.177733e-01;6.758464e-02;1.188989e-01;7.133545e-02;5.750364e-02;2.733280e-02;9.181909e-02;6.791980e-02
1.605014e-02;3.130775e-02;1.575287e-01;1.937024e-01;1.296474e-01;5.250211e-02;7.517598e-02;9.087256e-02;2.838038e-02;1.564671e-02;1.407278e-01;6.845810e-02
5.544624e-03;3.337188e-02;1.514467e-01;2.767943e-01;1.002239e-01;3.032016e-02;2.210143e-02;1.011772e-01;2.052857e-02;1.994543e-02;2.010434e-01;3.750240e-02
1.653673e-02;3.772916e-02;1.479103e-01;2.863821e-01;1.004481e-01;2.450051e-02;1.051774e-02;9.377396e-02;1.788770e-02;3.139657e-02;1.979476e-01;3.496945e-02
1.523220e-02;3.653885e-02;1.256563e-01;2.447942e-01;1.290243e-01;2.417696e-02;9.800395e-03;8.106239e-02;1.497191e-02;6.112653e-02;1.661140e-01;9.150201e-02
1.298495e-02;2.575703e-02;1.074330e-01;1.733535e-01;1.722199e-01;2.423833e-02;2.286386e-02;5.243387e-02;1.751597e-02;7.886259e-02;1.334842e-01;1.788528e-01
1.412669e-02;1.705231e-02;7.757805e-02;8.941078e-02;2.475145e-01;2.892236e-02;2.344422e-02;2.212184e-02;3.477312e-02;5.536167e-02;1.048980e-01;2.847964e-01
1.318019e-02;1.353448e-02;6.037360e-02;5.769579e-02;2.838680e-01;3.090765e-02;1.688070e-02;1.171846e-02;6.853837e-02;2.450794e-02;5.742211e-02;3.613726e-01
3.814866e-02;8.261872e-03;6.577627e-02;4.744421e-02;2.400682e-01;5.058596e-02;3.183602e-02;1.289694e-02;8.772980e-02;1.498708e-02;3.022305e-02;3.720420e-01
1.138386e-01;5.213705e-03;6.086739e-02;3.931741e-02;1.621640e-01;8.938413e-02;5.124873e-02;1.971308e-02;7.340319e-02;1.972301e-02;4.113248e-02;3.239942e-01
2.393745e-01;6.490285e-03;3.937078e-02;3.195171e-02;1.141957e-01;1.528691e-01;9.030163e-02;3.193749e-02;5.289285e-02;4.032429e-02;2.612021e-02;1.741715e-01
3.011757e-01;9.162157e-03;3.286532e-02;3.028807e-02;1.000227e-01;2.052472e-01;1.377166e-01;3.500800e-02;2.976835e-02;5.731189e-02;1.543340e-02;4.600063e-02
2.476323e-01;1.918574e-02;3.338133e-02;4.341142e-02;8.122507e-02;2.350719e-01;1.935504e-01;3.186009e-02;1.314739e-02;6.160577e-02;4.305957e-03;3.562259e-02
1.334237e-01;3.016616e-02;3.753825e-02;5.560483e-02;9.417251e-02;2.499633e-01;2.579255e-01;3.062130e-02;2.049912e-02;4.752540e-02;6.350724e-03;3.620917e-02
1.241007e-01;4.368345e-02;3.868380e-02;5.650353e-02;1.097900e-01;2.123986e-01;2.738338e-01;3.956383e-02;3.048953e-02;2.825959e-02;6.093593e-03;3.659960e-02
1.086549e-01;3.947111e-02;3.424073e-02;4.161796e-02;1.165233e-01;1.642800e-01;3.198909e-01;4.444575e-02;3.061834e-02;3.584699e-02;7.665920e-03;5.674404e-02
8.642015e-02;1.877240e-02;2.239520e-02;3.101452e-02;1.142500e-01;1.808485e-01;3.937486e-01;2.847111e-02;1.885340e-02;4.160209e-02;1.058556e-02;5.303851e-02
7.150884e-02;1.125838e-02;2.184455e-02;2.955727e-02;1.260322e-01;2.270962e-01;3.771921e-01;3.171326e-02;2.262816e-02;4.161255e-02;7.527398e-03;3.202915e-02
5.329782e-02;1.570698e-02;3.528449e-02;4.717012e-02;1.136331e-01;2.417842e-01;3.397708e-01;3.073023e-02;2.481560e-02;3.343446e-02;1.456369e-02;4.980851e-02
6.444366e-02;1.672262e-02;3.208201e-02;5.574851e-02;9.658320e-02;2.396909e-01;3.519367e-01;2.827007e-02;1.507028e-02;3.143384e-02;1.352079e-02;5.449738e-02
7.744611e-02;1.766918e-02;2.516332e-02;4.299512e-02;1.143000e-01;2.671516e-01;3.537416e-01;1.903124e-02;1.323036e-02;3.434068e-02;4.500820e-03;3.043007e-02
9.365065e-02;1.606963e-02;3.804982e-02;3.413885e-02;1.177199e-01;2.981813e-01;3.134003e-01;1.377175e-02;1.755333e-02;3.537450e-02;1.209498e-02;9.994924e-03
1.042889e-01;1.422435e-02;4.186324e-02;2.895018e-02;1.334528e-01;2.971159e-01;2.416780e-01;2.016444e-02;2.202001e-02;2.931589e-02;1.059439e-02;5.633177e-02
9.454652e-02;1.225701e-02;7.536025e-02;4.274789e-02;1.959115e-01;2.426471e-01;1.522950e-01;2.142520e-02;3.002811e-02;2.535616e-02;8.044777e-03;9.938046e-02
8.877110e-02;9.276033e-03;1.957636e-01;8.630736e-02;2.180539e-01;1.664193e-01;2.435704e-02;1.615709e-02;3.287214e-02;1.976498e-02;1.389025e-02;1.283671e-01
7.028575e-02;1.983320e-02;2.885016e-01;9.186423e-02;1.237832e-01;1.117317e-01;8.753321e-02;1.843798e-02;2.383276e-02;2.854945e-02;1.274895e-02;1.228979e-01
6.101386e-02;4.185968e-02;3.459738e-01;7.235762e-02;6.163514e-02;1.125778e-01;9.978666e-02;2.203006e-02;2.463204e-02;3.148723e-02;2.088369e-02;1.057624e-01
6.922705e-02;5.958523e-02;2.916033e-01;6.087746e-02;1.036447e-01;1.287619e-01;1.021342e-01;3.767845e-02;3.286686e-02;2.791697e-02;2.114812e-02;6.455578e-02
7.859422e-02;6.460281e-02;2.675985e-01;3.911535e-02;1.236525e-01;1.495327e-01;8.585513e-02;3.933755e-02;5.340924e-02;3.170011e-02;2.173539e-02;4.486654e-02
5.399188e-02;5.045765e-02;3.789723e-01;5.240738e-02;8.911522e-02;1.225452e-01;8.230106e-02;2.386050e-02;4.182605e-02;3.724286e-02;1.952309e-02;4.775681e-02
4.410940e-02;3.234527e-02;3.901506e-01;8.578530e-02;7.832233e-02;9.817353e-02;8.015082e-02;1.514113e-02;4.686743e-02;4.613301e-02;3.944907e-02;4.337215e-02
3.783378e-02;2.347066e-02;2.850413e-01;1.354755e-01;1.452397e-01;8.616361e-02;5.740508e-02;2.896059e-02;5.205304e-02;3.942687e-02;5.725398e-02;5.167590e-02
2.807397e-02;2.495726e-02;1.487779e-01;1.435531e-01;2.187921e-01;7.927832e-02;5.823891e-02;3.789800e-02;5.365472e-02;3.194696e-02;3.803916e-02;1.367896e-01
1.984029e-02;3.563739e-02;8.482740e-02;1.317285e-01;2.477053e-01;5.654632e-02;4.659246e-02;2.292355e-02;4.196355e-02;3.100875e-02;5.270616e-02;2.285203e-01
2.008563e-02;7.635759e-02;1.219238e-01;1.408714e-01;1.694614e-01;2.967747e-02;3.748967e-02;2.734255e-02;2.675288e-02;4.522675e-02;1.146371e-01;1.901737e-01
1.647801e-02;1.229575e-01;1.294887e-01;1.708145e-01;1.139449e-01;2.551961e-02;1.831104e-02;4.588278e-02;2.224441e-02;5.147147e-02;1.542450e-01;1.286422e-01
1.510689e-02;1.818078e-01;1.094113e-01;1.874423e-01;9.369160e-02;3.328545e-02;1.433917e-02;5.488050e-02;1.492939e-02;4.576650e-02;1.799151e-01;6.942411e-02
1.211275e-02;2.299504e-01;1.027048e-01;1.857088e-01;9.363429e-02;3.493272e-02;2.072556e-02;5.249788e-02;1.174654e-02;5.011802e-02;1.833601e-01;2.250816e-02
1.461030e-02;2.032708e-01;1.249958e-01;1.562968e-01;1.110842e-01;3.476512e-02;1.798934e-02;3.560679e-02;1.769705e-02;8.237150e-02;1.555265e-01;4.578578e-02
1.252077e-02;1.321211e-01;1.477821e-01;1.547244e-01;1.578925e-01;3.686259e-02;1.724925e-02;3.216165e-02;2.079632e-02;1.192569e-01;1.036517e-01;6.498068e-02
1.475160e-02;1.027358e-01;1.559944e-01;1.825243e-01;1.790845e-01;4.110039e-02;2.123536e-02;3.239494e-02;1.632939e-02;1.309413e-01;6.644767e-02;5.646037e-02
9.431538e-03;1.002941e-01;1.365769e-01;1.703520e-01;1.792819e-01;3.581523e-02;1.608257e-02;2.643232e-02;1.853368e-02;1.062765e-01;1.283710e-01;7.255215e-02
6.307788e-03;1.082727e-01;1.333056e-01;1.721715e-01;1.653250e-01;3.661023e-02;2.025654e-02;2.756215e-02;1.951997e-02;8.431304e-02;1.531294e-01;7.322595e-02
7.634687e-03;1.242944e-01;1.535727e-01;1.922125e-01;1.355332e-01;4.242937e-02;1.261587e-02;3.259473e-02;2.127214e-02;6.468359e-02;1.509089e-01;6.224778e-02
5.750308e-03;1.221443e-01;1.609427e-01;2.337373e-01;1.214435e-01;3.991354e-02;2.516808e-02;3.859732e-02;1.801435e-02;3.957685e-02;1.460203e-01;4.869137e-02
7.542409e-03;1.095905e-01;1.693776e-01;2.904316e-01;1.185151e-01;3.646441e-02;1.932884e-02;3.960569e-02;1.255093e-02;2.305996e-02;1.563029e-01;1.723007e-02
6.883928e-03;7.034217e-02;1.717841e-01;3.382364e-01;1.050940e-01;4.450307e-02;1.841954e-02;3.817631e-02;1.113332e-02;1.640460e-02;1.592003e-01;1.982222e-02
5.288015e-03;4.707649e-02;1.747259e-01;3.688306e-01;8.721138e-02;5.500980e-02;1.142804e-02;4.026305e-02;9.976584e-03;1.066968e-02;1.681965e-01;2.132397e-02
4.420855e-03;3.827569e-02;1.964251e-01;3.514397e-01;6.239585e-02;5.937287e-02;1.466145e-02;3.471068e-02;7.647451e-03;2.322963e-02;1.782527e-01;2.916801e-02
7.410607e-03;2.355052e-02;2.249077e-01;2.923261e-01;3.596134e-02;4.818689e-02;1.123877e-02;1.790609e-02;1.217305e-02;3.723846e-02;2.487041e-01;4.039640e-02
2.523032e-02;2.447340e-02;2.448397e-01;2.148276e-01;3.303957e-02;2.571425e-02;1.102843e-02;1.297619e-02;1.854651e-02;5.915973e-02;2.901553e-01;4.000904e-02
7.372507e-02;5.082946e-02;2.901103e-01;1.462462e-01;3.375687e-02;1.420892e-02;2.359995e-02;1.400817e-02;2.662722e-02;6.787626e-02;2.344860e-01;2.452565e-02
1.087445e-01;8.126039e-02;3.251081e-01;1.057867e-01;4.354361e-02;2.160629e-02;4.641442e-02;1.517834e-02;2.886914e-02;5.610076e-02;1.556169e-01;1.177087e-02
6.982985e-02;7.624238e-02;3.995800e-01;1.142227e-01;6.756850e-02;2.293478e-02;6.767594e-02;1.703143e-02;2.559164e-02;3.058762e-02;9.993120e-02;8.803967e-03
3.124552e-02;4.563123e-02;4.878404e-01;1.165273e-01;6.618031e-02;1.382539e-02;4.837615e-02;1.750795e-02;2.409712e-02;3.887889e-02;9.692353e-02;1.296621e-02
1.849536e-02;4.035917e-02;5.481158e-01;8.044524e-02;5.587310e-02;1.670086e-02;3.130177e-02;1.743780e-02;2.242833e-02;4.824070e-02;1.030054e-01;1.759640e-02
2.261138e-02;4.052695e-02;5.775021e-01;8.169281e-02;4.292649e-02;1.581976e-02;4.229220e-02;1.166308e-02;1.269308e-02;4.799829e-02;8.995867e-02;1.431519e-02
3.330946e-02;4.631995e-02;5.901140e-01;9.244859e-02;2.502014e-02;1.344982e-02;3.898200e-02;8.579703e-03;1.339243e-02;5.637617e-02;7.245659e-02;9.551108e-03
2.012981e-02;5.294549e-02;6.231761e-01;7.587655e-02;3.433026e-02;1.449063e-02;3.308624e-02;6.000625e-03;9.833006e-03;5.477964e-02;6.326152e-02;1.209014e-02
1.814653e-02;5.575734e-02;6.468495e-01;7.749117e-02;3.116903e-02;1.267930e-02;1.749561e-02;6.826807e-03;7.389445e-03;4.712399e-02;6.311254e-02;1.595872e-02
1.741792e-02;6.076807e-02;6.729917e-01;7.206055e-02;1.749329e-02;1.055363e-02;2.072291e-02;1.191610e-02;6.988640e-03;3.794907e-02;5.723769e-02;1.390049e-02
1.578084e-02;5.316409e-02;7.062102e-01;7.171923e-02;2.078820e-02;1.033559e-02;1.250618e-02;1.350897e-02;9.151920e-03;3.375084e-02;4.161562e-02;1.146827e-02
2.778119e-02;4.223935e-02;6.924944e-01;6.245793e-02;2.744271e-02;1.326184e-02;2.329216e-02;1.145690e-02;1.665056e-02;2.930518e-02;4.037083e-02;1.324696e-02
1.950723e-02;2.698864e-02;6.666685e-01;6.686328e-02;3.793020e-02;1.822699e-02;4.212596e-02;1.034173e-02;2.214675e-02;3.269481e-02;4.716461e-02;9.341392e-03
7.866313e-03;2.467046e-02;6.593632e-01;8.810746e-02;3.654696e-02;1.122724e-02;3.317584e-02;6.928179e-03;4.311705e-02;3.859929e-02;4.331686e-02;7.081124e-03
1.536617e-02;2.821681e-02;5.913603e-01;1.229697e-01;3.627668e-02;9.103901e-03;2.590804e-02;8.270051e-03;6.462321e-02;3.896307e-02;4.683671e-02;1.210542e-02
1.746407e-02;2.695424e-02;5.260835e-01;1.553330e-01;4.906102e-02;1.407528e-02;1.129971e-02;1.159131e-02;6.631090e-02;2.798367e-02;7.926912e-02;1.457422e-02
1.595812e-02;1.833029e-02;4.702935e-01;1.954686e-01;8.384217e-02;2.988194e-02;2.944046e-02;1.865939e-02;3.891280e-02;1.410467e-02;6.727043e-02;1.783768e-02
2.005424e-02;2.700430e-02;4.317290e-01;2.224571e-01;1.169395e-01;3.519205e-02;2.048642e-02;2.878271e-02;2.203106e-02;1.902829e-02;3.825527e-02;1.804003e-02
1.426413e-02;1.811884e-02;4.260678e-01;1.983825e-01;1.429456e-01;3.850745e-02;2.129288e-02;2.716029e-02;1.472992e-02;3.432392e-02;4.709508e-02;1.711154e-02
1.458506e-02;1.683952e-02;3.689762e-01;1.738562e-01;1.877079e-01;4.916090e-02;3.651160e-02;2.297834e-02;1.732390e-02;4.581175e-02;4.237299e-02;2.387563e-02
1.797881e-02;1.074287e-02;2.418534e-01;1.329430e-01;2.978253e-01;8.067375e-02;7.512719e-02;1.748195e-02;2.608846e-02;3.329954e-02;3.307334e-02;3.291237e-02
1.415234e-02;7.731536e-03;1.609042e-01;6.829734e-02;3.400430e-01;1.110513e-01;1.546026e-01;1.441017e-02;6.116911e-02;1.682075e-02;2.355803e-02;2.725968e-02
1.868098e-02;7.958308e-03;1.449455e-01;5.370116e-02;3.054705e-01;1.472111e-01;1.890488e-01;2.026368e-02;6.893355e-02;1.200942e-02;1.573432e-02;1.604269e-02
2.623495e-02;1.025517e-02;1.143989e-01;3.903468e-02;2.754777e-01;1.913925e-01;2.401862e-01;1.676444e-02;4.383691e-02;1.359096e-02;1.229628e-02;1.653137e-02
2.973946e-02;1.422812e-02;6.020911e-02;3.877106e-02;3.137271e-01;2.213991e-01;2.020958e-01;2.506166e-02;3.899865e-02;1.907598e-02;1.206228e-02;2.463168e-02
2.027789e-02;2.189165e-02;5.520993e-02;5.856979e-02;3.372844e-01;1.816001e-01;1.999841e-01;2.890126e-02;4.414551e-02;1.972061e-02;1.958308e-02;1.283175e-02
1.964279e-02;1.317340e-02;1.098055e-01;4.764017e-02;2.685387e-01;1.484083e-01;2.962441e-01;1.812546e-02;3.127797e-02;1.349327e-02;1.830238e-02;1.534790e-02
1.319992e-02;1.136572e-02;1.635736e-01;4.410497e-02;2.719435e-01;1.636196e-01;2.351307e-01;1.333660e-02;2.702499e-02;1.498290e-02;1.232801e-02;2.938953e-02
9.257186e-03;1.063691e-02;1.559838e-01;5.205615e-02;3.122091e-01;1.640993e-01;2.023407e-01;1.252929e-02;2.534543e-02;1.550413e-02;8.967957e-03;3.107003e-02
