3.877300e-02;1.390231e-01;1.392003e-01;2.767734e-02;3.576417e-02;6.949350e-02;1.082717e-02;2.544062e-01;2.233674e-01;2.726446e-02;1.494381e-02;1.925964e-02
4.199172e-02;7.256489e-02;7.486467e-02;3.784593e-02;3.987461e-02;1.013907e-01;1.202263e-02;3.233351e-01;2.480568e-01;2.114165e-02;1.357490e-02;1.333636e-02
2.711937e-02;7.939120e-02;1.222959e-01;2.833006e-02;3.046013e-02;1.760482e-01;1.702434e-02;3.217926e-01;1.546901e-01;1.344533e-02;1.013229e-02;1.927050e-02
1.477661e-02;9.860178e-02;1.483001e-01;1.694581e-02;1.941060e-02;1.775988e-01;1.266383e-02;3.391827e-01;1.335330e-01;1.211536e-02;6.818057e-03;2.005337e-02
2.065422e-02;1.146313e-01;1.222239e-01;1.959574e-02;2.912040e-02;2.545329e-01;1.789542e-02;2.666111e-01;1.111265e-01;1.650589e-02;9.872201e-03;1.723053e-02
2.963469e-02;1.009488e-01;7.243101e-02;2.630893e-02;3.297192e-02;4.291811e-01;3.757039e-02;1.595673e-01;7.027612e-02;2.098992e-02;1.150660e-02;8.613334e-03
2.826133e-02;5.967772e-02;4.353844e-02;3.059302e-02;2.420710e-02;5.227292e-01;2.965726e-02;1.730755e-01;4.571024e-02;2.503636e-02;7.395781e-03;1.011804e-02
2.992502e-02;4.469181e-02;2.384683e-02;2.371762e-02;2.167585e-02;5.536048e-01;1.579150e-02;1.820052e-01;6.003022e-02;2.641979e-02;3.886343e-03;1.440501e-02
1.993145e-02;5.037558e-02;4.670448e-02;1.747757e-02;2.934517e-02;5.661064e-01;1.374615e-02;1.622686e-01;5.428530e-02;2.104409e-02;3.062750e-03;1.565251e-02
3.240250e-02;5.355679e-02;3.621713e-02;2.931333e-02;2.838314e-02;4.760699e-01;2.472285e-02;2.360045e-01;4.114249e-02;2.388121e-02;8.809141e-03;9.497020e-03
3.687406e-02;8.807296e-02;2.049172e-02;4.999637e-02;2.024055e-02;3.501340e-01;4.333618e-02;2.968456e-01;4.897749e-02;2.930669e-02;1.151111e-02;4.213273e-03
2.666724e-02;1.346006e-01;4.797469e-02;4.571658e-02;2.133202e-02;2.609467e-01;7.512299e-02;2.723627e-01;7.671234e-02;1.757074e-02;1.434061e-02;6.652871e-03
1.946345e-02;1.557758e-01;7.411108e-02;2.312480e-02;3.207295e-02;2.170866e-01;1.144557e-01;2.447189e-01;7.421945e-02;2.035416e-02;1.888329e-02;5.733936e-03
1.541892e-02;1.698930e-01;6.954201e-02;1.252018e-02;3.955168e-02;1.882240e-01;1.639932e-01;2.260482e-01;6.518526e-02;1.901076e-02;2.730269e-02;3.310092e-03
1.594576e-02;1.700934e-01;5.332210e-02;1.985623e-02;3.542725e-02;1.972279e-01;2.023279e-01;2.024457e-01;5.849269e-02;8.531981e-03;3.229525e-02;4.033798e-03
2.749586e-02;1.554206e-01;5.429453e-02;4.431777e-02;3.054183e-02;2.622519e-01;1.785036e-01;1.735337e-01;3.524538e-02;1.086927e-02;2.146218e-02;6.063371e-03
5.106419e-02;1.239492e-01;5.031380e-02;6.846559e-02;2.395102e-02;3.471337e-01;1.131271e-01;1.462567e-01;2.247156e-02;1.643256e-02;1.812263e-02;1.871189e-02
7.382137e-02;8.808295e-02;4.546196e-02;6.513626e-02;2.360197e-02;3.893981e-01;5.723405e-02;1.250927e-01;5.061547e-02;2.427923e-02;2.852572e-02;2.875019e-02
6.968217e-02;1.022469e-01;5.682814e-02;3.483026e-02;2.597694e-02;3.725582e-01;4.537730e-02;1.652149e-01;5.639851e-02;2.400504e-02;2.880702e-02;1.807462e-02
4.876009e-02;9.187219e-02;7.237710e-02;2.727546e-02;2.553431e-02;3.144194e-01;1.106421e-01;1.958447e-01;4.915393e-02;2.005719e-02;3.284165e-02;1.122183e-02
2.796491e-02;8.115788e-02;5.105740e-02;1.728882e-02;2.886061e-02;2.714685e-01;1.586778e-01;2.694633e-01;4.184148e-02;1.613517e-02;2.014828e-02;1.593586e-02
2.262374e-02;1.187396e-01;3.760356e-02;1.744148e-02;1.989038e-02;3.187774e-01;1.418648e-01;2.441117e-01;2.801126e-02;1.722604e-02;2.046195e-02;1.324813e-02
2.507977e-02;1.470583e-01;4.782718e-02;2.169843e-02;1.699406e-02;3.238400e-01;4.658234e-02;2.644339e-01;6.197275e-02;1.145098e-02;2.261032e-02;1.045197e-02
2.745953e-02;1.454308e-01;1.175324e-01;2.789876e-02;1.136845e-02;2.377671e-01;3.414274e-02;1.903060e-01;7.421431e-02;5.266512e-02;5.295444e-02;2.826033e-02
4.462434e-02;9.220362e-02;1.150122e-01;5.682720e-02;2.746096e-02;2.172498e-01;5.493878e-02;1.121463e-01;1.013873e-01;6.016653e-02;9.381641e-02;2.416657e-02
6.442382e-02;8.971017e-02;1.018389e-01;7.296605e-02;3.487566e-02;1.525491e-01;5.056640e-02;1.354813e-01;1.210883e-01;4.887966e-02;8.793540e-02;3.968535e-02
6.307087e-02;1.189852e-01;1.235628e-01;6.776708e-02;3.935040e-02;1.065817e-01;3.414964e-02;1.557797e-01;1.078328e-01;6.026182e-02;6.832460e-02;5.433349e-02
4.937158e-02;1.130873e-01;1.751494e-01;5.392319e-02;2.759416e-02;6.932823e-02;3.041343e-02;1.876856e-01;6.750076e-02;7.716823e-02;3.925315e-02;1.095249e-01
5.010327e-02;1.075452e-01;2.298736e-01;5.310458e-02;1.671791e-02;3.161456e-02;2.443083e-02;2.164348e-01;4.914748e-02;6.481602e-02;2.662960e-02;1.295822e-01
9.497307e-02;1.015118e-01;2.591759e-01;5.216723e-02;3.361989e-02;4.098689e-02;3.194405e-02;2.110481e-01;3.228892e-02;2.965641e-02;3.715568e-02;7.547208e-02
1.509173e-01;1.281260e-01;2.146420e-01;5.151937e-02;4.865048e-02;4.323987e-02;6.283721e-02;1.679366e-01;2.943092e-02;1.304474e-02;6.588980e-02;2.376569e-02
1.354713e-01;1.820790e-01;1.475817e-01;2.832945e-02;5.287926e-02;5.716270e-02;1.119377e-01;1.283878e-01;2.453743e-02;6.312438e-03;1.117546e-01;1.356659e-02
7.783675e-02;2.291616e-01;1.087139e-01;1.043105e-02;5.032992e-02;7.678694e-02;1.562235e-01;1.054712e-01;2.980528e-02;7.501568e-03;1.374839e-01;1.025441e-02
5.156200e-02;2.291535e-01;9.400504e-02;9.906946e-03;4.155854e-02;1.058066e-01;1.626964e-01;9.674097e-02;3.898802e-02;8.775185e-03;1.256349e-01;3.517186e-02
4.810531e-02;2.224232e-01;6.805985e-02;1.885873e-02;3.448135e-02;1.276586e-01;1.541938e-01;1.024950e-01;4.740871e-02;1.104727e-02;9.156207e-02;7.370609e-02
4.273117e-02;2.131619e-01;1.133801e-01;3.304627e-02;3.126477e-02;1.253405e-01;1.427057e-01;9.965561e-02;4.486191e-02;1.444465e-02;9.333619e-02;4.607129e-02
2.238542e-02;1.929858e-01;1.286725e-01;3.634104e-02;2.987150e-02;1.117812e-01;1.915171e-01;9.627013e-02;4.758001e-02;1.269184e-02;1.157681e-01;1.413538e-02
1.986207e-02;1.791027e-01;8.030987e-02;2.997162e-02;3.023726e-02;8.113483e-02;2.895619e-01;9.176172e-02;5.140121e-02;1.250646e-02;1.035571e-01;3.059334e-02
1.687577e-02;1.500625e-01;3.730799e-02;1.985160e-02;2.082798e-02;7.178032e-02;3.720164e-01;9.232869e-02;5.458322e-02;1.807152e-02;9.050877e-02;5.578521e-02
9.238672e-03;1.289335e-01;2.280777e-02;1.153181e-02;1.647477e-02;4.974723e-02;4.157635e-01;8.728063e-02;5.687387e-02;2.874207e-02;1.161822e-01;5.642398e-02
1.244656e-02;1.233585e-01;1.591092e-02;1.158349e-02;2.048403e-02;6.519101e-02;4.091958e-01;5.994382e-02;5.865233e-02;2.225672e-02;1.506187e-01;5.035809e-02
1.119804e-02;1.158971e-01;1.638228e-02;1.291092e-02;3.086134e-02;8.872746e-02;3.815562e-01;4.511518e-02;6.416019e-02;1.164177e-02;1.897329e-01;3.181659e-02
2.383669e-02;9.453382e-02;1.116549e-02;1.573746e-02;5.144553e-02;1.006876e-01;3.484413e-01;4.771832e-02;5.593957e-02;2.478262e-02;2.091919e-01;1.651969e-02
5.885779e-02;8.430310e-02;3.178104e-02;2.073597e-02;6.979706e-02;1.122794e-01;3.016248e-01;6.816049e-02;3.889667e-02;2.058686e-02;1.797046e-01;1.327224e-02
8.526406e-02;9.773890e-02;5.426474e-02;2.353141e-02;8.208232e-02;9.265193e-02;2.583577e-01;9.141557e-02;2.916500e-02;1.750008e-02;1.571391e-01;1.088911e-02
8.171268e-02;1.063327e-01;7.411274e-02;2.599188e-02;8.270345e-02;7.595601e-02;1.976201e-01;1.074926e-01;3.886965e-02;2.111230e-02;1.682963e-01;1.979957e-02
5.610850e-02;9.817954e-02;9.102557e-02;2.118866e-02;7.751365e-02;1.244845e-01;1.362324e-01;9.937639e-02;6.251606e-02;1.710236e-02;1.746190e-01;4.165338e-02
3.251949e-02;6.565905e-02;8.515978e-02;1.865155e-02;6.304640e-02;9.291828e-02;1.632907e-01;1.023949e-01;7.453380e-02;3.314020e-02;1.915846e-01;7.710119e-02
4.341447e-02;7.193166e-02;1.093706e-01;1.974083e-02;7.147161e-02;6.668027e-02;1.454052e-01;1.820984e-01;7.024748e-02;6.219658e-02;1.239271e-01;3.351583e-02
2.331768e-02;5.472975e-02;1.283728e-01;2.953556e-02;3.310459e-02;7.440922e-02;7.999644e-02;2.372907e-01;8.055992e-02;8.683670e-02;6.329911e-02;1.085474e-01
9.871013e-03;4.022052e-02;1.200246e-01;3.704027e-02;2.952733e-02;7.470184e-02;6.000794e-02;2.487816e-01;9.559810e-02;7.665544e-02;7.363482e-02;1.339365e-01
1.056064e-02;4.312076e-02;1.341304e-01;4.922736e-02;4.083064e-02;7.097382e-02;6.708525e-02;2.657718e-01;1.233267e-01;4.470900e-02;4.967424e-02;1.005894e-01
1.599688e-02;6.538645e-02;1.311819e-01;4.938406e-02;4.371810e-02;9.557298e-02;7.319763e-02;2.782649e-01;1.151144e-01;3.014555e-02;1.797380e-02;8.406325e-02
1.275739e-02;4.272609e-02;1.142429e-01;3.640168e-02;3.143913e-02;1.197466e-01;8.860007e-02;2.754796e-01;9.187634e-02;4.071595e-02;2.931956e-02;1.166947e-01
1.093259e-02;4.260460e-02;9.716835e-02;2.159860e-02;2.364650e-02;1.122499e-01;1.246228e-01;3.016121e-01;7.479985e-02;4.350467e-02;4.871161e-02;9.854843e-02
2.109295e-02;4.419772e-02;7.482168e-02;1.100329e-02;3.368529e-02;1.040227e-01;1.800634e-01;3.166978e-01;8.949836e-02;3.636472e-02;4.458632e-02;4.396581e-02
2.268722e-02;2.400810e-02;4.594388e-02;1.068804e-02;3.851242e-02;9.052322e-02;2.358621e-01;2.997836e-01;1.188251e-01;2.380492e-02;5.073140e-02;3.863005e-02
1.336794e-02;2.843871e-02;2.368470e-02;1.473272e-02;3.066906e-02;6.642572e-02;2.805944e-01;2.717326e-01;1.222494e-01;1.698207e-02;9.376564e-02;3.735695e-02
2.234636e-02;4.392490e-02;6.318255e-02;1.558588e-02;2.103458e-02;7.666478e-02;3.053612e-01;1.947267e-01;1.091830e-01;1.182520e-02;8.919984e-02;4.696507e-02
2.784750e-02;4.903579e-02;1.027211e-01;2.638169e-02;3.411514e-02;1.082726e-01;2.762257e-01;1.894529e-01;1.047077e-01;1.147345e-02;4.377408e-02;2.599239e-02
3.309275e-02;5.622677e-02;1.071550e-01;3.404871e-02;3.786417e-02;9.018586e-02;1.854380e-01;2.678771e-01;1.081731e-01;2.039785e-02;3.315199e-02;2.638867e-02
2.795863e-02;3.508716e-02;8.284695e-02;2.339941e-02;3.273229e-02;1.020370e-01;1.204594e-01;3.181233e-01;1.513064e-01;2.992372e-02;4.435563e-02;3.176999e-02
1.849221e-02;1.270218e-02;5.839993e-02;1.800959e-02;1.759449e-02;1.054073e-01;1.086676e-01;3.754873e-01;1.746929e-01;2.978740e-02;3.604647e-02;4.471273e-02
8.189462e-03;2.312815e-02;8.185251e-02;2.898424e-02;1.907739e-02;9.422845e-02;9.636171e-02;3.943829e-01;1.643858e-01;2.451098e-02;2.375002e-02;4.114843e-02
6.161282e-03;3.089919e-02;1.124104e-01;2.781641e-02;1.805454e-02;7.253604e-02;8.161918e-02;3.965012e-01;1.638759e-01;3.212335e-02;1.688883e-02;4.111364e-02
7.193909e-03;3.702641e-02;9.840243e-02;2.996876e-02;1.235152e-02;9.930917e-02;6.585243e-02;3.844691e-01;1.622504e-01;4.565705e-02;1.553490e-02;4.198396e-02
8.254904e-03;3.095843e-02;8.874539e-02;4.248552e-02;1.099145e-02;9.051470e-02;5.398097e-02;3.864806e-01;1.650117e-01;5.482601e-02;1.906425e-02;4.868614e-02
6.766420e-03;3.831230e-02;1.197798e-01;5.082457e-02;1.196011e-02;8.511607e-02;6.179131e-02;3.587840e-01;1.553352e-01;4.544044e-02;1.230081e-02;5.358891e-02
9.518798e-03;2.155936e-02;1.234992e-01;4.910768e-02;1.817916e-02;8.892918e-02;6.868180e-02;3.633644e-01;1.462891e-01;4.938598e-02;1.222394e-02;4.926146e-02
1.460029e-02;1.607138e-02;1.173147e-01;4.143051e-02;2.423079e-02;9.093300e-02;6.510102e-02;3.933323e-01;1.292655e-01;5.581750e-02;1.372596e-02;3.817702e-02
1.656139e-02;3.194167e-02;1.180547e-01;3.240352e-02;2.484592e-02;7.948510e-02;5.748512e-02;4.300230e-01;1.100299e-01;4.453874e-02;2.498485e-02;2.964598e-02
1.446728e-02;5.050424e-02;9.606633e-02;1.715856e-02;2.825311e-02;7.011558e-02;7.477441e-02;4.466651e-01;1.143094e-01;2.849537e-02;3.909776e-02;2.009279e-02
1.892972e-02;4.891469e-02;4.222592e-02;2.307230e-02;3.886100e-02;7.055308e-02;9.024892e-02;4.175250e-01;1.453032e-01;3.454051e-02;4.966251e-02;2.016320e-02
3.081799e-02;3.856489e-02;1.002906e-01;9.373134e-02;6.296948e-02;6.156538e-02;5.980557e-02;2.785818e-01;1.845108e-01;2.434695e-02;3.352356e-02;3.129173e-02
5.184599e-02;2.843307e-02;1.134439e-01;1.701633e-01;7.601810e-02;6.177247e-02;4.799471e-02;1.748458e-01;1.994046e-01;1.885165e-02;3.158070e-02;2.564570e-02
6.742516e-02;1.246850e-02;7.685088e-02;2.112467e-01;8.783804e-02;6.785199e-02;9.013577e-02;1.325420e-01;1.899082e-01;1.499085e-02;3.668600e-02;1.205587e-02
7.885536e-02;7.011218e-03;7.037729e-02;2.413031e-01;9.048617e-02;5.658885e-02;9.587677e-02;9.721453e-02;1.899226e-01;8.215724e-03;4.028771e-02;2.386069e-02
7.452494e-02;1.037668e-02;9.131572e-02;2.361008e-01;9.528725e-02;6.720027e-02;8.297234e-02;1.068071e-01;1.815724e-01;1.158863e-02;3.294744e-02;9.306520e-03
6.983195e-02;8.750019e-03;1.042056e-01;2.232192e-01;9.144102e-02;9.256428e-02;5.584205e-02;1.081720e-01;1.723146e-01;1.910510e-02;1.589956e-02;3.865464e-02
6.647838e-02;2.209508e-02;1.316617e-01;1.771585e-01;7.314235e-02;1.446185e-01;3.753917e-02;1.217314e-01;1.440792e-01;1.239822e-02;1.374082e-02;5.535670e-02
5.804931e-02;3.748358e-02;1.541088e-01;1.263528e-01;7.979384e-02;1.598444e-01;3.744693e-02;1.328007e-01;1.143273e-01;1.163979e-02;2.561329e-02;6.253928e-02
4.353618e-02;4.700674e-02;1.491438e-01;8.462331e-02;9.316811e-02;1.386051e-01;4.487855e-02;1.730165e-01;8.527663e-02;2.790795e-02;3.626805e-02;7.656907e-02
2.819680e-02;4.343956e-02;1.283471e-01;6.399242e-02;1.057298e-01;9.647354e-02;6.801743e-02;2.306552e-01;9.655946e-02;2.620518e-02;4.029923e-02;7.208424e-02
1.516537e-02;4.833552e-02;1.176977e-01;8.607137e-02;7.685028e-02;1.114833e-01;1.060484e-01;2.278666e-01;1.319537e-01;1.209750e-02;2.318332e-02;4.324686e-02
1.396366e-02;4.003989e-02;8.989457e-02;8.889688e-02;5.816228e-02;1.302215e-01;1.555274e-01;2.184177e-01;1.406811e-01;1.560107e-02;1.662824e-02;3.196574e-02
1.961223e-02;3.522234e-02;5.174211e-02;8.333217e-02;4.380996e-02;1.436472e-01;2.311194e-01;2.292788e-01;1.147618e-01;1.158388e-02;1.524172e-02;2.064834e-02
2.737598e-02;6.223268e-02;4.578478e-02;7.021455e-02;4.661793e-02;9.874884e-02;3.354825e-01;1.527064e-01;8.981848e-02;1.897459e-02;4.077126e-02;1.127198e-02
2.984571e-02;4.704322e-02;1.066205e-01;5.515387e-02;3.168049e-02;1.659518e-01;3.423648e-01;9.406877e-02;5.304939e-02;2.284708e-02;3.370268e-02;1.767175e-02
2.375655e-02;6.177014e-02;1.388565e-01;7.391772e-02;7.119361e-02;1.867860e-01;2.531931e-01;7.721497e-02;6.051299e-02;2.441254e-02;1.786930e-02;1.051662e-02
1.609618e-02;6.712617e-02;1.427759e-01;8.888733e-02;7.147229e-02;1.250447e-01;1.381865e-01;1.380623e-01;1.321577e-01;4.837903e-02;1.607150e-02;1.574031e-02
2.352651e-02;6.097748e-02;1.382487e-01;8.594035e-02;4.929733e-02;9.441602e-02;9.191540e-02;1.801087e-01;1.628684e-01;6.563877e-02;2.709992e-02;1.996247e-02
3.121731e-02;5.869665e-02;1.039849e-01;1.149357e-01;1.279286e-01;1.034739e-01;8.476825e-02;1.432260e-01;1.255057e-01;6.033940e-02;2.613996e-02;1.978362e-02
5.480227e-02;4.405402e-02;6.197141e-02;1.653744e-01;1.673134e-01;8.757937e-02;1.092132e-01;1.032434e-01;1.210061e-01;6.064993e-02;1.314789e-02;1.164478e-02
9.383480e-02;2.862625e-02;4.828151e-02;2.368427e-01;1.623047e-01;5.551507e-02;1.085000e-01;7.529152e-02;1.350549e-01;3.955018e-02;1.011803e-02;6.080310e-03
1.309121e-01;1.490185e-02;5.169833e-02;3.045206e-01;1.327125e-01;4.173412e-02;8.512859e-02;5.703017e-02;1.468971e-01;1.851718e-02;1.215217e-02;3.795259e-03
1.378826e-01;1.404906e-02;7.280001e-02;3.154230e-01;1.075752e-01;3.726231e-02;6.448199e-02;6.476534e-02;1.433612e-01;2.304096e-02;8.312375e-03;1.104603e-02
1.328951e-01;1.178491e-02;8.046008e-02;2.955210e-01;9.135652e-02;2.867787e-02;6.726404e-02;9.160317e-02;1.600931e-01;7.601364e-03;5.632341e-03;2.711054e-02
1.380610e-01;1.091938e-02;6.310183e-02;2.413856e-01;7.120079e-02;3.258143e-02;6.952067e-02;1.236558e-01;1.923324e-01;1.602944e-02;4.633307e-03;3.657838e-02
1.613870e-01;8.258875e-03;1.752920e-02;1.882870e-01;6.153787e-02;4.671640e-02;7.699705e-02;1.548892e-01;2.259460e-01;2.210316e-02;8.877087e-03;2.747119e-02
1.670536e-01;1.667302e-02;3.598172e-02;1.603241e-01;5.731335e-02;2.829940e-02;9.180003e-02;1.550640e-01;2.363769e-01;2.845633e-02;1.154780e-02;1.110985e-02
1.333611e-01;1.127238e-02;5.393044e-02;1.472585e-01;3.717735e-02;4.666466e-02;1.116367e-01;1.684397e-01;2.354456e-01;2.748198e-02;1.051391e-02;1.681771e-02
7.822711e-02;1.143898e-02;7.007274e-02;1.397544e-01;6.132161e-02;3.573889e-02;1.105738e-01;2.039018e-01;2.216867e-01;2.287877e-02;2.123838e-02;2.316671e-02
3.949657e-02;2.727459e-02;7.136565e-02;1.111622e-01;9.060196e-02;4.905705e-02;1.035448e-01;2.356684e-01;1.957452e-01;2.445786e-02;2.470763e-02;2.691810e-02
1.822862e-02;4.831047e-02;7.401629e-02;1.003594e-01;9.863596e-02;6.751293e-02;1.159327e-01;2.378154e-01;1.698157e-01;2.231344e-02;2.360138e-02;2.345753e-02
1.380578e-02;5.055058e-02;8.150445e-02;1.262086e-01;8.740624e-02;9.651340e-02;1.298402e-01;2.432722e-01;1.237293e-01;2.026752e-02;1.145425e-02;1.544737e-02
2.360135e-02;4.868480e-02;6.475829e-02;1.706511e-01;7.802805e-02;6.089702e-02;1.288843e-01;2.634805e-01;1.180139e-01;1.958670e-02;9.897860e-03;1.351612e-02
3.014407e-02;5.144573e-02;6.332156e-02;1.769317e-01;9.116764e-02;5.589865e-02;9.312987e-02;2.594743e-01;1.293716e-01;1.808782e-02;2.030038e-02;1.072673e-02
5.515626e-02;2.890913e-02;6.758960e-02;1.570924e-01;1.014617e-01;4.394444e-02;1.145787e-01;2.284013e-01;1.259416e-01;1.738524e-02;3.789451e-02;2.164513e-02
7.132007e-02;4.296922e-02;7.207313e-02;9.597587e-02;7.615487e-02;7.888424e-02;9.922004e-02;2.229366e-01;1.506845e-01;2.716151e-02;3.291940e-02;2.970050e-02
5.760041e-02;5.728577e-02;1.101739e-01;5.767143e-02;4.712810e-02;1.629152e-01;6.144661e-02;2.278729e-01;1.191260e-01;4.710309e-02;3.315002e-02;1.852658e-02
4.583562e-02;8.590976e-02;1.366246e-01;3.856779e-02;2.863866e-02;1.861478e-01;6.573547e-02;1.739139e-01;8.712268e-02;5.526667e-02;5.420330e-02;4.203373e-02
4.846662e-02;1.070130e-01;1.419763e-01;3.093383e-02;2.213663e-02;1.928677e-01;7.371046e-02;1.419793e-01;8.139683e-02;5.614641e-02;6.182215e-02;4.155077e-02
6.138911e-02;1.203362e-01;1.070926e-01;4.200808e-02;2.996501e-02;2.165999e-01;8.559250e-02;1.345534e-01;1.007539e-01;3.471248e-02;5.028108e-02;1.671572e-02
6.231120e-02;1.124164e-01;1.242126e-01;5.778583e-02;3.280731e-02;1.911936e-01;9.627380e-02;1.523117e-01;1.078383e-01;2.533250e-02;9.870817e-03;2.764597e-02
5.709510e-02;5.693967e-02;1.021058e-01;7.229294e-02;4.462418e-02;1.605213e-01;1.356182e-01;1.918325e-01;9.869179e-02;1.338473e-02;2.934878e-02;3.754500e-02
2.945353e-02;8.992639e-02;5.944376e-02;8.197457e-02;4.921586e-02;9.936538e-02;1.241518e-01;2.669783e-01;1.349933e-01;2.295011e-02;1.698480e-02;2.456218e-02
4.668627e-02;1.036504e-01;5.964747e-02;8.518458e-02;4.250763e-02;8.396153e-02;1.204135e-01;2.414706e-01;1.490566e-01;2.393394e-02;2.688777e-02;1.659971e-02
4.055199e-02;1.010894e-01;9.397428e-02;1.032715e-01;6.132910e-02;1.115783e-01;9.925649e-02;2.050464e-01;1.363940e-01;2.511812e-02;6.284164e-03;1.610624e-02
2.413447e-02;9.040135e-02;1.821425e-01;7.362649e-02;2.562890e-02;1.497124e-01;1.037932e-01;2.160767e-01;7.862961e-02;2.999356e-02;1.530007e-02;1.056073e-02
1.072934e-02;6.522575e-02;1.390474e-01;4.979789e-02;3.858947e-02;1.585978e-01;6.691451e-02;2.851292e-01;1.392506e-01;1.979183e-02;1.534726e-02;1.157897e-02
1.303749e-02;6.578389e-02;1.155045e-01;4.698535e-02;4.437888e-02;2.275686e-01;5.049035e-02;2.555690e-01;1.349672e-01;1.478650e-02;1.399800e-02;1.693018e-02
1.524619e-02;3.765318e-02;1.083709e-01;4.807229e-02;4.787657e-02;3.540618e-01;4.717942e-02;1.830104e-01;9.980633e-02;1.351058e-02;1.466514e-02;3.054714e-02
1.614217e-02;4.372395e-02;1.427533e-01;6.666669e-02;5.386150e-02;3.914081e-01;3.420456e-02;1.108539e-01;5.579917e-02;1.627083e-02;1.847629e-02;4.983959e-02
1.007584e-02;5.505113e-02;1.827100e-01;8.942132e-02;6.009812e-02;3.003990e-01;2.563864e-02;1.100175e-01;6.548838e-02;2.022215e-02;2.411859e-02;5.675933e-02
9.140092e-03;5.349625e-02;1.851939e-01;1.044316e-01;6.905828e-02;2.758684e-01;1.409599e-02;1.227043e-01;6.336897e-02;2.003656e-02;2.280492e-02;5.980070e-02
1.165786e-02;5.937059e-02;1.909112e-01;9.948973e-02;6.688442e-02;2.961589e-01;7.729692e-03;1.046548e-01;5.354124e-02;1.891999e-02;2.581912e-02;6.486256e-02
1.878317e-02;5.421068e-02;1.897174e-01;9.895323e-02;5.633378e-02;2.603227e-01;1.590817e-02;1.331286e-01;6.785217e-02;1.467014e-02;2.379437e-02;6.632546e-02
3.185437e-02;4.511885e-02;1.493672e-01;7.920668e-02;7.046387e-02;3.421914e-01;2.823240e-02;8.478309e-02;5.188060e-02;1.255067e-02;2.103366e-02;8.331719e-02
4.786371e-02;5.789163e-02;1.028386e-01;4.805050e-02;7.616080e-02;3.791910e-01;5.271458e-02;6.866188e-02;4.452256e-02;1.046139e-02;1.512229e-02;9.652098e-02
7.596811e-02;1.038031e-01;9.261596e-02;3.651677e-02;6.509878e-02;3.386126e-01;3.750763e-02;7.202257e-02;4.091663e-02;1.069388e-02;1.737257e-02;1.088714e-01
8.397324e-02;7.687868e-02;9.263051e-02;5.289502e-02;7.439447e-02;3.371108e-01;4.266360e-02;6.349950e-02;3.125506e-02;1.432038e-02;2.029601e-02;1.100827e-01
6.826959e-02;7.052932e-02;1.396063e-01;4.746158e-02;7.217275e-02;3.248363e-01;4.827348e-02;6.657000e-02;2.434315e-02;1.230211e-02;2.723239e-02;9.840300e-02
4.445564e-02;1.003021e-01;1.880020e-01;3.486725e-02;5.677319e-02;2.837623e-01;4.273398e-02;8.107340e-02;3.650849e-02;1.698671e-02;3.716710e-02;7.736780e-02
2.870101e-02;1.499923e-01;2.349372e-01;2.701816e-02;4.395670e-02;2.347322e-01;3.692150e-02;7.924833e-02;4.647192e-02;2.111792e-02;4.485230e-02;5.205047e-02
2.988718e-02;1.130037e-01;2.309749e-01;4.896611e-02;3.631063e-02;1.360104e-01;2.228619e-02;1.469383e-01;1.394137e-01;2.987838e-02;2.974030e-02;3.659017e-02
2.127297e-02;8.262897e-02;1.717607e-01;4.758347e-02;3.402214e-02;1.770863e-01;1.755598e-02;2.464906e-01;1.461929e-01;2.029388e-02;1.615008e-02;1.896196e-02
2.289824e-02;8.166242e-02;1.754987e-01;4.785226e-02;3.131982e-02;2.380399e-01;2.066011e-02;2.075978e-01;1.268146e-01;1.702918e-02;1.073107e-02;1.989586e-02
2.376616e-02;9.552684e-02;1.845191e-01;5.256077e-02;3.670203e-02;2.198695e-01;2.558909e-02;1.923080e-01;1.132972e-01;1.682293e-02;1.296920e-02;2.606922e-02
2.429903e-02;4.930885e-02;1.199500e-01;5.853100e-02;5.969086e-02;1.660246e-01;3.090001e-02;2.357042e-01;1.784133e-01;2.963093e-02;2.900340e-02;1.854384e-02
2.143100e-02;3.742538e-02;8.104219e-02;5.767800e-02;9.805045e-02;1.660731e-01;4.482731e-02;2.249523e-01;1.682999e-01;4.582929e-02;3.427858e-02;2.011261e-02
2.032603e-02;4.518111e-02;8.825912e-02;5.807273e-02;1.071781e-01;1.388431e-01;4.142014e-02;2.416760e-01;1.499959e-01;5.024584e-02;3.605355e-02;2.274829e-02
1.991369e-02;5.225871e-02;7.870495e-02;5.128614e-02;8.257081e-02;1.724915e-01;4.253108e-02;2.439281e-01;1.487383e-01;4.459604e-02;3.611428e-02;2.686645e-02
1.549780e-02;4.493964e-02;5.173526e-02;4.400196e-02;5.971086e-02;2.222908e-01;5.453211e-02;2.321878e-01;1.567024e-01;3.351105e-02;4.025127e-02;4.463916e-02
1.308141e-02;8.151617e-02;7.587402e-02;2.641353e-02;4.983915e-02;3.093154e-01;3.651110e-02;1.982434e-01;1.176210e-01;3.532871e-02;2.566545e-02;3.059060e-02
1.337018e-02;8.218886e-02;7.523640e-02;1.530208e-02;4.438987e-02;2.992935e-01;1.739664e-02;2.583320e-01;1.186062e-01;3.272533e-02;1.499817e-02;2.816077e-02
1.407276e-02;6.896719e-02;5.780023e-02;2.032015e-02;5.247342e-02;2.758402e-01;3.659944e-02;2.884703e-01;1.223309e-01;2.408625e-02;1.159015e-02;2.744900e-02
1.548267e-02;6.487779e-02;4.846193e-02;2.426527e-02;5.234567e-02;2.657239e-01;3.816698e-02;3.313778e-01;9.544411e-02;2.563905e-02;1.234539e-02;2.586940e-02
1.535593e-02;6.439555e-02;7.631022e-02;3.282420e-02;5.052004e-02;2.319214e-01;2.740601e-02;3.436087e-01;9.867243e-02;1.641712e-02;1.474094e-02;2.782744e-02
2.092765e-02;7.042691e-02;5.537940e-02;4.048630e-02;4.275718e-02;1.627663e-01;2.962532e-02;3.611380e-01;1.428085e-01;1.293440e-02;1.938799e-02;4.136209e-02
1.931757e-02;6.970102e-02;5.089905e-02;2.611686e-02;2.069835e-02;2.698679e-01;2.153569e-02;3.102094e-01;1.308906e-01;1.785058e-02;2.528135e-02;3.763159e-02
1.645182e-02;1.092860e-01;9.333850e-02;2.457846e-02;2.576560e-02;3.542940e-01;2.000311e-02;1.311451e-01;1.298492e-01;2.507336e-02;4.816227e-02;2.205262e-02
1.944978e-02;1.149023e-01;1.499827e-01;1.979724e-02;1.538994e-02;2.875209e-01;1.254135e-02;2.095891e-01;1.136683e-01;1.384136e-02;2.943282e-02;1.388429e-02
1.700851e-02;1.074903e-01;1.549045e-01;1.876235e-02;1.734299e-02;2.842868e-01;1.655070e-02;2.635920e-01;7.951400e-02;1.881731e-02;1.369449e-02;8.036109e-03
1.367615e-02;1.077042e-01;1.817851e-01;1.853768e-02;2.310368e-02;3.046263e-01;1.617052e-02;2.682560e-01;2.638426e-02;2.235133e-02;8.153439e-03;9.251319e-03
9.725027e-03;1.101112e-01;1.875189e-01;1.522600e-02;1.717461e-02;3.564348e-01;1.331667e-02;2.192766e-01;4.504987e-02;1.287911e-02;7.758922e-03;5.528185e-03
1.521482e-02;8.113942e-02;1.463338e-01;2.132751e-02;1.919114e-02;3.727689e-01;1.585907e-02;2.193368e-01;8.547159e-02;9.091082e-03;8.471115e-03;5.794836e-03
2.186222e-02;1.424170e-01;2.116951e-01;2.776672e-02;1.888776e-02;2.056391e-01;1.609437e-02;1.685262e-01;1.581182e-01;1.558043e-02;7.763177e-03;5.649706e-03
1.780801e-02;1.608032e-01;1.817687e-01;2.322393e-02;2.603266e-02;2.136482e-01;1.620305e-02;2.029303e-01;1.188011e-01;1.618377e-02;1.102833e-02;1.156871e-02
1.704287e-02;1.283189e-01;1.697550e-01;2.642359e-02;2.561212e-02;2.615312e-01;2.389466e-02;2.174983e-01;8.610206e-02;1.620768e-02;1.002603e-02;1.758760e-02
1.988313e-02;1.952780e-01;2.391776e-01;2.717989e-02;2.234188e-02;1.510283e-01;9.373634e-03;2.081131e-01;8.578216e-02;1.606972e-02;7.974562e-03;1.779802e-02
2.236466e-02;2.191986e-01;3.045067e-01;2.964631e-02;2.648253e-02;1.576746e-01;1.421023e-02;1.157565e-01;5.661896e-02;2.295133e-02;1.140250e-02;1.918708e-02
1.297479e-02;1.322925e-01;2.234641e-01;2.648104e-02;2.198304e-02;3.273413e-01;1.418129e-02;1.422791e-01;5.677730e-02;1.669073e-02;9.310518e-03;1.622427e-02
1.728110e-02;5.344372e-02;1.221760e-01;3.592652e-02;4.117334e-02;3.842956e-01;1.522976e-02;1.743464e-01;9.977635e-02;1.700330e-02;1.189194e-02;2.745588e-02
1.721689e-02;5.679642e-02;1.598479e-01;4.420607e-02;4.066876e-02;3.138867e-01;2.168980e-02;1.644938e-01;1.026148e-01;2.728545e-02;2.084253e-02;3.045078e-02
2.585438e-02;8.570740e-02;2.067360e-01;5.892620e-02;4.106823e-02;2.136224e-01;3.148944e-02;1.298425e-01;1.319561e-01;2.734309e-02;1.685809e-02;3.059622e-02
2.461741e-02;6.314931e-02;1.530625e-01;4.941494e-02;3.279382e-02;9.503506e-02;3.506095e-02;2.925211e-01;1.886894e-01;1.929220e-02;1.973730e-02;2.662601e-02
2.288124e-02;5.213758e-02;1.347907e-01;3.654227e-02;2.112610e-02;1.493303e-01;4.448402e-02;3.008662e-01;1.597512e-01;2.115745e-02;2.521903e-02;3.171397e-02
