1.936039e-01;9.708424e-02;1.643181e-02;3.447596e-02;1.531490e-02;5.005676e-02;3.302287e-01;2.067461e-01;8.332481e-03;8.243665e-03;3.002987e-02;9.451658e-03
2.299119e-01;8.304206e-02;1.454083e-02;5.233623e-02;2.458925e-02;7.004122e-02;3.425564e-01;1.444505e-01;4.824875e-03;7.305046e-03;1.838635e-02;8.015338e-03
2.567980e-01;9.517035e-02;1.016215e-02;5.192709e-02;4.105967e-02;8.400889e-02;3.061905e-01;1.013988e-01;1.219171e-02;1.130805e-02;1.960453e-02;1.018039e-02
1.740607e-01;8.466329e-02;2.851589e-02;3.559680e-02;6.012299e-02;7.930499e-02;2.824476e-01;7.152482e-02;2.106567e-02;1.404564e-02;1.362019e-01;1.244967e-02
1.067844e-01;7.352901e-02;4.041779e-02;4.989076e-02;5.109538e-02;5.694948e-02;2.425243e-01;7.580791e-02;1.955376e-02;1.116181e-02;2.663573e-01;5.927990e-03
1.255944e-01;6.666461e-02;4.221807e-02;4.055015e-02;2.142612e-02;4.481410e-02;1.754666e-01;9.824912e-02;1.680923e-02;1.953789e-02;3.401090e-01;8.560823e-03
7.290135e-02;8.504890e-02;4.532698e-02;2.681355e-02;2.217922e-02;4.494106e-02;1.803319e-01;1.174424e-01;1.810115e-02;2.936018e-02;3.477520e-01;9.801264e-03
8.785218e-02;1.009194e-01;5.157834e-02;1.539162e-02;3.719109e-02;3.673485e-02;2.038041e-01;1.146577e-01;1.912763e-02;4.068500e-02;2.833825e-01;8.675601e-03
1.024332e-01;7.570911e-02;5.013550e-02;2.121686e-02;3.230100e-02;5.039882e-02;1.356695e-01;8.047720e-02;2.416248e-02;4.163792e-02;3.725322e-01;1.332619e-02
9.136788e-02;4.879742e-02;4.379271e-02;3.503729e-02;3.312616e-02;5.192471e-02;9.358780e-02;1.016028e-01;2.288578e-02;3.433458e-02;4.338181e-01;9.724832e-03
1.237177e-01;4.749467e-02;3.301910e-02;3.681323e-02;3.934183e-02;6.569323e-02;1.531394e-01;8.166353e-02;1.592753e-02;2.020070e-02;3.640765e-01;1.891263e-02
2.303059e-01;5.015699e-02;2.799695e-02;2.348834e-02;5.636613e-02;8.404072e-02;2.153482e-01;4.341735e-02;1.757691e-02;1.456551e-02;2.166542e-01;2.008285e-02
3.373813e-01;5.218429e-02;2.508942e-02;8.745566e-03;7.267044e-02;8.898704e-02;2.428375e-01;4.711799e-02;1.890992e-02;1.170398e-02;7.698695e-02;1.738551e-02
3.824914e-01;6.066304e-02;2.553566e-02;1.257277e-02;8.366974e-02;7.177019e-02;2.043643e-01;5.186525e-02;1.995005e-02;9.470758e-03;6.232247e-02;1.532425e-02
3.938390e-01;6.439605e-02;2.980810e-02;1.428646e-02;1.096088e-01;6.292211e-02;1.563913e-01;2.110843e-02;2.287962e-02;7.105211e-03;9.541837e-02;2.223644e-02
3.318972e-01;5.925849e-02;2.941593e-02;2.181190e-02;1.326365e-01;5.767870e-02;1.247499e-01;2.255483e-02;2.361565e-02;9.023625e-03;1.559307e-01;3.142658e-02
2.061696e-01;7.492569e-02;3.534682e-02;5.231986e-02;9.757454e-02;5.408324e-02;1.007393e-01;3.735170e-02;2.332689e-02;1.562079e-02;2.646588e-01;3.788281e-02
1.729205e-01;1.266534e-01;5.119092e-02;8.294071e-02;3.980011e-02;4.014092e-02;1.034889e-01;6.867249e-02;1.506858e-02;2.024468e-02;2.491448e-01;2.973404e-02
1.994032e-01;1.348101e-01;5.294988e-02;9.707509e-02;7.169835e-02;3.732117e-02;1.109472e-01;7.941443e-02;7.275812e-03;2.060723e-02;1.709358e-01;1.756187e-02
1.947160e-01;1.370056e-01;5.128581e-02;8.659408e-02;1.150924e-01;4.183845e-02;1.014936e-01;7.521014e-02;1.925285e-02;2.287806e-02;1.357245e-01;1.890849e-02
1.455397e-01;1.155411e-01;4.068742e-02;6.726451e-02;5.947430e-02;2.075695e-02;1.143019e-01;5.441252e-02;1.910313e-02;1.589805e-02;3.185919e-01;2.842862e-02
1.891009e-01;8.692160e-02;4.822472e-02;5.662023e-02;3.574548e-02;2.971938e-02;1.268754e-01;7.607943e-02;1.608132e-02;1.742393e-02;2.938186e-01;2.338898e-02
9.618220e-02;9.409350e-02;5.730006e-02;8.709124e-02;7.235837e-02;5.016838e-02;1.265973e-01;9.179013e-02;1.267537e-02;1.635043e-02;2.728333e-01;2.255965e-02
2.230532e-01;1.262230e-01;4.011771e-02;6.443246e-02;6.580391e-02;4.605862e-02;9.049556e-02;6.342097e-02;2.078077e-02;2.547954e-02;1.960738e-01;3.806059e-02
2.111580e-01;7.180201e-02;3.420225e-02;3.954638e-02;5.677601e-02;5.093782e-02;1.033179e-01;1.394726e-01;6.013159e-02;4.735361e-02;1.427184e-01;4.258354e-02
1.136810e-01;8.454256e-02;3.755355e-02;3.319106e-02;3.991437e-02;4.811351e-02;1.564973e-01;1.944186e-01;6.659702e-02;5.784163e-02;1.413492e-01;2.630025e-02
1.238659e-01;8.671485e-02;3.545737e-02;3.154871e-02;3.006550e-02;3.801566e-02;1.632990e-01;1.968855e-01;6.429891e-02;5.984225e-02;1.486333e-01;2.137303e-02
1.684283e-01;7.144187e-02;3.673625e-02;2.498397e-02;2.122213e-02;3.434059e-02;1.670604e-01;1.705939e-01;5.310836e-02;5.710776e-02;1.686019e-01;2.637457e-02
1.393456e-01;1.265002e-01;3.534753e-02;2.326399e-02;1.839006e-02;5.379013e-02;2.603818e-01;1.684654e-01;1.664773e-02;3.256655e-02;9.444222e-02;3.085877e-02
8.956279e-02;1.352111e-01;4.281988e-02;2.669141e-02;2.435886e-02;9.228414e-02;3.219192e-01;1.534276e-01;1.268052e-02;2.513362e-02;4.015585e-02;3.575505e-02
1.754328e-01;1.033219e-01;4.611967e-02;2.763897e-02;3.461768e-02;1.073339e-01;2.532640e-01;7.812583e-02;2.225655e-02;1.602020e-02;8.338596e-02;5.248269e-02
1.798718e-01;6.746829e-02;4.799104e-02;3.556509e-02;5.661414e-02;1.052969e-01;2.108263e-01;2.949372e-02;3.178411e-02;1.730660e-02;1.361862e-01;8.159584e-02
9.443228e-02;6.895234e-02;4.534426e-02;4.587581e-02;5.144247e-02;7.693367e-02;1.907379e-01;6.827258e-02;2.311432e-02;2.026061e-02;2.413563e-01;7.327751e-02
5.696884e-02;8.191081e-02;5.709776e-02;6.548519e-02;3.287689e-02;6.256131e-02;1.006171e-01;1.050512e-01;1.466560e-02;2.074808e-02;3.599880e-01;4.202929e-02
8.471232e-02;1.066173e-01;5.651718e-02;6.914364e-02;2.616176e-02;5.561956e-02;8.891967e-02;1.149384e-01;1.536832e-02;1.905824e-02;3.396039e-01;2.333975e-02
1.356178e-01;1.599765e-01;4.972359e-02;4.695562e-02;2.144140e-02;4.573091e-02;1.270281e-01;1.193386e-01;1.468786e-02;2.547047e-02;2.282121e-01;2.581695e-02
1.470323e-01;1.682195e-01;4.277685e-02;2.505073e-02;3.455774e-02;5.569302e-02;1.940930e-01;1.391966e-01;2.761153e-02;4.645458e-02;9.343505e-02;2.587914e-02
9.309021e-02;7.824852e-02;4.158203e-02;3.996283e-02;4.589416e-02;5.291061e-02;2.126313e-01;2.136077e-01;3.994104e-02;5.465836e-02;1.055443e-01;2.192891e-02
8.970908e-02;1.210962e-01;3.848451e-02;3.254395e-02;4.265537e-02;5.258154e-02;1.900119e-01;1.888745e-01;2.945090e-02;3.419024e-02;1.591175e-01;2.128443e-02
5.014720e-02;1.088510e-01;3.519456e-02;5.544048e-02;4.139500e-02;6.604165e-02;1.521554e-01;2.020047e-01;2.345376e-02;1.977639e-02;2.153036e-01;3.023642e-02
3.193774e-02;7.206036e-02;3.939407e-02;7.518221e-02;4.109294e-02;8.013543e-02;1.324816e-01;2.611606e-01;1.307784e-02;1.966898e-02;2.079269e-01;2.588130e-02
2.859227e-02;7.557871e-02;4.229000e-02;7.895435e-02;3.656416e-02;6.906444e-02;1.190646e-01;3.184757e-01;1.977479e-02;2.315466e-02;1.568267e-01;3.165961e-02
2.776824e-02;8.070263e-02;4.238839e-02;9.419613e-02;3.177082e-02;4.447528e-02;7.685285e-02;3.753235e-01;3.842284e-02;2.664272e-02;1.262990e-01;3.515764e-02
2.479528e-02;8.005837e-02;4.125098e-02;1.007681e-01;3.147963e-02;3.480020e-02;7.847472e-02;3.864912e-01;3.788149e-02;2.532151e-02;1.186975e-01;3.998113e-02
3.472030e-02;8.305181e-02;3.764770e-02;7.750053e-02;3.678817e-02;3.829688e-02;5.558771e-02;3.616892e-01;4.052934e-02;4.212691e-02;1.391269e-01;5.293466e-02
4.339388e-02;7.716269e-02;2.770824e-02;5.645685e-02;2.685253e-02;3.291751e-02;5.429047e-02;3.391045e-01;4.376489e-02;5.234445e-02;1.664422e-01;7.956178e-02
4.702798e-02;7.019087e-02;2.657017e-02;2.490921e-02;4.112061e-02;2.615504e-02;7.741706e-02;3.259235e-01;7.042082e-02;4.912590e-02;1.481324e-01;9.300638e-02
5.824123e-02;6.290004e-02;1.981553e-02;1.843705e-02;4.000199e-02;2.576926e-02;8.085736e-02;3.182901e-01;7.522970e-02;5.200384e-02;1.330693e-01;1.153846e-01
6.198658e-02;3.969932e-02;2.534418e-02;2.007584e-02;4.744111e-02;4.289300e-02;1.235969e-01;2.651040e-01;9.583932e-02;3.579739e-02;9.920146e-02;1.430209e-01
6.180417e-02;2.238610e-02;3.686957e-02;2.238025e-02;5.677985e-02;6.361971e-02;1.396894e-01;1.757273e-01;1.297991e-01;2.061216e-02;1.022526e-01;1.680798e-01
8.949744e-02;1.735806e-02;3.708592e-02;2.492810e-02;6.318256e-02;6.045616e-02;1.442078e-01;1.363954e-01;1.301182e-01;1.603243e-02;1.189401e-01;1.617978e-01
1.023410e-01;4.706009e-02;3.584861e-02;2.616638e-02;6.231663e-02;6.784330e-02;1.709729e-01;1.076727e-01;8.761071e-02;2.585582e-02;1.492682e-01;1.170436e-01
8.586625e-02;8.980218e-02;3.164574e-02;2.194517e-02;5.736627e-02;7.117494e-02;1.874062e-01;1.253435e-01;5.628132e-02;3.937417e-02;1.576335e-01;7.616068e-02
4.551484e-02;7.856887e-02;3.466269e-02;4.901333e-02;4.393323e-02;8.575795e-02;1.383824e-01;1.923536e-01;1.057428e-01;8.043305e-02;1.114916e-01;3.414560e-02
7.927841e-02;6.716736e-02;3.268797e-02;4.686752e-02;2.867364e-02;8.347265e-02;2.138309e-01;1.642387e-01;1.102045e-01;8.430019e-02;7.336799e-02;1.591004e-02
1.761507e-01;7.279213e-02;3.672510e-02;3.077693e-02;2.311623e-02;8.160298e-02;2.504489e-01;1.124198e-01;7.639672e-02;5.504536e-02;6.433848e-02;2.018673e-02
2.710116e-01;3.421970e-02;3.579583e-02;1.610900e-02;2.964599e-02;9.233697e-02;2.665458e-01;6.352653e-02;2.757648e-02;2.778974e-02;1.130703e-01;2.237214e-02
2.970121e-01;3.573593e-02;3.104199e-02;1.492819e-02;3.136798e-02;9.776219e-02;2.719595e-01;5.099983e-02;1.726550e-02;1.951182e-02;1.085832e-01;2.383178e-02
2.889757e-01;3.918494e-02;3.273034e-02;1.522497e-02;3.232335e-02;1.038231e-01;2.709878e-01;6.133979e-02;1.757163e-02;1.812188e-02;8.781578e-02;3.190079e-02
1.907944e-01;4.983465e-02;3.596870e-02;1.977068e-02;4.336709e-02;9.772770e-02;2.662965e-01;3.974412e-02;2.254845e-02;1.894535e-02;1.852057e-01;2.979674e-02
7.372511e-02;5.275830e-02;3.773156e-02;2.711968e-02;4.345317e-02;8.260399e-02;2.443137e-01;8.797938e-02;2.076166e-02;1.887990e-02;2.831869e-01;2.748661e-02
9.892202e-02;6.708956e-02;3.796548e-02;2.736758e-02;2.899799e-02;5.344748e-02;1.697863e-01;7.195312e-02;1.363618e-02;2.325931e-02;3.820185e-01;2.555653e-02
1.037724e-01;8.997191e-02;3.841675e-02;2.512768e-02;2.178205e-02;3.847700e-02;1.363849e-01;7.755644e-02;1.544690e-02;2.932589e-02;3.991259e-01;2.461221e-02
1.067369e-01;1.244958e-01;4.897425e-02;2.432255e-02;2.245984e-02;3.976870e-02;1.173320e-01;5.842642e-02;3.059101e-02;3.595942e-02;3.702947e-01;2.063839e-02
1.040606e-01;1.591581e-01;6.541748e-02;2.117378e-02;3.043827e-02;3.569577e-02;1.023303e-01;8.926431e-02;5.047168e-02;7.359912e-02;2.436036e-01;2.478700e-02
7.654058e-02;1.526700e-01;6.191604e-02;3.014028e-02;3.561337e-02;3.053267e-02;6.894965e-02;7.713196e-02;4.984540e-02;1.043452e-01;2.921889e-01;2.012586e-02
8.774005e-02;1.280129e-01;6.048801e-02;3.780510e-02;3.869483e-02;2.770674e-02;6.149088e-02;5.507542e-02;5.206599e-02;7.907993e-02;3.482829e-01;2.355729e-02
5.989843e-02;1.098244e-01;5.385401e-02;5.508667e-02;4.638606e-02;3.967914e-02;9.690148e-02;7.295788e-02;7.320812e-02;4.401910e-02;3.214507e-01;2.673403e-02
6.517453e-02;7.693500e-02;6.184546e-02;7.522686e-02;5.135769e-02;4.584264e-02;1.092018e-01;7.988951e-02;6.989539e-02;4.005522e-02;3.005727e-01;2.400333e-02
1.296341e-01;5.862839e-02;5.490197e-02;6.211909e-02;5.613906e-02;7.357165e-02;1.593145e-01;7.633691e-02;3.902005e-02;3.562577e-02;2.319337e-01;2.277478e-02
2.159766e-01;4.208362e-02;4.277162e-02;3.607380e-02;5.121503e-02;1.016141e-01;2.485059e-01;7.293388e-02;2.570689e-02;3.047730e-02;8.577994e-02;4.686135e-02
2.785174e-01;5.672009e-02;3.332993e-02;2.903209e-02;4.888123e-02;9.170856e-02;2.190166e-01;6.978761e-02;1.608449e-02;2.330880e-02;6.371273e-02;6.990048e-02
3.136868e-01;8.204274e-02;2.583167e-02;2.121010e-02;4.573790e-02;8.392520e-02;1.726554e-01;5.220017e-02;2.338485e-02;1.523524e-02;8.793534e-02;7.615462e-02
2.769830e-01;7.040739e-02;2.705461e-02;1.988917e-02;4.613766e-02;7.945895e-02;1.302590e-01;4.418011e-02;2.536430e-02;1.165432e-02;1.938372e-01;7.477424e-02
1.529554e-01;5.961273e-02;3.210813e-02;2.323238e-02;4.674008e-02;7.595980e-02;1.337608e-01;5.372247e-02;2.177730e-02;1.922462e-02;3.179317e-01;6.297462e-02
8.765011e-02;9.279236e-02;3.849347e-02;2.534221e-02;4.201721e-02;6.169840e-02;1.406084e-01;7.258201e-02;1.703582e-02;2.384759e-02;3.578574e-01;4.007491e-02
1.661840e-01;1.568001e-01;4.187523e-02;2.134670e-02;4.182905e-02;7.025658e-02;1.308399e-01;5.962539e-02;1.855493e-02;2.665952e-02;2.340874e-01;3.194114e-02
1.798454e-01;2.150299e-01;5.489134e-02;1.916538e-02;4.879485e-02;6.113232e-02;1.367127e-01;6.649542e-02;1.775333e-02;2.426048e-02;1.519778e-01;2.394116e-02
9.355137e-02;1.780336e-01;5.104603e-02;3.060001e-02;4.245686e-02;6.331698e-02;1.303982e-01;7.166758e-02;3.050702e-02;4.098766e-02;2.415226e-01;2.591208e-02
1.045097e-01;1.004776e-01;3.518206e-02;4.263724e-02;5.477117e-02;8.899098e-02;1.159180e-01;7.151465e-02;4.410423e-02;5.486583e-02;2.505261e-01;3.650248e-02
1.003011e-01;8.947591e-02;3.137137e-02;5.365803e-02;7.310816e-02;8.554880e-02;1.503774e-01;7.768566e-02;4.415948e-02;4.530848e-02;1.995665e-01;4.943903e-02
1.651504e-01;9.668157e-02;3.666624e-02;3.842347e-02;9.644580e-02;6.976657e-02;2.271786e-01;9.781770e-02;4.178208e-02;1.961692e-02;4.723138e-02;6.323931e-02
1.722372e-01;8.737830e-02;4.066593e-02;2.842336e-02;1.157151e-01;6.905440e-02;2.081044e-01;6.998378e-02;4.138495e-02;1.411255e-02;9.554450e-02;5.739541e-02
1.200296e-01;5.124324e-02;4.127144e-02;2.153255e-02;1.224564e-01;6.010665e-02;2.062686e-01;5.202242e-02;5.335286e-02;1.925415e-02;1.867578e-01;6.570429e-02
6.555269e-02;3.706297e-02;3.212054e-02;2.030959e-02;9.267794e-02;4.710080e-02;2.007453e-01;7.946366e-02;6.019248e-02;2.566317e-02;2.682199e-01;7.089087e-02
1.136420e-01;4.030370e-02;2.662794e-02;2.403821e-02;8.220588e-02;3.438310e-02;1.354923e-01;7.592300e-02;6.383374e-02;2.834357e-02;3.028130e-01;7.239352e-02
1.388294e-01;3.472999e-02;1.990420e-02;2.373915e-02;1.042934e-01;3.755608e-02;1.245401e-01;6.535713e-02;6.188768e-02;2.429803e-02;3.003225e-01;6.454242e-02
1.417853e-01;4.209348e-02;2.740656e-02;3.314803e-02;1.229366e-01;4.542233e-02;1.142523e-01;4.852529e-02;5.649152e-02;2.695904e-02;2.821158e-01;5.886372e-02
8.438072e-02;3.187935e-02;4.058288e-02;4.222424e-02;1.213390e-01;6.548911e-02;1.649115e-01;4.733348e-02;6.596466e-02;2.579522e-02;2.470231e-01;6.307678e-02
4.128668e-02;3.675811e-02;4.728657e-02;5.009116e-02;9.916075e-02;7.177544e-02;2.358992e-01;8.530928e-02;6.013432e-02;2.106122e-02;1.957477e-01;5.548957e-02
7.229587e-02;5.064574e-02;4.942319e-02;5.374037e-02;7.982262e-02;6.864808e-02;2.325792e-01;7.446785e-02;6.389838e-02;2.800509e-02;1.832745e-01;4.319911e-02
8.996221e-02;6.715319e-02;5.481757e-02;5.320946e-02;5.160607e-02;6.539146e-02;1.949538e-01;1.039391e-01;8.114894e-02;6.178753e-02;1.502536e-01;2.577704e-02
1.071760e-01;5.573813e-02;4.231770e-02;4.112666e-02;6.885322e-02;6.403755e-02;2.179069e-01;1.120863e-01;8.864400e-02;6.670991e-02;1.138402e-01;2.156339e-02
8.805058e-02;6.403852e-02;4.898998e-02;2.773797e-02;9.501039e-02;8.286895e-02;1.765106e-01;1.125844e-01;7.598834e-02;5.188162e-02;1.457398e-01;3.059883e-02
5.150521e-02;1.054127e-01;5.322655e-02;7.377107e-02;8.864886e-02;7.569601e-02;1.647862e-01;1.456556e-01;4.549924e-02;4.052588e-02;1.130632e-01;4.220953e-02
7.342463e-02;7.091125e-02;3.954642e-02;7.306515e-02;9.365535e-02;6.529014e-02;1.751121e-01;1.778144e-01;4.686200e-02;4.923159e-02;9.087755e-02;4.420940e-02
6.967539e-02;8.005619e-02;3.241225e-02;5.613041e-02;6.875973e-02;9.388365e-02;1.537387e-01;1.568088e-01;4.633746e-02;4.994990e-02;1.537818e-01;3.846575e-02
9.625326e-02;8.167184e-02;2.753074e-02;4.675741e-02;6.621953e-02;1.106273e-01;1.621258e-01;1.387743e-01;3.531222e-02;4.319969e-02;1.560799e-01;3.544810e-02
9.823644e-02;8.681511e-02;2.308098e-02;4.127818e-02;6.044605e-02;1.111649e-01;2.037237e-01;1.062093e-01;2.191108e-02;3.182219e-02;1.830741e-01;3.223801e-02
4.022511e-02;1.415139e-01;2.984203e-02;2.887345e-02;4.519105e-02;5.997809e-02;2.549582e-01;1.952181e-01;1.368797e-02;1.727309e-02;1.515546e-01;2.168441e-02
6.148598e-02;2.043606e-01;2.406798e-02;1.634699e-02;5.051086e-02;4.421012e-02;2.833193e-01;1.953035e-01;1.021800e-02;1.023543e-02;8.820142e-02;1.173977e-02
7.382361e-02;2.621581e-01;1.838524e-02;1.278792e-02;4.643737e-02;3.286626e-02;3.075732e-01;1.724233e-01;6.107818e-03;5.861413e-03;5.442385e-02;7.151868e-03
6.650553e-02;2.604972e-01;2.925136e-02;1.246751e-02;1.751637e-02;3.007444e-02;3.347171e-01;1.809795e-01;7.869722e-03;4.636517e-03;4.433240e-02;1.115240e-02
5.857330e-02;2.110299e-01;3.034116e-02;9.052522e-03;2.475221e-02;3.723867e-02;3.571894e-01;1.891717e-01;9.921921e-03;5.179503e-03;5.090305e-02;1.664668e-02
7.886185e-02;1.934417e-01;2.056113e-02;8.377211e-03;3.180362e-02;3.817890e-02;3.602886e-01;1.664581e-01;1.279701e-02;1.016388e-02;6.254961e-02;1.651839e-02
1.103705e-01;1.914387e-01;3.226729e-02;1.749727e-02;2.797464e-02;3.743464e-02;2.965837e-01;1.554690e-01;2.597718e-02;1.824615e-02;7.085770e-02;1.588331e-02
1.073508e-01;1.450219e-01;3.473196e-02;3.548331e-02;2.035436e-02;3.575235e-02;3.429964e-01;1.450993e-01;3.058972e-02;2.560361e-02;4.298138e-02;3.403497e-02
8.343824e-02;1.391830e-01;2.870361e-02;6.260019e-02;2.793118e-02;4.759253e-02;3.579311e-01;1.272506e-01;2.866052e-02;2.661131e-02;4.562093e-02;2.447684e-02
6.875756e-02;1.321988e-01;3.733364e-02;7.204010e-02;4.291867e-02;6.600888e-02;3.577273e-01;1.161806e-01;2.383021e-02;2.038396e-02;5.097108e-02;1.164918e-02
9.134962e-02;7.280704e-02;4.904754e-02;3.054116e-02;6.377164e-02;6.606857e-02;3.080408e-01;1.213099e-01;3.477800e-02;4.169498e-02;8.277671e-02;3.781403e-02
5.878256e-02;7.136009e-02;4.232551e-02;1.063187e-01;5.256673e-02;6.510203e-02;2.247707e-01;1.387210e-01;5.300139e-02;4.898810e-02;1.116485e-01;2.641481e-02
7.345545e-02;8.827296e-02;2.464219e-02;1.142949e-01;4.304025e-02;8.995076e-02;1.669057e-01;1.416502e-01;7.531949e-02;4.049518e-02;9.208706e-02;4.988592e-02
7.018549e-02;7.980371e-02;3.109157e-02;8.248860e-02;3.779749e-02;9.194177e-02;1.701646e-01;1.590942e-01;9.604029e-02;4.709215e-02;7.203106e-02;6.226902e-02
7.940263e-02;5.578708e-02;3.859075e-02;3.931918e-02;6.655807e-02;8.905060e-02;2.158772e-01;1.416399e-01;7.683366e-02;6.583036e-02;4.717253e-02;8.393805e-02
7.299082e-02;5.039607e-02;2.727439e-02;5.390574e-02;7.115461e-02;7.823175e-02;1.896731e-01;1.318911e-01;7.712374e-02;8.511385e-02;7.063991e-02;9.160486e-02
6.996329e-02;5.540458e-02;4.045792e-02;1.072953e-01;6.075697e-02;6.357939e-02;1.852835e-01;1.212899e-01;7.589799e-02;6.497359e-02;1.035676e-01;5.153006e-02
7.825004e-02;6.546375e-02;5.553719e-02;1.116123e-01;4.917014e-02;7.656208e-02;1.649468e-01;1.026153e-01;5.973701e-02;9.822590e-02;7.501990e-02;6.285948e-02
6.198956e-02;6.056323e-02;7.423181e-02;7.223307e-02;4.334303e-02;1.036702e-01;9.648382e-02;1.989713e-01;5.276394e-02;8.092624e-02;9.924839e-02;5.557541e-02
6.134428e-02;4.968056e-02;6.931957e-02;4.404565e-02;2.853149e-02;8.765712e-02;6.101002e-02;2.669814e-01;6.661812e-02;6.325094e-02;9.250689e-02;1.090540e-01
8.568989e-02;6.212802e-02;7.173155e-02;5.267803e-02;4.186401e-02;5.489075e-02;8.610443e-02;1.906925e-01;1.009072e-01;6.269027e-02;5.960614e-02;1.310173e-01
1.117309e-01;6.844928e-02;5.273855e-02;5.624815e-02;4.792798e-02;3.493949e-02;1.009452e-01;1.579039e-01;1.178775e-01;5.846583e-02;9.022147e-02;1.025517e-01
1.127295e-01;1.044989e-01;1.933591e-02;2.164128e-02;2.624060e-02;3.807208e-02;2.185219e-01;2.048951e-01;3.452757e-02;2.521727e-02;1.752520e-01;1.906799e-02
9.235305e-02;7.694522e-02;2.467291e-02;2.572200e-02;1.555554e-02;2.982595e-02;2.522716e-01;2.564711e-01;2.804547e-02;2.000802e-02;1.679721e-01;1.015712e-02
6.907375e-02;7.444324e-02;3.116370e-02;2.460405e-02;1.217659e-02;2.504303e-02;2.689201e-01;2.972943e-01;2.777753e-02;1.688809e-02;1.416263e-01;1.098924e-02
3.446984e-02;1.184188e-01;3.178788e-02;2.321776e-02;2.066493e-02;2.681357e-02;3.188328e-01;3.132591e-01;1.803033e-02;8.608887e-03;7.987159e-02;6.024358e-03
2.447379e-02;1.584801e-01;1.996559e-02;1.628635e-02;3.027710e-02;3.698117e-02;3.628538e-01;3.066366e-01;1.085808e-02;5.030635e-03;2.674659e-02;1.410225e-03
2.786581e-02;1.622416e-01;1.087384e-02;6.745825e-03;3.010403e-02;3.970388e-02;3.717454e-01;2.991270e-01;1.199021e-02;5.859007e-03;3.051764e-02;3.225797e-03
3.076651e-02;1.490382e-01;7.924260e-03;1.318702e-02;2.937992e-02;3.280708e-02;3.772127e-01;3.007908e-01;1.424659e-02;6.449203e-03;3.506272e-02;3.135077e-03
2.163810e-02;1.303899e-01;1.175696e-02;2.399593e-02;2.403252e-02;2.765428e-02;3.880439e-01;3.201547e-01;1.771462e-02;4.741467e-03;2.655253e-02;3.325145e-03
1.730021e-02;1.080411e-01;1.565215e-02;2.200158e-02;1.835076e-02;3.077919e-02;3.975587e-01;3.474816e-01;1.841090e-02;6.404555e-03;1.481464e-02;3.204579e-03
1.034893e-02;1.013719e-01;1.650052e-02;2.133895e-02;2.071008e-02;3.414033e-02;3.979173e-01;3.612823e-01;1.301542e-02;5.121688e-03;1.086519e-02;7.387259e-03
1.884977e-02;1.015103e-01;1.845304e-02;2.547909e-02;2.238948e-02;2.688376e-02;3.835430e-01;3.603037e-01;1.040014e-02;5.940431e-03;1.949961e-02;6.747743e-03
2.348492e-02;9.748644e-02;2.256686e-02;1.659276e-02;1.354218e-02;2.415531e-02;3.821745e-01;3.761639e-01;1.134311e-02;6.788805e-03;1.584103e-02;9.860200e-03
2.854862e-02;1.020589e-01;2.174277e-02;1.030786e-02;6.559765e-03;2.751837e-02;4.021441e-01;3.691005e-01;1.040364e-02;6.624408e-03;6.401789e-03;8.589264e-03
4.433336e-02;1.074985e-01;1.414729e-02;1.008548e-02;8.267810e-03;3.529836e-02;4.095707e-01;3.407173e-01;9.073141e-03;7.302044e-03;6.787375e-03;6.918636e-03
6.568232e-02;1.262193e-01;1.353550e-02;1.016475e-02;1.118043e-02;4.444576e-02;3.741920e-01;3.093884e-01;9.249668e-03;1.315392e-02;1.271155e-02;1.007644e-02
1.025959e-01;1.589039e-01;1.620753e-02;9.948059e-03;1.788095e-02;4.449248e-02;2.764570e-01;2.941547e-01;1.378121e-02;1.870492e-02;3.549739e-02;1.137585e-02
1.052414e-01;9.393392e-02;1.873004e-02;1.921215e-02;2.611712e-02;4.764770e-02;3.787793e-01;2.355612e-01;1.847786e-02;1.861132e-02;1.954602e-02;1.814204e-02
8.981055e-02;5.539666e-02;2.447610e-02;2.690373e-02;2.275816e-02;5.160685e-02;4.671217e-01;1.923432e-01;1.472846e-02;1.261049e-02;2.008588e-02;2.215822e-02
5.872116e-02;5.413309e-02;3.371876e-02;4.238281e-02;3.265624e-02;5.104997e-02;3.838483e-01;1.808590e-01;3.841448e-02;3.108715e-02;6.168984e-02;3.143917e-02
7.431185e-02;9.089901e-02;3.568143e-02;4.742634e-02;4.660058e-02;6.324756e-02;2.479731e-01;1.639357e-01;6.560747e-02;5.239268e-02;7.727163e-02;3.465268e-02
8.304568e-02;1.017837e-01;3.280186e-02;4.284785e-02;4.596713e-02;7.074611e-02;2.452404e-01;1.577170e-01;6.548144e-02;5.331957e-02;6.660427e-02;3.444495e-02
1.388902e-01;9.599937e-02;2.879942e-02;2.932891e-02;3.806175e-02;6.124018e-02;2.585933e-01;1.178238e-01;4.702684e-02;4.805581e-02;9.970366e-02;3.647678e-02
2.268303e-01;5.184555e-02;3.254611e-02;2.753811e-02;2.450219e-02;4.396078e-02;2.588294e-01;1.091431e-01;2.147621e-02;4.150936e-02;1.285337e-01;3.328527e-02
1.589493e-01;4.977215e-02;3.125634e-02;3.529680e-02;2.635334e-02;3.895914e-02;2.009341e-01;1.375419e-01;3.566169e-02;3.445697e-02;2.034182e-01;4.740017e-02
1.159559e-01;8.455997e-02;3.557953e-02;3.182444e-02;3.715954e-02;3.709717e-02;1.487830e-01;1.374452e-01;4.232875e-02;3.488106e-02;2.467347e-01;4.765064e-02
1.105283e-01;1.347467e-01;4.135577e-02;3.568330e-02;5.054109e-02;3.654553e-02;1.442228e-01;1.272779e-01;3.824161e-02;4.974159e-02;1.843793e-01;4.673605e-02
7.466210e-02;1.273838e-01;3.297133e-02;3.686141e-02;6.270728e-02;7.521232e-02;1.641201e-01;1.640131e-01;5.310850e-02;5.269139e-02;9.496141e-02;6.130715e-02
1.208800e-01;9.829963e-02;2.374411e-02;4.318066e-02;6.130306e-02;7.838658e-02;1.462883e-01;1.762919e-01;4.037414e-02;4.124513e-02;1.183774e-01;5.162915e-02
1.721877e-01;8.999556e-02;3.031533e-02;4.946209e-02;5.598208e-02;7.667869e-02;1.167181e-01;1.989835e-01;3.761567e-02;3.879875e-02;7.127779e-02;6.198482e-02
1.428815e-01;5.135641e-02;4.036809e-02;6.141267e-02;4.254675e-02;5.737174e-02;1.745921e-01;1.719998e-01;5.394740e-02;3.441488e-02;1.103167e-01;5.879194e-02
1.606229e-01;7.857756e-02;3.670489e-02;8.610630e-02;3.879337e-02;4.850245e-02;1.645592e-01;9.508139e-02;5.933207e-02;5.054257e-02;1.132603e-01;6.791706e-02
1.633048e-01;8.433089e-02;4.847044e-02;7.032528e-02;4.577285e-02;6.333247e-02;1.204019e-01;1.529398e-01;6.535940e-02;5.644967e-02;7.264469e-02;5.666779e-02
