5.299275e-02;9.988871e-02;1.805524e-01;4.374080e-02;9.477912e-02;8.874596e-02;8.646386e-02;5.346433e-02;8.258472e-02;9.852403e-02;3.936256e-02;7.890082e-02
9.279393e-02;1.113064e-01;1.699356e-01;4.540074e-02;1.092233e-01;5.858508e-02;6.506765e-02;5.406351e-02;1.016794e-01;1.039177e-01;2.856142e-02;5.946527e-02
7.781501e-02;9.048587e-02;1.427946e-01;7.874069e-02;1.224383e-01;6.199901e-02;9.535599e-02;5.506961e-02;1.039398e-01;9.657239e-02;2.054862e-02;5.424017e-02
7.111506e-02;6.185517e-02;1.835629e-01;9.796264e-02;1.058782e-01;7.497979e-02;8.574428e-02;4.159818e-02;7.625427e-02;1.026844e-01;2.354739e-02;7.481762e-02
5.698989e-02;4.924420e-02;1.923353e-01;8.788982e-02;9.234456e-02;8.696843e-02;7.933458e-02;5.830726e-02;8.746717e-02;1.387919e-01;2.263377e-02;4.769303e-02
7.150576e-02;5.293568e-02;1.146206e-01;7.490021e-02;7.007077e-02;7.177050e-02;8.544861e-02;8.188786e-02;1.267793e-01;1.834299e-01;3.298867e-02;3.366214e-02
6.625661e-02;4.596780e-02;9.262510e-02;5.022978e-02;8.346565e-02;7.539552e-02;1.119543e-01;5.621583e-02;1.284127e-01;1.581311e-01;5.838368e-02;7.296197e-02
8.620926e-02;6.862738e-02;1.225965e-01;3.843201e-02;7.032465e-02;9.716965e-02;1.584731e-01;3.508443e-02;1.147171e-01;8.089982e-02;6.442390e-02;6.304215e-02
9.602089e-02;7.618508e-02;1.435168e-01;5.302583e-02;6.491424e-02;9.570640e-02;1.539327e-01;4.275879e-02;1.100472e-01;8.036797e-02;4.307503e-02;4.044900e-02
6.577020e-02;7.341404e-02;1.323669e-01;6.839769e-02;6.933869e-02;8.053382e-02;1.407545e-01;7.203144e-02;1.078576e-01;9.414386e-02;3.855263e-02;5.683872e-02
7.875320e-02;7.889239e-02;1.070973e-01;7.747252e-02;5.934307e-02;4.933080e-02;1.421120e-01;1.231716e-01;9.729817e-02;7.936706e-02;5.285339e-02;5.430846e-02
6.791751e-02;8.877794e-02;1.299163e-01;7.551353e-02;5.144093e-02;4.301461e-02;9.816835e-02;1.407049e-01;1.066705e-01;8.572040e-02;4.593198e-02;6.622299e-02
7.148081e-02;9.287108e-02;1.073147e-01;6.632090e-02;8.188760e-02;5.063191e-02;1.028355e-01;1.025138e-01;1.154403e-01;9.654734e-02;5.682380e-02;5.533231e-02
7.422163e-02;7.028498e-02;1.576473e-01;7.279179e-02;7.423029e-02;5.682088e-02;1.487527e-01;9.166795e-02;7.649091e-02;7.341468e-02;6.947484e-02;3.420197e-02
8.426288e-02;4.488138e-02;2.202830e-01;8.031704e-02;5.951361e-02;4.308525e-02;1.645773e-01;9.157860e-02;5.957899e-02;6.844423e-02;6.278713e-02;2.069056e-02
7.205854e-02;3.092866e-02;2.940430e-01;7.392187e-02;5.630945e-02;2.621732e-02;1.766735e-01;7.516401e-02;4.961146e-02;7.809968e-02;4.755868e-02;1.941380e-02
4.826900e-02;4.648353e-02;3.364794e-01;5.128676e-02;5.338536e-02;5.197018e-02;1.690801e-01;5.501236e-02;5.021453e-02;8.838000e-02;2.095900e-02;2.847977e-02
3.420557e-02;5.176656e-02;3.510970e-01;2.966659e-02;5.411939e-02;6.707226e-02;1.687432e-01;4.881313e-02;4.835469e-02;9.764227e-02;1.449551e-02;3.402379e-02
4.396364e-02;3.401166e-02;3.557313e-01;2.461202e-02;7.839402e-02;4.949826e-02;1.964750e-01;3.688943e-02;2.531151e-02;1.174632e-01;1.701829e-02;2.063164e-02
6.193231e-02;2.991137e-02;3.433677e-01;3.382985e-02;7.543772e-02;4.369867e-02;1.856513e-01;3.478430e-02;2.921974e-02;1.113752e-01;3.034409e-02;2.044773e-02
8.678135e-02;2.992733e-02;3.682165e-01;4.524034e-02;6.067451e-02;3.143279e-02;1.702721e-01;4.374345e-02;2.385611e-02;9.587324e-02;3.679740e-02;7.184882e-03
8.879104e-02;3.343435e-02;4.147206e-01;3.704668e-02;5.351644e-02;3.224706e-02;1.645198e-01;3.312678e-02;2.156307e-02;7.351120e-02;3.145556e-02;1.606735e-02
6.144222e-02;5.708528e-02;3.810597e-01;6.686103e-02;6.707154e-02;4.230762e-02;1.501461e-01;4.514383e-02;2.687169e-02;4.496906e-02;3.753577e-02;1.950612e-02
9.689691e-02;9.088317e-02;2.583072e-01;8.444054e-02;8.650637e-02;6.504370e-02;1.574934e-01;3.470296e-02;2.782856e-02;5.030657e-02;2.219305e-02;2.539753e-02
1.019928e-01;8.918117e-02;2.311598e-01;9.831719e-02;7.783432e-02;7.452039e-02;1.424318e-01;4.821223e-02;3.789969e-02;3.709054e-02;3.379385e-02;2.756626e-02
7.203589e-02;7.613593e-02;2.998909e-01;9.689405e-02;6.451833e-02;7.258966e-02;9.600545e-02;7.423677e-02;4.860454e-02;2.596526e-02;3.869841e-02;3.442478e-02
3.081848e-02;6.423821e-02;3.204230e-01;6.475126e-02;6.312349e-02;7.300998e-02;1.319831e-01;8.440288e-02;6.236889e-02;4.543503e-02;3.056749e-02;2.887817e-02
5.940218e-02;2.424732e-02;2.023552e-01;7.037508e-02;1.036496e-01;8.985068e-02;1.720243e-01;7.520764e-02;8.437936e-02;5.201346e-02;3.031949e-02;3.617571e-02
4.872125e-02;3.781593e-02;1.760814e-01;6.606111e-02;9.768759e-02;1.260869e-01;1.813675e-01;7.927256e-02;7.915600e-02;4.745875e-02;2.192353e-02;3.836744e-02
4.930717e-02;3.259632e-02;2.013057e-01;5.179282e-02;1.032535e-01;1.314932e-01;1.996279e-01;7.893734e-02;5.852882e-02;3.734564e-02;1.167098e-02;4.414070e-02
7.179987e-02;2.795515e-02;2.029307e-01;8.848290e-02;8.977864e-02;8.372538e-02;1.980430e-01;6.932992e-02;6.801268e-02;3.268813e-02;2.035837e-02;4.689534e-02
1.120125e-01;6.989833e-02;2.884650e-01;7.876362e-02;6.719422e-02;6.157277e-02;1.497682e-01;4.636020e-02;4.441997e-02;3.774959e-02;1.592251e-02;2.787302e-02
1.431887e-01;1.054419e-01;2.756070e-01;4.524365e-02;6.691301e-02;4.447445e-02;1.533857e-01;5.534776e-02;3.705521e-02;2.632655e-02;2.134139e-02;2.567475e-02
1.431249e-01;1.013340e-01;2.186373e-01;5.742378e-02;5.154525e-02;3.379918e-02;2.057909e-01;5.254972e-02;5.005378e-02;2.414541e-02;2.136105e-02;4.023479e-02
7.770110e-02;8.356424e-02;1.789791e-01;6.551693e-02;4.186613e-02;6.763636e-02;2.558525e-01;4.289721e-02;7.331767e-02;3.703369e-02;3.046317e-02;4.517191e-02
7.208705e-02;8.943979e-02;2.477039e-01;6.021990e-02;4.760337e-02;5.782799e-02;1.794175e-01;5.286451e-02;7.670118e-02;5.084507e-02;4.091813e-02;2.437171e-02
9.802873e-02;8.599377e-02;3.436686e-01;5.300044e-02;5.495132e-02;5.227965e-02;7.935231e-02;6.224656e-02;5.819036e-02;5.804382e-02;3.392520e-02;2.031931e-02
7.432755e-02;1.277912e-01;2.836856e-01;4.592770e-02;7.227426e-02;5.253986e-02;1.006821e-01;5.469343e-02;6.755739e-02;4.831100e-02;4.008926e-02;3.212073e-02
7.161272e-02;1.399523e-01;3.061676e-01;4.293877e-02;3.851884e-02;6.419989e-02;8.319902e-02;7.447377e-02;4.071150e-02;6.925182e-02;3.956841e-02;2.940533e-02
1.105025e-01;1.718534e-01;2.932130e-01;3.384394e-02;2.754070e-02;5.912700e-02;6.366654e-02;6.432241e-02;4.936682e-02;6.418085e-02;3.335397e-02;2.902882e-02
1.118189e-01;2.027306e-01;3.060406e-01;3.229027e-02;1.776626e-02;4.991536e-02;6.487991e-02;4.564381e-02;7.284264e-02;4.721970e-02;2.540779e-02;2.344416e-02
9.490761e-02;2.075542e-01;3.655717e-01;2.374208e-02;1.663711e-02;4.152235e-02;3.702813e-02;4.129983e-02;7.238851e-02;5.580215e-02;1.595434e-02;2.759205e-02
1.087730e-02;1.976729e-01;4.495083e-01;2.924654e-02;1.375054e-02;3.390608e-02;4.384069e-02;4.776978e-02;5.860291e-02;7.136779e-02;1.839235e-02;2.506473e-02
7.949795e-02;1.850580e-01;4.031705e-01;2.195632e-02;1.209582e-02;3.180649e-02;6.283894e-02;5.107270e-02;4.719381e-02;6.356794e-02;2.100717e-02;2.073432e-02
1.058605e-01;1.644776e-01;3.257273e-01;1.822779e-02;2.017828e-02;4.227557e-02;1.174558e-01;5.120410e-02;5.002400e-02;6.192703e-02;2.306748e-02;1.957461e-02
1.096881e-01;1.172239e-01;2.341699e-01;2.174190e-02;3.971193e-02;5.518677e-02;1.848524e-01;4.699161e-02;5.650403e-02;7.177861e-02;3.970598e-02;2.244495e-02
1.191743e-01;1.306084e-01;1.932830e-01;2.781701e-02;5.336108e-02;4.891596e-02;1.916572e-01;3.938091e-02;5.421500e-02;6.184190e-02;5.646914e-02;2.327611e-02
1.221611e-01;1.745039e-01;2.753600e-01;3.395814e-02;4.045380e-02;2.394432e-02;1.376861e-01;3.545561e-02;4.742947e-02;3.647062e-02;5.341195e-02;1.916506e-02
8.089797e-02;1.552988e-01;2.829225e-01;4.092987e-02;3.496007e-02;3.666925e-02;1.048465e-01;5.390423e-02;6.190272e-02;6.615454e-02;5.341723e-02;2.809634e-02
5.609956e-02;7.862962e-02;2.995290e-01;4.555439e-02;5.631633e-02;3.878038e-02;1.267615e-01;5.993298e-02;6.611637e-02;1.064929e-01;3.504589e-02;3.074118e-02
3.880771e-02;3.806626e-02;3.169446e-01;4.093517e-02;5.649812e-02;5.109450e-02;1.019851e-01;9.155037e-02;9.355681e-02;1.268687e-01;2.235130e-02;2.134140e-02
3.835130e-02;2.665723e-02;3.100297e-01;4.700654e-02;5.873396e-02;7.047885e-02;6.893256e-02;1.086160e-01;1.095562e-01;1.146956e-01;2.883858e-02;1.810359e-02
5.800761e-02;5.471564e-02;3.213377e-01;5.157499e-02;4.875240e-02;6.767446e-02;1.047146e-01;8.704995e-02;7.290483e-02;8.811031e-02;2.491085e-02;2.024666e-02
3.713083e-02;7.539639e-02;3.367535e-01;4.895215e-02;4.810012e-02;5.808798e-02;8.056168e-02;9.026745e-02;6.369956e-02;9.584332e-02;3.735513e-02;2.785190e-02
5.632921e-02;9.416418e-02;3.402285e-01;4.791119e-02;3.613972e-02;5.583525e-02;8.340514e-02;6.795146e-02;7.429427e-02;7.513132e-02;3.373832e-02;3.487141e-02
3.019140e-02;1.342905e-01;3.800836e-01;4.992263e-02;2.411960e-02;6.137341e-02;6.752962e-02;4.211133e-02;8.754636e-02;6.464878e-02;2.193813e-02;3.624472e-02
7.141524e-02;1.364944e-01;3.600655e-01;5.146868e-02;3.825029e-02;6.225020e-02;6.257744e-02;2.712071e-02;8.357934e-02;4.716306e-02;2.258699e-02;3.702816e-02
8.347723e-02;1.180986e-01;3.343721e-01;6.004005e-02;4.565594e-02;5.534367e-02;1.149672e-01;2.347318e-02;7.732631e-02;3.070813e-02;2.150059e-02;3.503699e-02
6.276704e-02;1.225822e-01;4.271871e-01;7.212120e-02;5.438349e-02;4.706855e-02;5.021683e-02;2.603418e-02;6.608881e-02;3.007948e-02;1.571291e-02;2.575819e-02
6.059700e-02;1.418366e-01;4.315763e-01;6.977428e-02;5.511573e-02;5.104841e-02;3.120494e-02;2.746031e-02;5.253747e-02;3.879500e-02;1.687812e-02;2.317584e-02
5.839460e-02;1.532856e-01;4.087026e-01;7.659886e-02;5.756990e-02;5.840357e-02;3.005250e-02;2.892691e-02;5.118542e-02;3.823421e-02;1.023729e-02;2.840843e-02
6.883343e-02;1.522177e-01;3.898903e-01;8.179907e-02;4.591912e-02;5.003402e-02;5.114003e-02;3.331077e-02;4.656921e-02;3.497790e-02;1.807953e-02;2.722890e-02
7.156662e-02;1.428478e-01;3.779455e-01;7.854847e-02;3.451823e-02;3.797593e-02;8.985127e-02;4.336590e-02;4.299872e-02;3.321727e-02;2.369813e-02;2.346624e-02
7.089200e-02;1.407185e-01;4.134137e-01;7.673295e-02;2.371477e-02;3.225615e-02;7.264106e-02;3.881492e-02;3.706682e-02;3.786987e-02;2.603008e-02;2.984913e-02
5.009421e-02;1.420205e-01;4.504869e-01;7.786007e-02;2.830496e-02;4.071297e-02;3.995009e-02;2.976326e-02;4.102687e-02;3.621439e-02;2.619115e-02;3.737459e-02
3.791655e-02;1.416971e-01;4.510123e-01;7.665604e-02;3.412101e-02;4.722326e-02;3.192153e-02;2.914428e-02;4.630483e-02;3.488151e-02;2.175924e-02;4.736225e-02
5.056089e-02;1.324465e-01;4.111285e-01;7.573852e-02;3.585972e-02;3.967072e-02;4.167974e-02;3.674974e-02;6.129447e-02;3.509283e-02;2.870967e-02;5.106866e-02
6.329031e-02;1.219225e-01;3.696442e-01;7.533287e-02;3.489444e-02;3.299675e-02;6.560883e-02;4.255273e-02;6.257234e-02;4.120514e-02;3.946004e-02;5.051991e-02
6.108986e-02;1.088355e-01;3.867573e-01;8.139857e-02;4.888673e-02;3.845672e-02;2.958866e-02;4.197016e-02;6.920385e-02;5.657649e-02;2.785686e-02;4.937925e-02
5.412925e-02;6.432182e-02;3.299639e-01;7.590999e-02;4.803155e-02;2.893090e-02;1.005078e-01;4.653708e-02;7.459878e-02;8.551297e-02;3.772249e-02;5.383338e-02
6.614934e-02;3.741997e-02;2.812960e-01;6.163793e-02;6.874892e-02;3.979683e-02;1.171462e-01;3.956163e-02;5.967412e-02;1.082577e-01;5.137795e-02;6.893339e-02
5.722121e-02;2.817540e-02;2.898210e-01;4.424405e-02;9.333272e-02;6.220482e-02;1.307595e-01;2.742070e-02;5.141170e-02;1.281394e-01;3.630205e-02;5.096736e-02
2.046108e-02;3.320492e-02;2.975460e-01;2.590729e-02;1.158787e-01;7.775583e-02;1.680716e-01;1.504688e-02;4.771214e-02;1.431747e-01;3.200125e-02;2.323958e-02
5.447135e-02;2.428328e-02;2.769146e-01;2.220764e-02;9.996656e-02;6.181115e-02;2.154258e-01;1.572173e-02;1.821682e-02;1.422999e-01;2.545854e-02;4.322264e-02
5.973112e-02;2.613308e-02;2.756608e-01;2.448847e-02;9.096590e-02;4.888469e-02;2.410467e-01;2.203003e-02;1.958258e-02;1.459446e-01;1.394132e-02;3.159075e-02
5.743912e-02;3.171869e-02;2.890729e-01;2.412639e-02;9.221716e-02;3.380237e-02;2.089514e-01;2.370216e-02;3.296071e-02;1.630542e-01;1.666015e-02;2.629476e-02
1.100272e-01;1.859353e-02;2.898397e-01;2.158476e-02;8.259054e-02;2.189339e-02;2.065096e-01;1.710138e-02;1.788036e-02;1.680219e-01;2.202990e-02;2.392760e-02
1.229748e-01;1.116398e-02;2.824415e-01;2.411802e-02;7.205521e-02;9.638371e-03;2.224199e-01;2.736085e-02;2.463278e-02;1.646691e-01;2.984765e-02;8.677797e-03
9.857013e-02;1.610694e-02;2.770225e-01;2.610139e-02;7.143971e-02;1.734253e-02;2.294667e-01;2.102341e-02;2.632270e-02;1.606317e-01;3.763114e-02;1.834120e-02
7.539956e-02;1.648092e-02;2.856041e-01;2.495958e-02;6.538499e-02;2.334067e-02;2.352892e-01;2.165701e-02;2.792050e-02;1.624362e-01;3.136936e-02;3.015796e-02
7.917433e-02;1.512391e-02;3.016519e-01;1.851678e-02;5.667611e-02;2.065828e-02;2.322412e-01;2.405143e-02;3.687892e-02;1.646043e-01;2.438591e-02;2.603699e-02
8.920238e-02;1.289501e-02;3.119916e-01;2.658748e-02;5.403107e-02;1.016498e-02;2.159486e-01;2.341976e-02;3.511719e-02;1.746812e-01;3.201835e-02;1.394240e-02
8.679811e-02;1.499818e-02;2.970749e-01;2.441464e-02;6.956616e-02;2.303423e-02;2.092558e-01;1.364180e-02;2.582964e-02;1.906321e-01;3.349674e-02;1.125770e-02
7.358228e-02;2.249078e-02;2.386116e-01;3.196186e-02;7.621369e-02;4.310540e-02;1.766435e-01;3.448387e-02;5.182797e-02;1.689206e-01;4.145468e-02;4.070387e-02
6.466983e-02;4.452350e-02;2.085995e-01;3.554110e-02;7.258054e-02;5.560864e-02;1.515059e-01;4.583416e-02;7.609827e-02;1.469764e-01;3.113143e-02;6.693069e-02
5.715642e-02;7.939867e-02;1.968414e-01;3.793200e-02;6.115362e-02;5.657730e-02;1.273696e-01;5.951257e-02;1.047846e-01;1.064277e-01;3.648429e-02;7.636182e-02
6.898484e-02;9.641478e-02;2.287603e-01;7.665372e-02;4.425954e-02;6.828357e-02;1.084798e-01;8.126424e-02;9.915046e-02;4.243481e-02;2.643462e-02;5.887926e-02
7.379439e-02;6.952704e-02;2.119530e-01;7.234886e-02;5.897635e-02;5.101630e-02;1.196095e-01;5.961596e-02;6.062813e-02;9.248210e-02;4.362584e-02;8.642257e-02
1.080119e-01;5.796171e-02;2.098114e-01;5.074069e-02;7.374220e-02;4.761827e-02;1.222252e-01;5.417024e-02;3.708768e-02;1.054034e-01;6.097163e-02;7.225564e-02
9.867378e-02;4.721449e-02;1.995013e-01;4.424991e-02;7.294651e-02;5.474192e-02;1.180984e-01;9.263335e-02;7.456970e-02;8.698300e-02;3.074647e-02;7.964123e-02
7.847489e-02;4.849073e-02;1.552925e-01;7.297098e-02;5.915957e-02;4.890891e-02;1.120698e-01;1.389104e-01;7.795993e-02;8.861335e-02;5.072248e-02;6.842654e-02
7.430613e-02;6.463434e-02;1.561681e-01;6.813166e-02;6.106133e-02;4.781593e-02;1.149100e-01;1.246223e-01;1.008427e-01;1.053031e-01;3.653660e-02;4.566773e-02
6.229052e-02;7.219318e-02;1.818414e-01;4.777968e-02;5.774413e-02;6.807713e-02;7.971482e-02;1.206125e-01;1.395249e-01;8.783997e-02;3.999799e-02;4.238375e-02
7.234946e-02;7.615890e-02;1.246443e-01;5.246986e-02;4.743301e-02;8.376949e-02;8.842008e-02;9.774511e-02;1.733058e-01;1.264148e-01;2.792118e-02;2.936798e-02
5.178816e-02;8.710463e-02;7.710802e-02;5.360948e-02;5.375477e-02;7.812971e-02;1.131475e-01;1.109087e-01;1.489174e-01;1.602772e-01;2.841798e-02;3.683647e-02
5.033540e-02;1.243566e-01;9.948510e-02;2.526141e-02;5.449110e-02;7.979153e-02;1.448200e-01;1.133526e-01;1.067213e-01;1.276080e-01;3.474877e-02;3.902827e-02
4.991787e-02;1.173896e-01;1.222638e-01;5.546833e-02;5.991919e-02;8.083652e-02;1.308444e-01;8.404632e-02;9.986942e-02;1.051421e-01;4.019200e-02;5.411049e-02
4.464934e-02;1.015012e-01;1.560342e-01;6.578021e-02;8.236335e-02;7.598733e-02;1.007440e-01;1.103172e-01;6.628006e-02;8.397017e-02;5.327326e-02;5.909964e-02
5.131323e-02;8.137348e-02;1.783200e-01;6.144951e-02;1.106346e-01;7.128434e-02;9.808816e-02;1.210608e-01;6.361537e-02;6.835684e-02;5.082081e-02;4.368287e-02
9.012502e-02;8.545571e-02;1.904784e-01;6.808309e-02;9.361636e-02;5.990377e-02;1.429631e-01;8.043907e-02;4.816692e-02;5.710129e-02;4.962738e-02;3.403984e-02
8.131243e-02;9.118395e-02;2.195792e-01;8.687516e-02;8.244075e-02;6.117962e-02;1.186920e-01;6.577318e-02;4.088944e-02;5.535458e-02;6.134805e-02;3.537161e-02
4.052832e-02;1.133598e-01;2.308612e-01;1.259907e-01;1.007877e-01;6.066219e-02;6.567518e-02;6.273978e-02;2.631610e-02;5.512811e-02;7.030432e-02;4.764662e-02
8.190902e-02;1.327208e-01;1.444841e-01;1.105153e-01;1.122416e-01;6.161767e-02;1.011167e-01;3.081014e-02;5.875473e-02;5.474948e-02;4.432566e-02;6.675480e-02
9.154645e-02;1.238880e-01;1.753294e-01;5.165543e-02;8.710329e-02;5.993422e-02;1.422425e-01;5.195394e-02;5.991556e-02;4.959340e-02;4.930640e-02;5.753139e-02
1.115002e-01;1.082518e-01;1.900815e-01;6.413382e-02;6.958545e-02;6.667954e-02;1.294878e-01;4.925948e-02;5.640244e-02;4.902482e-02;5.493304e-02;5.066006e-02
8.862658e-02;1.058292e-01;2.369172e-01;8.919610e-02;4.655321e-02;7.992222e-02;1.224714e-01;2.902972e-02;5.158309e-02;4.824940e-02;4.781505e-02;5.380677e-02
1.092522e-01;1.183213e-01;2.276432e-01;7.299376e-02;5.479431e-02;6.000241e-02;1.413732e-01;6.622320e-02;2.895299e-02;4.981931e-02;2.723597e-02;4.338819e-02
1.102908e-01;1.421226e-01;2.118098e-01;5.018761e-02;7.594240e-02;5.364107e-02;1.278344e-01;5.738538e-02;3.320581e-02;4.599347e-02;5.174492e-02;3.984164e-02
8.055328e-02;1.427583e-01;1.768775e-01;3.603077e-02;1.189426e-01;7.197937e-02;1.043966e-01;3.611686e-02;4.225186e-02;5.523907e-02;7.787260e-02;5.698118e-02
9.697483e-02;1.202120e-01;1.662965e-01;7.864729e-02;9.690818e-02;5.289380e-02;1.303007e-01;3.289138e-02;5.674842e-02;5.080926e-02;6.756673e-02;4.975091e-02
7.676752e-02;8.858683e-02;2.472545e-01;8.708146e-02;7.308466e-02;3.675546e-02;1.136114e-01;6.513505e-02;7.491870e-02;6.107014e-02;3.601055e-02;3.972371e-02
5.455472e-02;5.793611e-02;3.253866e-01;4.676524e-02;8.060309e-02;4.034569e-02;7.324579e-02;9.582359e-02;5.518791e-02;6.788062e-02;5.707784e-02;4.519276e-02
3.305278e-02;2.351690e-02;2.738746e-01;6.436408e-02;8.869091e-02;6.206980e-02;1.028931e-01;8.395675e-02;1.071853e-01;5.517018e-02;7.111936e-02;3.410625e-02
4.156433e-02;3.708992e-02;1.372262e-01;7.789684e-02;8.148091e-02;9.992350e-02;7.528622e-02;5.386833e-02;1.801515e-01;7.274614e-02;8.438518e-02;5.838091e-02
7.448066e-02;3.875477e-02;1.657600e-01;5.959379e-02;9.298610e-02;8.000870e-02;1.029365e-01;6.331068e-02;1.296508e-01;6.613813e-02;6.924520e-02;5.713467e-02
6.338543e-02;6.661721e-02;1.416900e-01;8.758279e-02;1.317182e-01;8.643631e-02;9.675394e-02;6.313264e-02;1.087537e-01;7.657605e-02;5.874231e-02;1.861149e-02
6.254815e-02;6.406206e-02;1.374587e-01;9.773242e-02;1.300429e-01;1.024208e-01;1.192664e-01;6.476525e-02;8.791664e-02;6.145780e-02;4.671849e-02;2.561037e-02
5.634682e-02;6.080744e-02;1.383729e-01;1.074117e-01;1.304939e-01;1.247342e-01;1.315599e-01;6.524426e-02;7.416138e-02;4.782132e-02;3.824044e-02;2.480581e-02
5.453186e-02;5.588420e-02;1.063122e-01;1.384109e-01;1.103712e-01;1.694690e-01;9.595514e-02;8.567183e-02;7.696749e-02;4.123835e-02;3.302802e-02;3.215982e-02
5.884616e-02;4.805267e-02;1.042066e-01;9.481557e-02;6.142132e-02;1.138078e-01;1.723033e-01;1.236987e-01;9.298924e-02;2.822943e-02;4.914002e-02;5.248917e-02
6.872746e-02;5.206609e-02;1.277115e-01;5.177068e-02;5.487462e-02;1.000063e-01;1.789304e-01;1.126136e-01;1.105542e-01;4.887413e-02;4.350044e-02;5.037061e-02
9.313352e-02;5.392071e-02;1.237405e-01;4.265973e-02;5.462709e-02;7.990939e-02;1.732718e-01;1.083618e-01;1.300472e-01;5.506656e-02;4.120528e-02;4.405645e-02
1.017273e-01;4.580539e-02;1.218248e-01;3.831078e-02;5.914418e-02;9.193941e-02;1.629704e-01;1.014386e-01;1.298626e-01;4.513834e-02;5.891221e-02;4.292599e-02
9.113771e-02;4.846481e-02;1.349266e-01;4.278085e-02;5.094938e-02;7.899633e-02;1.789105e-01;8.646541e-02;1.269327e-01;6.566285e-02;5.029205e-02;4.448082e-02
8.933453e-02;4.548904e-02;1.666680e-01;3.766505e-02;5.467459e-02;4.761465e-02;2.121046e-01;6.005526e-02;1.224039e-01;6.854513e-02;4.600704e-02;4.943825e-02
5.741958e-02;5.531278e-02;1.655198e-01;5.342682e-02;6.796591e-02;7.118807e-02;2.033946e-01;7.097638e-02;8.132031e-02;7.551152e-02;5.086242e-02;4.710177e-02
4.402861e-02;5.315726e-02;1.464267e-01;6.821568e-02;8.057694e-02;1.141046e-01;2.199061e-01;4.475274e-02;7.861415e-02;8.129537e-02;2.240437e-02;4.651745e-02
3.350146e-02;1.572643e-02;1.470953e-01;5.860569e-02;8.967423e-02;9.608493e-02;1.720627e-01;8.815233e-02;1.075658e-01;9.301377e-02;5.839626e-02;4.012107e-02
1.463850e-02;3.082571e-02;2.040892e-01;8.785117e-02;8.401758e-02;8.548871e-02;1.395636e-01;7.023392e-02;8.655885e-02;4.640806e-02;8.739267e-02;6.293197e-02
2.694213e-02;3.765821e-02;1.900738e-01;7.617706e-02;5.441495e-02;1.048542e-01;1.603297e-01;8.476481e-02;1.025509e-01;4.660344e-02;5.751749e-02;5.811315e-02
5.590249e-02;5.318804e-02;1.616131e-01;7.125248e-02;6.487401e-02;8.387267e-02;1.862197e-01;7.796705e-02;7.709364e-02;7.384100e-02;5.472011e-02;3.945573e-02
6.795419e-02;6.725825e-02;1.350899e-01;7.365365e-02;7.204293e-02;7.524467e-02;1.528814e-01;1.010425e-01;8.648919e-02;9.067013e-02;5.014383e-02;2.752944e-02
9.719630e-02;6.630880e-02;1.344774e-01;9.133622e-02;5.383445e-02;7.322158e-02;1.195759e-01;1.079543e-01;1.005085e-01;7.904693e-02;5.298067e-02;2.355891e-02
1.383709e-01;4.990963e-02;2.158726e-01;5.419945e-02;4.877268e-02;4.965130e-02;1.326460e-01;8.274601e-02;1.029736e-01;4.680223e-02;4.005022e-02;3.800528e-02
1.581741e-01;1.020512e-01;1.993149e-01;3.718219e-02;5.258295e-02;3.887000e-02;1.300790e-01;5.949848e-02;6.424586e-02;5.877218e-02;5.183157e-02;4.739748e-02
1.470404e-01;1.616209e-01;1.605071e-01;4.838767e-02;4.851476e-02;3.397686e-02;1.416643e-01;6.114006e-02;4.301807e-02;5.122390e-02;5.878997e-02;4.411586e-02
1.383725e-01;1.580839e-01;1.621687e-01;4.887355e-02;5.044113e-02;3.840750e-02;1.494479e-01;5.029791e-02;4.146252e-02;5.639289e-02;5.971004e-02;4.634160e-02
1.947639e-01;1.193660e-01;1.974272e-01;4.764279e-02;4.304698e-02;4.177374e-02;9.911577e-02;3.592387e-02;4.143338e-02;5.682515e-02;6.390227e-02;5.877894e-02
1.491521e-01;9.382648e-02;2.336241e-01;4.150368e-02;5.146568e-02;5.140059e-02;1.377561e-01;4.010803e-02;4.164840e-02;5.658320e-02;5.491549e-02;4.801609e-02
2.732027e-02;1.069005e-01;2.694505e-01;5.099727e-02;6.318914e-02;5.421194e-02;1.825454e-01;5.185485e-02;5.264153e-02;6.581745e-02;4.393678e-02;3.113434e-02
3.678165e-02;1.080463e-01;2.808969e-01;5.601620e-02;4.884822e-02;5.769315e-02;1.375496e-01;3.904415e-02;5.873108e-02;9.959978e-02;4.473731e-02;3.205558e-02
4.837495e-02;6.808812e-02;2.722483e-01;4.284422e-02;7.791871e-02;4.691936e-02;2.105877e-01;3.728944e-02;4.056038e-02;8.132110e-02;3.922727e-02;3.462052e-02
2.813551e-02;6.215452e-02;2.541771e-01;6.108260e-02;7.319810e-02;5.427885e-02;1.958032e-01;6.003927e-02;4.026089e-02;8.397596e-02;4.341499e-02;4.347907e-02
7.191967e-02;6.962135e-02;1.347825e-01;7.173569e-02;5.628619e-02;6.695873e-02;1.557966e-01;9.540719e-02;8.087034e-02;1.285763e-01;3.781610e-02;3.022928e-02
7.031469e-02;5.922049e-02;1.265459e-01;8.063754e-02;5.478733e-02;7.367548e-02;1.083089e-01;8.717149e-02;1.368470e-01;1.445745e-01;2.892838e-02;2.898825e-02
4.473729e-02;3.368575e-02;1.319251e-01;8.031879e-02;7.210705e-02;6.409268e-02;7.816739e-02;9.800584e-02;2.060781e-01;1.312124e-01;2.517518e-02;3.449452e-02
1.842206e-02;1.794508e-02;1.106511e-01;5.958299e-02;5.606000e-02;5.060924e-02;8.643266e-02;2.268624e-01;1.631040e-01;1.642261e-01;2.754107e-02;1.856338e-02
2.021491e-02;1.867264e-02;7.735381e-02;4.330502e-02;3.267291e-02;6.859925e-02;9.503829e-02;2.659686e-01;1.275582e-01;2.231926e-01;1.720542e-02;1.021833e-02
2.209200e-02;2.284291e-02;6.348532e-02;3.559843e-02;2.756168e-02;8.062067e-02;1.752972e-01;1.590056e-01;1.600788e-01;2.328522e-01;9.560444e-03;1.100470e-02
2.738784e-02;1.719601e-02;4.871159e-02;3.143302e-02;2.181082e-02;1.136483e-01;2.529526e-01;1.029846e-01;1.954689e-01;1.614467e-01;1.249223e-02;1.446745e-02
2.480341e-02;2.249865e-02;4.378571e-02;3.613264e-02;3.525492e-02;2.188012e-01;2.256908e-01;1.239588e-01;1.273642e-01;1.063981e-01;1.656158e-02;1.875006e-02
3.658645e-02;4.287082e-02;8.941755e-02;4.211095e-02;5.350783e-02;2.242370e-01;1.872891e-01;8.625466e-02;6.912304e-02;1.118064e-01;2.714626e-02;2.964984e-02
8.474068e-02;5.631844e-02;1.154780e-01;3.673940e-02;8.106204e-02;1.042330e-01;2.921262e-01;5.471333e-02;4.622390e-02;6.937047e-02;3.004383e-02;2.895065e-02
9.244879e-02;6.326288e-02;1.416233e-01;3.765991e-02;8.956035e-02;7.696537e-02;3.235174e-01;3.795955e-02;4.033773e-02;4.360951e-02;2.761262e-02;2.544269e-02
6.795979e-02;5.197361e-02;1.619946e-01;3.826407e-02;8.177949e-02;7.784025e-02;3.504520e-01;3.586692e-02;3.723222e-02;4.212682e-02;3.255085e-02;2.195923e-02
3.682691e-02;3.815061e-02;2.105953e-01;3.678707e-02;5.209968e-02;4.016514e-02;3.966615e-01;3.480382e-02;3.278761e-02;5.269121e-02;4.659443e-02;2.183674e-02
2.638625e-02;3.160228e-02;2.353099e-01;3.294644e-02;4.225271e-02;3.993470e-02;4.079778e-01;3.385876e-02;2.209137e-02;5.699474e-02;4.881281e-02;2.183224e-02
6.515773e-02;4.918073e-02;2.241377e-01;3.215343e-02;5.484473e-02;6.241146e-02;3.826883e-01;1.809340e-02;2.404057e-02;4.244565e-02;2.777619e-02;1.707014e-02
6.498017e-02;4.058111e-02;2.155945e-01;3.910181e-02;6.502658e-02;5.458845e-02;3.804680e-01;2.410473e-02;2.449747e-02;3.138467e-02;3.952736e-02;2.014508e-02
2.929736e-02;3.787024e-02;1.902150e-01;5.566372e-02;5.455959e-02;2.915696e-02;4.092249e-01;4.402801e-02;2.735185e-02;4.549833e-02;5.893970e-02;1.819436e-02
2.621017e-02;4.847323e-02;1.935555e-01;7.296089e-02;4.626872e-02;4.365657e-02;3.724524e-01;5.377058e-02;3.299265e-02;3.899199e-02;5.738982e-02;1.327744e-02
5.549446e-02;5.976107e-02;2.921867e-01;8.084922e-02;1.080014e-01;6.327496e-02;1.254558e-01;5.306007e-02;3.965437e-02;5.340629e-02;4.533490e-02;2.352083e-02
7.458075e-02;5.078550e-02;2.295607e-01;6.078279e-02;1.090716e-01;7.456318e-02;2.305963e-01;4.426559e-02;3.274299e-02;3.671326e-02;3.143974e-02;2.489757e-02
7.047875e-02;3.657802e-02;1.875336e-01;5.451842e-02;9.260577e-02;7.641873e-02;3.183185e-01;3.713088e-02;3.295677e-02;4.307619e-02;2.770853e-02;2.267585e-02
9.486503e-02;2.586825e-02;1.789980e-01;5.332229e-02;7.137340e-02;5.516325e-02;3.560878e-01;2.923824e-02;3.680707e-02;5.117569e-02;2.709524e-02;2.000576e-02
1.167621e-01;4.766764e-02;2.153251e-01;4.334786e-02;1.041982e-01;5.154175e-02;2.099726e-01;4.013878e-02;4.020124e-02;4.954104e-02;4.115431e-02;4.014942e-02
1.119015e-01;3.833615e-02;2.317632e-01;4.972835e-02;1.178660e-01;4.193352e-02;1.710963e-01;4.874169e-02;4.729391e-02;5.490948e-02;4.177577e-02;4.465420e-02
9.543629e-02;2.519412e-02;2.559015e-01;6.659334e-02;1.071110e-01;3.879341e-02;1.336925e-01;4.828869e-02;5.251272e-02;6.390882e-02;6.030036e-02;5.226725e-02
6.727467e-02;5.510230e-02;1.760015e-01;9.772968e-02;8.032547e-02;8.087166e-02;1.167036e-01;4.230369e-02;8.552498e-02;8.948516e-02;6.138363e-02;4.729365e-02
5.246769e-02;6.505729e-02;1.340474e-01;7.125745e-02;8.694994e-02;9.065037e-02;1.677265e-01;4.506977e-02;1.118920e-01;9.652754e-02;4.020350e-02;3.815051e-02
5.339329e-02;6.844157e-02;1.611769e-01;4.911093e-02;7.504130e-02;7.409211e-02;1.541958e-01;5.966620e-02;1.155067e-01;9.461553e-02;5.263861e-02;4.212112e-02
4.063889e-02;6.529232e-02;1.740028e-01;4.393101e-02;7.251161e-02;8.294692e-02;1.263360e-01;5.209614e-02;1.167755e-01;1.259685e-01;5.461992e-02;4.488046e-02
9.192280e-02;9.533353e-02;1.348661e-01;7.882795e-02;5.834531e-02;6.564914e-02;1.201068e-01;4.675023e-02;9.076724e-02;1.115135e-01;5.244590e-02;5.347148e-02
1.254857e-01;1.077041e-01;1.446948e-01;6.113534e-02;4.438679e-02;4.800247e-02;1.140653e-01;6.623314e-02;7.531980e-02;8.498245e-02;5.371247e-02;7.427764e-02
1.002582e-01;8.863083e-02;1.347431e-01;5.473540e-02;5.349205e-02;7.764802e-02;1.171487e-01;8.193125e-02;5.777911e-02;7.929290e-02;5.433444e-02;1.000060e-01
7.539125e-02;6.151300e-02;1.234208e-01;7.456066e-02;6.896820e-02;8.906604e-02;8.634065e-02;7.959549e-02;6.202271e-02;1.180679e-01;6.791891e-02;9.313440e-02
6.839801e-02;5.801329e-02;1.504174e-01;9.233824e-02;8.210307e-02;7.160302e-02;7.761093e-02;6.627356e-02;5.545961e-02;1.160081e-01;8.901860e-02;7.275627e-02
5.571179e-02;9.245481e-02;1.141424e-01;7.221306e-02;8.733362e-02;6.253414e-02;1.567715e-01;6.134737e-02;8.470435e-02;9.336555e-02;6.169401e-02;5.772740e-02
7.566956e-02;8.082225e-02;1.380615e-01;6.859419e-02;9.563798e-02;6.637647e-02;1.283974e-01;7.341897e-02;1.019598e-01;7.178637e-02;4.956277e-02;4.971267e-02
6.352878e-02;7.196151e-02;1.458898e-01;8.062771e-02;9.328171e-02;6.901538e-02;1.389509e-01;8.710345e-02;8.747972e-02;7.134496e-02;5.646526e-02;3.435090e-02
4.766624e-02;5.224927e-02;2.482282e-01;7.744190e-02;6.711825e-02;5.098699e-02;1.677861e-01;7.374287e-02;4.987966e-02;8.819395e-02;4.720448e-02;2.950207e-02
4.191186e-02;4.303790e-02;3.004094e-01;5.344797e-02;4.480140e-02;5.805739e-02;1.794414e-01;4.692498e-02;6.861414e-02;9.113985e-02;3.559174e-02;3.662205e-02
3.683450e-02;4.529575e-02;3.249396e-01;4.131075e-02;5.177004e-02;7.176407e-02;1.714636e-01;5.039364e-02;5.901217e-02;6.785754e-02;5.397594e-02;2.538242e-02
5.967017e-02;6.365623e-02;2.450384e-01;7.602341e-02;5.119982e-02;9.847621e-02;1.493323e-01;7.788609e-02;4.172031e-02;4.964482e-02;7.362186e-02;1.373035e-02
5.432661e-02;5.726326e-02;1.319779e-01;7.579983e-02;6.737902e-02;1.130625e-01;2.054555e-01;8.153746e-02;6.437710e-02;6.345810e-02;5.826436e-02;2.709842e-02
4.915491e-02;5.166181e-02;1.175160e-01;7.906850e-02;7.981183e-02;1.291666e-01;1.998173e-01;6.702437e-02;8.898788e-02;7.665048e-02;4.124710e-02;1.989326e-02
6.209187e-02;4.479288e-02;8.216687e-02;8.893956e-02;1.090790e-01;9.193710e-02;1.527392e-01;8.266446e-02;1.287761e-01;6.956566e-02;3.825571e-02;4.899165e-02
6.650118e-02;4.409639e-02;1.354730e-01;8.906903e-02;8.985843e-02;7.124055e-02;1.536598e-01;8.604597e-02;1.027875e-01;4.969228e-02;5.879562e-02;5.278026e-02
5.052931e-02;4.330088e-02;2.538608e-01;8.183491e-02;6.861562e-02;9.098618e-02;1.437373e-01;5.508062e-02;6.840809e-02;4.117423e-02;4.979872e-02;5.267337e-02
2.666519e-02;5.557741e-02;3.486961e-01;5.105103e-02;5.353805e-02;9.298533e-02;1.428005e-01;2.201896e-02;6.379212e-02;6.198682e-02;3.569932e-02;4.518925e-02
4.094313e-02;4.508157e-02;4.167993e-01;4.909543e-02;3.862761e-02;7.515435e-02;9.985904e-02;3.757050e-02;4.454622e-02;7.750838e-02;3.420141e-02;4.061307e-02
3.853369e-02;3.121587e-02;4.442302e-01;7.147369e-02;5.986768e-02;3.862907e-02;1.304822e-01;2.582700e-02;3.175422e-02;7.211388e-02;2.664108e-02;2.923139e-02
2.360645e-02;2.367784e-02;5.259539e-01;7.443310e-02;4.958459e-02;2.242383e-02;8.467110e-02;3.428484e-02;3.607602e-02;6.416458e-02;4.292835e-02;1.819541e-02
3.282948e-02;2.024732e-02;5.966567e-01;7.077941e-02;5.123449e-02;2.720432e-02;3.440909e-02;2.729606e-02;2.409318e-02;5.456259e-02;4.301685e-02;1.767042e-02
2.202994e-02;2.841372e-02;5.959612e-01;5.924829e-02;5.221887e-02;2.389615e-02;4.615893e-02;2.709038e-02;2.875225e-02;5.897198e-02;3.804058e-02;1.921776e-02
1.903115e-02;3.749873e-02;5.813291e-01;4.401435e-02;3.970509e-02;2.629245e-02;6.942069e-02;3.077069e-02;3.438114e-02;7.030299e-02;3.263963e-02;1.461400e-02
1.381541e-02;3.167835e-02;6.104037e-01;3.985667e-02;4.990688e-02;3.148973e-02;6.843852e-02;1.892494e-02;2.535781e-02;7.627784e-02;2.456752e-02;9.282684e-03
1.037885e-02;3.319782e-02;6.194903e-01;4.312954e-02;5.122331e-02;2.545763e-02;6.884941e-02;2.103800e-02;2.074140e-02;7.177343e-02;2.385817e-02;1.086209e-02
1.442208e-02;4.918343e-02;6.047748e-01;4.165845e-02;4.513537e-02;2.980165e-02;6.583754e-02;2.863031e-02;2.287631e-02;5.998877e-02;2.152854e-02;1.616278e-02
1.567492e-02;7.116449e-02;5.917518e-01;3.885578e-02;2.874757e-02;3.613010e-02;5.753048e-02;3.860522e-02;3.356914e-02;4.742474e-02;1.791830e-02;2.262749e-02
1.908648e-02;7.213215e-02;5.335850e-01;5.413536e-02;3.053471e-02;4.650635e-02;5.766954e-02;4.062686e-02;5.242169e-02;5.768970e-02;1.235231e-02;2.325995e-02
2.493165e-02;7.140116e-02;4.975981e-01;6.030617e-02;3.595221e-02;5.563977e-02;4.262580e-02;4.490341e-02;6.669963e-02;6.493638e-02;1.122675e-02;2.377891e-02
3.456144e-02;7.302625e-02;4.413342e-01;6.526678e-02;3.609567e-02;5.155588e-02;7.668620e-02;4.013352e-02;8.177958e-02;6.195173e-02;1.472882e-02;2.287989e-02
1.887095e-02;5.601117e-02;5.072398e-01;6.004179e-02;2.912095e-02;3.823055e-02;6.988247e-02;2.941315e-02;6.669661e-02;8.229159e-02;2.407818e-02;1.812282e-02
2.024942e-02;3.838475e-02;6.004824e-01;4.398255e-02;3.112994e-02;1.431314e-02;5.875402e-02;2.065046e-02;3.753495e-02;9.426590e-02;2.701374e-02;1.323873e-02
2.405745e-02;5.272185e-02;5.409145e-01;4.369944e-02;3.829008e-02;2.644549e-02;6.427961e-02;2.992288e-02;4.225573e-02;8.776855e-02;2.969321e-02;1.995119e-02
3.341413e-02;7.455105e-02;4.865050e-01;3.306791e-02;2.424759e-02;3.482839e-02;8.102196e-02;4.328386e-02;6.182836e-02;8.327813e-02;2.389513e-02;2.007850e-02
3.034017e-02;7.431783e-02;4.991730e-01;3.939076e-02;2.328271e-02;4.024919e-02;8.029176e-02;3.979572e-02;6.063988e-02;8.052913e-02;1.459858e-02;1.739130e-02
1.901877e-02;4.359373e-02;5.787344e-01;4.642225e-02;3.180420e-02;3.688107e-02;4.669711e-02;3.129639e-02;4.589083e-02;8.663350e-02;2.281457e-02;1.021321e-02
1.316008e-02;3.675191e-02;5.646041e-01;4.406447e-02;2.374133e-02;2.951651e-02;5.492276e-02;4.302752e-02;3.074730e-02;1.099478e-01;3.856750e-02;1.094875e-02
1.931301e-02;4.110114e-02;4.942652e-01;3.782929e-02;2.289372e-02;2.945009e-02;5.906935e-02;5.583018e-02;5.094282e-02;1.272039e-01;4.405010e-02;1.805116e-02
2.155930e-02;4.518428e-02;4.512597e-01;3.041377e-02;2.502625e-02;3.002887e-02;7.144918e-02;6.004536e-02;7.028657e-02;1.319767e-01;4.305874e-02;1.971131e-02
1.563272e-02;3.460745e-02;4.666393e-01;4.237953e-02;3.733079e-02;3.093877e-02;5.879300e-02;4.962068e-02;6.434718e-02;1.421565e-01;4.297590e-02;1.457822e-02
1.638915e-02;2.893423e-02;4.944934e-01;4.796307e-02;4.506480e-02;2.924943e-02;6.994411e-02;3.906093e-02;4.031729e-02;1.447538e-01;3.944993e-02;4.379893e-03
2.135339e-02;2.572544e-02;5.253519e-01;5.007742e-02;3.845171e-02;2.667143e-02;7.825356e-02;3.561074e-02;2.256565e-02;1.295440e-01;4.146646e-02;4.928346e-03
2.759591e-02;4.905896e-02;5.093377e-01;5.111715e-02;4.115527e-02;2.598893e-02;7.498162e-02;3.530988e-02;2.853606e-02;1.014151e-01;4.307098e-02;1.243241e-02
4.173954e-02;7.020587e-02;4.552441e-01;4.460243e-02;4.092916e-02;3.524300e-02;9.852141e-02;3.903718e-02;4.838184e-02;7.080324e-02;3.808185e-02;1.721038e-02
4.575293e-02;6.488770e-02;4.440931e-01;4.700687e-02;5.337026e-02;3.649112e-02;9.494582e-02;4.485963e-02;4.621976e-02;6.737647e-02;3.233859e-02;2.265771e-02
2.806559e-02;4.868748e-02;5.184887e-01;4.628377e-02;4.018405e-02;3.776778e-02;8.913309e-02;3.032200e-02;2.995962e-02;7.559925e-02;3.271504e-02;2.279353e-02
2.402879e-02;5.017031e-02;5.398573e-01;4.562968e-02;2.970155e-02;3.658931e-02;7.464783e-02;2.636407e-02;3.295905e-02;8.687271e-02;3.068957e-02;2.248986e-02
2.469979e-02;5.799417e-02;5.090974e-01;4.109648e-02;2.336096e-02;3.540923e-02;7.826263e-02;3.572705e-02;4.033556e-02;9.432059e-02;3.468094e-02;2.501520e-02
1.058840e-02;6.469018e-02;4.762247e-01;3.642354e-02;2.984910e-02;3.722819e-02;5.722054e-02;4.698509e-02;4.959808e-02;1.091389e-01;5.043092e-02;3.162232e-02
3.481665e-02;6.944305e-02;4.472029e-01;4.888302e-02;2.907727e-02;3.874257e-02;4.974362e-02;4.320432e-02;5.518132e-02;9.797268e-02;5.119551e-02;3.453707e-02
2.694163e-02;5.971768e-02;4.818519e-01;5.827706e-02;3.055583e-02;3.574257e-02;6.384577e-02;4.057660e-02;7.010283e-02;7.130410e-02;3.311069e-02;2.797338e-02
2.352172e-02;3.205605e-02;4.821255e-01;6.848143e-02;4.580140e-02;3.093287e-02;9.751902e-02;4.541506e-02;5.826942e-02;5.862187e-02;3.247418e-02;2.478152e-02
2.665543e-02;3.227166e-02;4.713831e-01;8.538552e-02;4.995580e-02;3.429830e-02;1.142382e-01;2.848678e-02;4.713192e-02;5.722238e-02;3.508239e-02;1.788861e-02
2.707331e-02;4.348781e-02;5.042387e-01;5.958652e-02;5.966096e-02;4.406303e-02;8.302180e-02;3.223198e-02;4.036128e-02;5.648805e-02;2.649068e-02;2.329594e-02
5.160699e-02;2.278761e-02;4.314172e-01;5.513695e-02;7.800849e-02;5.542467e-02;1.586588e-01;2.151466e-02;2.386022e-02;4.815276e-02;3.250999e-02;2.092163e-02
4.399152e-02;2.787419e-02;3.167127e-01;6.114580e-02;7.950476e-02;6.527497e-02;2.475744e-01;2.595392e-02;2.155766e-02;4.232309e-02;4.267288e-02;2.541407e-02
5.729679e-02;2.391283e-02;2.575989e-01;4.661695e-02;7.376730e-02;6.786852e-02;3.185546e-01;2.460193e-02;1.702336e-02;4.248649e-02;4.351623e-02;2.675605e-02
6.780773e-02;1.538624e-02;2.670616e-01;5.364700e-02;5.230668e-02;5.820120e-02;3.266167e-01;2.108788e-02;1.729130e-02;4.981836e-02;4.480386e-02;2.597149e-02
7.026875e-02;3.531997e-02;2.795544e-01;5.696636e-02;5.841321e-02;4.380184e-02;2.841091e-01;2.483924e-02;3.331273e-02;4.911349e-02;4.022631e-02;2.407462e-02
7.512612e-02;3.060396e-02;3.175045e-01;4.988175e-02;6.982391e-02;3.490457e-02;2.545219e-01;1.823683e-02;4.125099e-02;4.553350e-02;3.911989e-02;2.349214e-02
6.285460e-02;3.808057e-02;3.018969e-01;6.572746e-02;7.022146e-02;4.435543e-02;2.473154e-01;1.698220e-02;3.185629e-02;5.387044e-02;4.623860e-02;2.060068e-02
5.052249e-02;4.003365e-02;2.550111e-01;6.300024e-02;6.049411e-02;5.409769e-02;2.585204e-01;3.261406e-02;4.585497e-02;5.971134e-02;6.064291e-02;1.949708e-02
2.979782e-02;3.377397e-02;2.393966e-01;5.844730e-02;6.489881e-02;7.064898e-02;2.427263e-01;4.808867e-02;6.451877e-02;5.465255e-02;6.811418e-02;2.493597e-02
3.834118e-02;3.257827e-02;2.799802e-01;7.174377e-02;6.036115e-02;7.597049e-02;1.604179e-01;6.650616e-02;5.974982e-02;4.802157e-02;7.527877e-02;3.105067e-02
4.657173e-02;1.783160e-02;3.546151e-01;8.996511e-02;7.319567e-02;6.214117e-02;1.434849e-01;5.034137e-02;3.015902e-02;4.169107e-02;7.493784e-02;1.506544e-02
3.904418e-02;2.262637e-02;4.183778e-01;8.552974e-02;7.265884e-02;3.866158e-02;1.261950e-01;4.004104e-02;2.890835e-02;4.143052e-02;7.396319e-02;1.256334e-02
2.878739e-02;1.840429e-02;4.697778e-01;7.172889e-02;7.120300e-02;2.946018e-02;1.263273e-01;3.570920e-02;2.442151e-02;4.406905e-02;7.223069e-02;7.880659e-03
2.077788e-02;1.722421e-02;4.647347e-01;9.611142e-02;1.064220e-01;4.265384e-02;7.572766e-02;4.389676e-02;1.449985e-02;3.801549e-02;6.703138e-02;1.290475e-02
1.879013e-02;2.494713e-02;4.359867e-01;1.120808e-01;1.211019e-01;5.116945e-02;5.082881e-02;4.162851e-02;1.023771e-02;3.991081e-02;7.566603e-02;1.765209e-02
2.385910e-02;2.125248e-02;3.908494e-01;1.032604e-01;1.107526e-01;5.325934e-02;7.983856e-02;4.738729e-02;1.468529e-02;4.389701e-02;8.710492e-02;2.385359e-02
3.321202e-02;2.024964e-02;4.133614e-01;9.208858e-02;9.022187e-02;3.110653e-02;7.757474e-02;4.500113e-02;2.557260e-02;6.048801e-02;8.115735e-02;2.996616e-02
5.929423e-02;4.297905e-02;4.349261e-01;7.564702e-02;8.071999e-02;3.118413e-02;4.453773e-02;2.864980e-02;3.989954e-02;6.705737e-02;5.999053e-02;3.511453e-02
7.663071e-02;4.357542e-02;3.021394e-01;6.799135e-02;5.850583e-02;3.996959e-02;1.320120e-01;4.806142e-02;7.250072e-02;5.045668e-02;6.095731e-02;4.719957e-02
7.981793e-02;3.508153e-02;2.452537e-01;7.751487e-02;7.682440e-02;3.887909e-02;1.541135e-01;5.558309e-02;6.698745e-02;6.108802e-02;6.230543e-02;4.655097e-02
8.179803e-02;5.362220e-02;2.235157e-01;9.788439e-02;8.484971e-02;4.087197e-02;1.529644e-01;5.300218e-02;5.402225e-02;4.748451e-02;7.726306e-02;3.272162e-02
5.659368e-02;8.918595e-02;1.796789e-01;1.165253e-01;1.032625e-01;6.783699e-02;1.244668e-01;5.856659e-02;3.860170e-02;4.270753e-02;8.748270e-02;3.509128e-02
3.714802e-02;1.031390e-01;2.166525e-01;1.186442e-01;1.185909e-01;8.001559e-02;5.819755e-02;5.149212e-02;3.779150e-02;4.917035e-02;8.747835e-02;4.167989e-02
6.852218e-02;1.035961e-01;2.320880e-01;1.044560e-01;1.118262e-01;6.356307e-02;9.426406e-02;3.653334e-02;2.306388e-02;4.604973e-02;7.739300e-02;3.864443e-02
9.712918e-02;8.687546e-02;2.175899e-01;8.530427e-02;1.094681e-01;4.416296e-02;1.391473e-01;3.491399e-02;2.776373e-02;4.797843e-02;7.762320e-02;3.204342e-02
6.116327e-02;6.260309e-02;3.139494e-01;8.530424e-02;8.992985e-02;4.003770e-02;1.146934e-01;3.045692e-02;2.984474e-02;6.922412e-02;7.854452e-02;2.424879e-02
4.097611e-02;3.795353e-02;4.215983e-01;6.711559e-02;7.025915e-02;3.830377e-02;1.133422e-01;2.189397e-02;2.277863e-02;8.535263e-02;6.309805e-02;1.732812e-02
2.589980e-02;3.434061e-02;5.452197e-01;4.542724e-02;5.661099e-02;2.128932e-02;8.899340e-02;1.620927e-02;2.021366e-02;9.282644e-02;4.233694e-02;1.063262e-02
3.296247e-02;3.856671e-02;5.864820e-01;4.871674e-02;4.787812e-02;1.638589e-02;6.226300e-02;1.539829e-02;2.136227e-02;8.779036e-02;2.884928e-02;1.334480e-02
