3.369142e-02;1.354327e-01;1.878920e-01;3.983066e-02;8.288518e-02;5.209307e-02;1.335943e-01;5.206280e-02;1.612842e-02;8.277939e-02;1.031694e-01;8.044057e-02
6.459270e-02;1.725835e-01;1.330140e-01;5.525805e-02;9.907813e-02;6.296846e-02;1.250283e-01;5.072220e-02;3.954251e-02;7.259963e-02;5.604158e-02;6.857099e-02
1.241540e-01;1.210066e-01;1.355974e-01;4.571781e-02;7.955126e-02;5.383843e-02;2.096872e-01;3.919379e-02;3.735106e-02;6.311622e-02;4.858626e-02;4.219985e-02
1.579718e-01;1.041079e-01;1.473675e-01;3.973618e-02;6.278641e-02;4.552152e-02;2.012198e-01;3.595084e-02;3.588421e-02;6.212308e-02;5.809510e-02;4.923565e-02
1.548736e-01;1.038077e-01;1.737468e-01;3.614218e-02;5.600768e-02;5.754611e-02;1.662838e-01;3.044772e-02;4.509947e-02;5.243601e-02;6.929284e-02;5.431614e-02
1.304512e-01;8.406836e-02;1.782114e-01;3.210314e-02;6.360816e-02;6.003398e-02;1.835400e-01;3.777072e-02;4.597754e-02;2.789120e-02;7.559491e-02;8.074939e-02
1.579181e-01;6.908391e-02;1.855753e-01;2.620597e-02;4.413905e-02;5.546610e-02;1.874063e-01;3.984978e-02;5.935502e-02;3.704131e-02;5.994867e-02;7.801052e-02
1.293749e-01;6.895543e-02;2.086457e-01;2.975729e-02;3.714678e-02;7.171314e-02;1.426967e-01;3.784268e-02;9.586782e-02;6.000466e-02;5.262738e-02;6.536743e-02
6.489630e-02;5.879550e-02;1.892758e-01;2.718902e-02;5.770336e-02;6.986494e-02;1.983127e-01;4.692475e-02;9.788518e-02;7.871099e-02;6.382445e-02;4.661706e-02
5.735723e-02;3.798582e-02;2.210082e-01;3.027359e-02;5.577173e-02;6.074113e-02;2.548935e-01;4.832065e-02;4.371093e-02;7.322183e-02;5.981397e-02;5.690148e-02
8.665031e-02;6.792310e-02;2.484258e-01;3.603267e-02;4.900021e-02;5.274007e-02;1.813760e-01;4.199851e-02;4.243575e-02;7.016454e-02;6.095517e-02;6.229784e-02
1.639829e-01;8.830504e-02;1.888457e-01;2.628266e-02;5.186315e-02;5.521224e-02;1.179464e-01;4.328683e-02;7.423414e-02;7.848503e-02;3.439286e-02;7.716300e-02
2.402720e-01;8.626601e-02;1.220696e-01;1.550162e-02;4.275924e-02;6.892223e-02;1.490739e-01;2.835582e-02;5.922528e-02;6.609423e-02;4.594668e-02;7.551338e-02
2.295603e-01;7.575820e-02;1.556848e-01;1.885695e-02;3.380545e-02;7.039969e-02;1.541260e-01;3.143291e-02;5.862562e-02;5.535609e-02;5.625613e-02;6.013783e-02
2.046692e-01;7.030006e-02;1.824913e-01;3.655745e-02;4.683020e-02;5.320080e-02;1.526344e-01;4.056530e-02;5.596180e-02;3.455380e-02;5.045512e-02;7.178058e-02
1.437860e-01;5.724806e-02;2.038656e-01;5.734191e-02;6.296192e-02;4.164113e-02;1.336659e-01;3.828483e-02;6.018491e-02;2.948258e-02;7.007971e-02;1.014575e-01
8.591816e-02;5.681226e-02;1.490065e-01;7.810840e-02;8.894162e-02;6.572142e-02;1.256141e-01;4.758692e-02;7.514189e-02;6.414385e-02;7.009125e-02;9.291373e-02
8.531281e-02;7.569256e-02;1.194363e-01;5.843662e-02;8.061557e-02;9.978902e-02;1.738010e-01;4.709163e-02;6.638793e-02;7.536183e-02;6.288486e-02;5.518992e-02
8.397555e-02;7.098297e-02;1.295294e-01;4.511175e-02;7.272445e-02;9.626000e-02;2.213858e-01;4.773128e-02;6.519689e-02;6.790923e-02;5.727820e-02;4.191443e-02
7.864347e-02;5.954742e-02;1.185824e-01;4.470167e-02;7.259927e-02;9.595919e-02;1.918327e-01;7.004219e-02;7.477419e-02;8.858375e-02;6.838010e-02;3.635362e-02
5.386562e-02;2.791279e-02;1.597293e-01;6.811381e-02;7.767734e-02;6.083666e-02;2.535800e-01;7.826400e-02;5.084955e-02;8.579117e-02;5.806679e-02;2.531292e-02
3.866545e-02;4.212573e-02;3.015427e-01;6.600401e-02;8.431430e-02;4.843189e-02;1.973009e-01;5.825911e-02;3.215411e-02;6.343136e-02;4.699522e-02;2.077527e-02
2.893080e-02;6.276117e-02;4.248189e-01;6.061489e-02;6.548458e-02;3.551023e-02;1.209178e-01;5.473194e-02;2.408453e-02;6.518114e-02;4.055808e-02;1.640598e-02
2.061641e-02;7.035536e-02;5.009598e-01;5.637890e-02;4.813909e-02;2.217196e-02;7.686944e-02;4.249298e-02;2.573093e-02;8.539942e-02;4.046151e-02;1.042426e-02
2.936192e-02;8.667745e-02;4.542654e-01;5.282168e-02;5.292419e-02;2.992222e-02;6.782238e-02;3.814146e-02;3.876347e-02;8.873344e-02;4.100663e-02;1.955973e-02
6.411356e-02;1.144021e-01;3.223521e-01;3.735133e-02;5.113572e-02;3.809989e-02;1.451054e-01;3.598545e-02;3.981298e-02;8.053180e-02;4.185533e-02;2.925441e-02
9.218440e-02;1.146800e-01;2.903158e-01;2.635049e-02;4.293112e-02;5.040108e-02;1.516596e-01;2.964984e-02;2.569155e-02;9.053826e-02;4.607402e-02;3.952387e-02
7.259585e-02;8.133688e-02;2.837230e-01;5.149376e-02;7.151520e-02;6.008272e-02;1.052984e-01;5.065703e-02;4.520020e-02;8.874044e-02;5.093450e-02;3.842201e-02
7.452911e-02;1.271463e-01;1.697109e-01;7.346928e-02;8.026655e-02;5.840449e-02;1.498771e-01;5.446426e-02;5.218713e-02;7.986861e-02;4.483498e-02;3.524126e-02
4.758502e-02;1.135974e-01;2.745898e-01;6.517562e-02;7.574244e-02;5.501087e-02;1.506419e-01;4.643023e-02;4.159595e-02;6.453737e-02;4.012834e-02;2.496503e-02
3.865900e-02;7.812721e-02;4.234856e-01;5.545049e-02;6.880897e-02;4.995311e-02;1.110627e-01;2.818184e-02;2.824343e-02;6.736765e-02;3.524901e-02;1.541106e-02
4.523298e-02;9.742108e-02;4.358203e-01;5.173390e-02;5.994083e-02;4.338639e-02;7.424290e-02;2.205380e-02;2.801356e-02;7.051732e-02;4.167697e-02;2.996003e-02
6.001956e-02;8.676203e-02;4.265792e-01;4.252689e-02;4.869584e-02;3.106186e-02;5.488054e-02;2.315512e-02;3.769401e-02;8.453597e-02;6.684012e-02;3.724883e-02
6.930076e-02;4.376004e-02;4.425696e-01;4.194227e-02;4.533602e-02;1.793979e-02;6.376048e-02;2.627248e-02;3.714671e-02;1.053780e-01;8.668495e-02;1.990891e-02
5.123733e-02;1.943060e-02;4.623466e-01;4.469190e-02;5.716065e-02;1.609061e-02;8.665951e-02;3.777403e-02;2.155805e-02;1.103921e-01;6.728679e-02;2.537181e-02
3.248263e-02;3.185341e-02;4.641027e-01;4.270044e-02;7.543886e-02;3.433578e-02;9.849864e-02;3.022268e-02;2.169515e-02;1.071313e-01;4.566537e-02;1.587302e-02
2.317984e-02;3.939863e-02;4.863012e-01;4.631971e-02;7.338576e-02;4.708080e-02;7.667836e-02;2.133068e-02;2.540230e-02;1.031112e-01;3.817067e-02;1.964088e-02
1.361041e-02;6.676658e-02;4.913879e-01;6.413099e-02;4.250497e-02;4.253890e-02;5.937909e-02;3.755958e-02;3.598036e-02;7.586455e-02;3.492746e-02;3.534921e-02
1.841335e-02;8.228613e-02;4.648821e-01;7.818506e-02;2.559574e-02;6.110392e-02;3.360296e-02;4.411416e-02;4.046543e-02;7.489911e-02;3.254143e-02;4.391064e-02
9.031358e-03;8.639253e-02;4.705569e-01;7.414602e-02;3.892540e-02;6.154199e-02;3.391852e-02;3.796310e-02;4.105571e-02;6.815532e-02;3.184361e-02;4.646951e-02
2.610530e-02;9.379093e-02;4.618235e-01;6.407373e-02;4.829455e-02;5.904786e-02;4.717802e-02;2.834276e-02;4.767281e-02;5.323711e-02;2.882838e-02;4.160500e-02
4.241328e-02;9.001075e-02;3.974699e-01;6.118328e-02;6.215369e-02;5.509133e-02;9.446377e-02;4.162681e-02;4.806541e-02;3.747223e-02;2.997250e-02;4.007702e-02
3.583813e-02;7.619887e-02;4.436805e-01;5.194058e-02;6.949297e-02;3.052875e-02;1.007636e-01;5.199946e-02;4.258160e-02;2.341253e-02;3.216914e-02;4.139384e-02
1.027145e-02;6.380146e-02;6.087099e-01;3.746292e-02;4.138910e-02;2.291885e-02;5.926454e-02;4.455786e-02;3.068884e-02;1.675882e-02;3.011624e-02;3.406001e-02
1.529726e-02;4.204299e-02;6.684159e-01;4.158398e-02;3.578029e-02;1.804867e-02;3.601944e-02;3.226226e-02;3.012578e-02;2.916241e-02;2.770560e-02;2.355539e-02
2.376647e-02;2.093460e-02;6.721391e-01;4.905351e-02;4.772587e-02;2.001048e-02;4.431271e-02;2.088498e-02;2.702242e-02;4.467713e-02;2.326653e-02;6.206211e-03
2.870610e-02;2.605814e-02;6.560827e-01;5.240894e-02;6.021691e-02;2.390495e-02;4.362583e-02;1.337432e-02;1.413304e-02;5.301265e-02;1.877896e-02;9.697479e-03
3.279690e-02;2.771140e-02;6.335998e-01;4.880409e-02;6.309582e-02;2.606368e-02;5.705318e-02;1.171972e-02;1.718373e-02;5.536128e-02;1.648854e-02;1.012189e-02
3.729605e-02;3.133123e-02;5.289825e-01;5.575084e-02;7.754002e-02;3.801223e-02;1.011515e-01;2.996255e-02;2.306001e-02;5.099621e-02;1.854626e-02;7.370654e-03
3.357695e-02;3.360040e-02;4.549947e-01;7.036727e-02;9.331405e-02;4.565618e-02;1.350172e-01;2.846822e-02;2.199569e-02;5.300106e-02;1.990631e-02;1.010187e-02
2.667825e-02;3.733156e-02;5.109727e-01;7.120670e-02;8.622357e-02;3.522583e-02;1.143644e-01;1.046029e-02;1.584855e-02;6.448286e-02;1.883935e-02;8.365876e-03
2.171782e-02;6.127582e-02;5.422617e-01;5.193077e-02;7.304820e-02;2.964184e-02;7.502418e-02;1.708615e-02;3.047235e-02;6.851271e-02;1.851699e-02;1.051149e-02
2.579699e-02;6.225339e-02;5.249142e-01;3.959116e-02;6.858534e-02;3.484363e-02;8.211827e-02;2.493486e-02;4.392931e-02;5.590619e-02;2.317321e-02;1.395350e-02
3.004913e-02;3.249355e-02;5.974795e-01;4.608083e-02;7.375307e-02;3.013912e-02;5.398178e-02;1.401994e-02;4.133322e-02;4.085707e-02;2.553449e-02;1.427826e-02
3.146998e-02;2.420711e-02;6.582173e-01;4.262611e-02;5.510261e-02;1.830607e-02;3.812900e-02;2.035346e-02;3.449441e-02;3.317960e-02;2.921410e-02;1.470029e-02
1.800015e-02;3.462895e-02;6.749747e-01;3.685124e-02;3.406658e-02;2.069798e-02;2.812526e-02;4.000945e-02;3.618314e-02;2.426610e-02;3.314012e-02;1.905630e-02
1.200585e-02;4.597527e-02;6.638002e-01;3.232890e-02;2.668600e-02;1.891206e-02;3.446303e-02;5.518134e-02;3.659150e-02;1.795316e-02;3.172170e-02;2.438105e-02
1.534419e-02;5.608314e-02;6.350506e-01;3.503915e-02;2.614663e-02;2.794213e-02;4.318995e-02;5.465771e-02;3.146269e-02;1.870348e-02;2.673286e-02;2.964750e-02
1.271312e-02;5.901598e-02;6.454163e-01;4.058407e-02;2.502353e-02;4.067929e-02;4.074007e-02;3.826706e-02;2.842148e-02;1.798273e-02;1.935059e-02;3.180580e-02
1.183395e-02;5.285117e-02;6.753490e-01;3.910857e-02;1.907419e-02;4.093389e-02;4.544063e-02;2.520630e-02;2.468022e-02;1.561352e-02;1.505011e-02;3.485847e-02
1.270843e-02;4.737056e-02;6.769934e-01;3.644979e-02;1.440626e-02;3.325539e-02;5.268724e-02;2.849894e-02;1.768468e-02;1.907657e-02;2.962605e-02;3.124264e-02
3.025982e-02;3.382273e-02;5.794849e-01;4.474851e-02;4.484120e-02;2.819302e-02;6.763155e-02;2.392522e-02;3.052145e-02;4.622034e-02;4.583036e-02;2.452091e-02
3.624620e-02;5.252806e-02;4.343859e-01;4.558366e-02;4.956290e-02;3.920951e-02;7.350144e-02;2.841530e-02;6.572842e-02;6.078995e-02;7.403702e-02;4.001165e-02
3.161818e-02;7.021126e-02;3.821507e-01;3.478565e-02;2.831369e-02;4.245612e-02;6.857324e-02;4.748647e-02;7.597976e-02;4.908079e-02;1.147783e-01;5.456594e-02
2.224480e-02;7.887225e-02;3.754594e-01;2.214565e-02;2.208456e-02;3.215479e-02;5.197372e-02;6.641213e-02;6.552640e-02;4.878820e-02;1.488329e-01;6.550523e-02
3.620480e-02;9.502836e-02;3.548094e-01;2.437861e-02;1.752313e-02;3.059206e-02;4.378876e-02;7.383671e-02;5.855250e-02;4.917929e-02;1.386717e-01;7.743467e-02
8.445025e-02;9.347679e-02;3.020034e-01;2.853432e-02;2.589095e-02;2.820391e-02;6.642727e-02;6.381232e-02;7.241810e-02;5.514548e-02;1.062788e-01;7.335839e-02
1.119451e-01;8.171164e-02;2.502798e-01;3.295562e-02;3.403392e-02;2.229952e-02;9.246991e-02;5.768256e-02;8.215994e-02;8.141594e-02;9.161784e-02;6.142822e-02
8.246747e-02;7.884444e-02;2.895062e-01;3.197027e-02;2.994441e-02;2.507173e-02;1.163193e-01;5.416014e-02;7.446695e-02;9.463383e-02;6.718041e-02;5.543493e-02
4.133543e-02;8.179232e-02;3.432423e-01;3.232619e-02;3.142257e-02;3.426050e-02;1.651486e-01;4.319224e-02;4.902627e-02;7.574376e-02;4.836322e-02;5.414663e-02
3.749402e-02;1.103188e-01;2.183562e-01;4.532999e-02;2.432282e-02;3.818806e-02;1.735168e-01;4.814233e-02;6.308274e-02;1.080407e-01;8.669180e-02;4.651578e-02
6.117452e-02;9.374225e-02;2.693494e-01;3.334766e-02;3.790077e-02;4.138965e-02;1.070780e-01;6.910833e-02;8.126026e-02;9.185210e-02;6.980764e-02;4.398941e-02
3.763357e-02;7.504747e-02;3.526475e-01;2.491814e-02;3.267317e-02;3.361603e-02;6.884462e-02;9.142561e-02;8.879625e-02;9.096341e-02;6.351281e-02;3.992149e-02
1.681076e-02;6.525640e-02;4.028595e-01;2.655298e-02;2.792001e-02;2.738447e-02;5.448228e-02;1.100789e-01;7.715246e-02;9.111746e-02;6.816021e-02;3.222453e-02
2.650343e-02;6.059182e-02;4.065214e-01;2.843111e-02;2.415919e-02;2.575633e-02;5.498553e-02;1.375421e-01;5.638464e-02;7.188229e-02;7.555614e-02;3.168596e-02
2.147251e-02;6.149351e-02;3.854851e-01;3.352899e-02;3.126463e-02;3.566223e-02;6.077497e-02;1.331063e-01;7.412821e-02;6.904856e-02;6.079612e-02;3.323880e-02
5.458748e-02;5.886316e-02;3.438169e-01;2.868360e-02;2.350103e-02;3.412383e-02;1.080261e-01;9.199886e-02;1.114985e-01;6.273038e-02;4.780435e-02;3.436587e-02
8.795238e-02;6.267692e-02;2.652950e-01;2.884681e-02;4.192302e-02;3.075533e-02;1.346467e-01;5.627727e-02;1.250239e-01;7.285123e-02;5.879629e-02;3.495511e-02
9.940180e-02;8.173062e-02;2.014663e-01;2.966532e-02;5.537144e-02;4.502915e-02;5.873000e-02;9.300955e-02;1.015909e-01;1.114640e-01;7.435387e-02;4.818698e-02
6.410640e-02;5.393724e-02;1.885210e-01;4.337984e-02;6.800557e-02;5.425017e-02;1.670379e-01;7.299522e-02;6.584249e-02;8.697727e-02;7.770342e-02;5.724359e-02
6.559607e-02;7.759880e-02;1.612620e-01;5.931639e-02;7.467645e-02;3.781490e-02;1.466192e-01;7.467674e-02;7.423192e-02;6.312548e-02;9.623077e-02;6.885125e-02
1.069171e-01;7.833251e-02;2.441707e-01;5.672316e-02;5.512118e-02;2.504196e-02;8.906983e-02;6.967191e-02;5.540491e-02;4.796753e-02;9.398966e-02;7.758959e-02
1.256587e-01;7.320837e-02;2.705783e-01;5.327860e-02;4.466968e-02;3.699375e-02;7.823926e-02;5.882043e-02;7.660412e-02;5.335752e-02;6.433512e-02;6.425609e-02
8.816615e-02;7.570547e-02;2.790932e-01;5.807336e-02;4.757795e-02;3.205917e-02;5.335214e-02;6.844836e-02;6.851748e-02;5.426124e-02;1.149219e-01;5.982368e-02
6.488011e-02;6.348386e-02;3.321382e-01;5.437227e-02;4.725775e-02;2.486782e-02;6.654974e-02;7.120989e-02;4.222491e-02;4.943362e-02;1.241631e-01;5.941872e-02
5.287214e-02;5.129887e-02;3.611972e-01;4.004078e-02;3.806770e-02;2.605936e-02;5.743122e-02;7.475887e-02;4.914509e-02;5.070886e-02;1.125861e-01;8.583383e-02
7.659420e-02;6.127067e-02;3.355002e-01;2.602567e-02;2.090980e-02;2.617598e-02;4.800915e-02;9.392646e-02;5.913993e-02;5.345196e-02;8.990187e-02;1.090942e-01
1.067015e-01;7.761638e-02;2.932004e-01;2.560680e-02;1.746441e-02;2.687573e-02;5.978621e-02;1.078803e-01;6.889339e-02;4.687500e-02;6.806874e-02;1.010311e-01
1.406038e-01;7.987661e-02;2.712523e-01;2.747398e-02;2.475206e-02;2.271882e-02;8.588212e-02;9.811776e-02;7.189772e-02;4.226739e-02;6.143125e-02;7.372624e-02
1.353909e-01;7.186792e-02;2.737219e-01;2.737246e-02;2.979078e-02;2.373918e-02;1.209466e-01;7.693300e-02;4.797455e-02;3.900294e-02;7.320914e-02;8.005066e-02
9.659403e-02;5.998262e-02;3.289309e-01;3.161978e-02;3.550087e-02;2.794123e-02;9.615076e-02;6.932337e-02;4.373267e-02;3.837613e-02;8.502467e-02;8.682293e-02
9.893866e-02;7.557247e-02;3.504714e-01;2.859224e-02;2.874961e-02;2.778518e-02;4.037309e-02;7.354136e-02;4.923344e-02;5.519731e-02;8.183332e-02;8.971199e-02
1.150623e-01;8.223909e-02;2.999887e-01;2.544569e-02;1.844286e-02;3.088176e-02;8.842386e-02;6.851415e-02;5.503842e-02;4.235307e-02;6.955054e-02;1.040595e-01
1.471031e-01;6.963502e-02;3.102487e-01;2.833633e-02;3.370512e-02;3.883444e-02;1.005445e-01;5.016739e-02;4.932679e-02;3.728288e-02;6.698181e-02;6.783388e-02
1.865318e-01;6.165698e-02;3.221302e-01;3.363003e-02;3.680572e-02;4.101603e-02;8.478139e-02;4.142362e-02;5.448549e-02;3.360085e-02;5.123817e-02;5.269974e-02
1.809959e-01;5.331843e-02;3.017584e-01;3.277737e-02;4.536112e-02;4.299547e-02;8.900493e-02;4.580403e-02;6.298164e-02;3.164010e-02;3.971016e-02;7.365239e-02
1.424193e-01;8.284672e-02;2.152648e-01;5.122565e-02;3.609659e-02;5.743511e-02;1.301126e-01;5.402571e-02;6.122426e-02;3.621741e-02;6.558734e-02;6.754455e-02
1.353339e-01;1.090677e-01;1.707066e-01;6.337842e-02;3.762646e-02;5.764491e-02;1.403686e-01;3.418671e-02;4.695275e-02;5.427011e-02;8.097012e-02;6.949387e-02
1.263397e-01;1.089146e-01;1.820304e-01;6.117395e-02;3.655340e-02;3.715464e-02;1.441339e-01;3.703167e-02;5.066147e-02;5.722848e-02;8.017447e-02;7.860328e-02
7.615191e-02;8.325569e-02;2.437839e-01;5.462318e-02;3.748976e-02;3.639945e-02;1.405300e-01;4.262017e-02;4.610443e-02;8.865160e-02;8.080790e-02;6.958204e-02
7.324082e-02;9.685945e-02;2.798333e-01;3.548843e-02;4.279636e-02;3.895159e-02;9.301644e-02;4.414290e-02;6.159851e-02;1.010053e-01;7.519295e-02;5.787400e-02
1.315546e-01;1.363727e-01;2.343777e-01;2.743987e-02;2.765292e-02;2.870600e-02;8.606350e-02;5.224688e-02;7.485565e-02;8.037479e-02;5.898336e-02;6.137204e-02
1.813116e-01;1.552765e-01;1.670245e-01;1.911070e-02;2.611920e-02;1.955754e-02;9.369650e-02;6.328892e-02;5.936323e-02;7.755948e-02;9.848166e-02;3.921010e-02
2.169521e-01;1.366417e-01;1.349204e-01;1.428175e-02;2.873104e-02;1.655658e-02;1.024180e-01;5.544057e-02;5.130728e-02;6.148782e-02;1.317522e-01;4.951046e-02
2.043559e-01;1.054771e-01;1.482246e-01;1.451384e-02;3.209476e-02;2.147475e-02;1.204235e-01;5.870028e-02;5.038961e-02;4.041504e-02;1.240141e-01;7.991643e-02
1.652990e-01;8.680117e-02;1.510005e-01;2.031895e-02;4.561279e-02;3.129952e-02;1.435797e-01;6.536654e-02;5.372859e-02;4.928027e-02;9.834439e-02;8.936865e-02
1.682631e-01;9.534704e-02;1.651026e-01;2.268150e-02;5.823411e-02;3.955568e-02;1.223615e-01;8.331972e-02;6.462844e-02;6.192659e-02;5.188652e-02;6.669311e-02
1.155066e-01;7.837652e-02;2.615736e-01;3.695862e-02;4.182501e-02;2.821687e-02;1.058410e-01;1.114876e-01;6.601673e-02;8.073818e-02;3.981612e-02;3.364319e-02
7.577893e-02;6.313998e-02;3.238880e-01;3.056505e-02;2.527902e-02;1.750788e-02;9.548707e-02;1.251459e-01;6.438172e-02;1.112913e-01;5.141156e-02;1.612346e-02
7.223431e-02;6.652121e-02;3.086184e-01;1.990620e-02;1.944915e-02;1.435255e-02;1.405212e-01;1.039467e-01;3.927022e-02;1.318635e-01;6.383733e-02;1.947913e-02
9.211537e-02;9.550212e-02;2.989523e-01;1.922907e-02;2.695214e-02;2.599977e-02;1.268801e-01;7.475938e-02;3.126420e-02;1.372502e-01;4.454373e-02;2.655164e-02
1.217561e-01;1.183377e-01;2.456554e-01;1.816811e-02;2.875957e-02;2.585185e-02;9.738629e-02;7.264671e-02;4.668558e-02;1.029844e-01;8.215484e-02;3.961346e-02
1.857486e-01;1.215466e-01;1.905558e-01;1.477276e-02;3.593722e-02;1.993917e-02;8.320676e-02;7.128518e-02;5.350700e-02;6.107594e-02;1.016429e-01;6.078207e-02
2.143046e-01;1.133919e-01;1.490004e-01;2.504887e-02;4.101600e-02;2.878228e-02;1.113829e-01;6.678233e-02;6.323884e-02;3.399949e-02;8.952411e-02;6.352833e-02
1.682114e-01;8.326404e-02;1.444399e-01;3.547312e-02;3.978977e-02;4.547237e-02;1.375171e-01;6.189014e-02;6.795157e-02;6.687167e-02;7.899863e-02;7.012024e-02
1.254349e-01;6.766640e-02;1.706017e-01;3.427062e-02;4.272107e-02;5.740627e-02;1.197976e-01;4.876065e-02;8.026589e-02;9.618164e-02;9.111191e-02;6.578126e-02
1.409747e-01;1.248661e-01;2.217945e-01;2.704181e-02;3.071091e-02;3.582426e-02;1.208967e-01;5.155930e-02;5.884523e-02;9.667447e-02;5.651876e-02;3.429326e-02
1.634374e-01;1.717549e-01;1.578526e-01;3.126459e-02;2.331045e-02;4.534089e-02;1.294935e-01;4.442646e-02;4.266592e-02;8.985321e-02;4.223062e-02;5.836948e-02
2.056744e-01;1.608816e-01;8.406701e-02;4.328573e-02;4.873882e-02;5.165177e-02;1.066669e-01;4.949098e-02;4.138464e-02;8.098394e-02;5.194821e-02;7.522600e-02
1.875188e-01;1.261886e-01;1.048884e-01;5.483842e-02;6.242447e-02;5.342175e-02;7.438367e-02;5.488345e-02;4.299513e-02;9.834990e-02;7.616391e-02;6.394361e-02
1.314116e-01;1.010173e-01;9.660740e-02;4.666140e-02;9.056383e-02;7.640621e-02;8.119271e-02;4.007746e-02;9.508807e-02;1.030888e-01;6.989390e-02;6.799142e-02
1.096876e-01;6.845260e-02;9.196715e-02;4.758353e-02;9.322080e-02;6.671009e-02;1.310868e-01;8.295552e-02;1.018117e-01;8.987482e-02;5.589953e-02;6.074977e-02
9.683513e-02;5.695460e-02;1.166801e-01;8.322322e-02;7.640085e-02;4.196726e-02;1.382991e-01;1.131838e-01;1.060050e-01;8.092316e-02;4.643982e-02;4.308785e-02
5.498570e-02;7.073878e-02;9.788987e-02;7.921152e-02;8.607385e-02;6.782345e-02;1.340090e-01;6.969826e-02;9.991987e-02;9.238179e-02;1.047155e-01;4.255238e-02
6.138130e-02;6.562291e-02;6.961136e-02;6.485764e-02;6.933323e-02;9.247164e-02;1.187234e-01;5.773247e-02;8.943314e-02;8.794387e-02;1.460432e-01;7.684586e-02
8.505309e-02;4.358935e-02;8.161798e-02;6.647021e-02;6.033088e-02;5.992446e-02;1.353598e-01;1.056615e-01;1.126538e-01;8.027083e-02;1.059564e-01;6.311160e-02
7.320124e-02;4.444990e-02;9.474183e-02;5.935670e-02;8.641744e-02;5.879024e-02;1.588239e-01;1.022529e-01;1.094980e-01;9.911119e-02;7.048943e-02;4.286729e-02
3.748032e-02;4.932804e-02;8.708547e-02;5.343574e-02;1.630047e-01;9.533640e-02;1.246466e-01;8.980231e-02;7.842217e-02;9.178796e-02;6.652764e-02;6.314271e-02
3.175683e-02;6.007072e-02;6.760373e-02;4.201584e-02;1.664102e-01;9.834613e-02;1.201765e-01;1.135551e-01;6.778817e-02;9.906848e-02;7.408665e-02;5.912169e-02
2.407064e-02;6.210283e-02;8.817699e-02;7.294706e-02;1.035661e-01;5.964524e-02;1.421727e-01;1.233980e-01;7.671314e-02;1.191283e-01;9.435724e-02;3.372176e-02
4.173739e-02;7.182728e-02;1.019719e-01;1.059036e-01;6.411899e-02;4.390093e-02;1.321554e-01;1.218400e-01;8.266301e-02;1.251785e-01;7.044924e-02;3.825363e-02
4.128714e-02;9.339494e-02;1.112679e-01;1.137237e-01;7.873202e-02;7.347059e-02;1.216597e-01;1.241998e-01;7.663494e-02;8.336251e-02;4.780344e-02;3.446343e-02
3.586575e-02;8.919708e-02;1.255884e-01;5.788716e-02;1.214524e-01;9.806547e-02;9.787523e-02;1.225714e-01;9.304433e-02;4.793129e-02;5.668176e-02;5.383969e-02
4.401736e-02;1.036895e-01;9.657851e-02;4.350014e-02;1.111789e-01;1.050558e-01;1.138656e-01;1.141181e-01;1.002157e-01;6.184146e-02;3.949994e-02;6.643878e-02
7.367618e-02;1.152646e-01;9.120028e-02;3.988513e-02;9.467402e-02;6.901541e-02;1.683154e-01;6.603289e-02;7.203300e-02;5.725487e-02;7.283497e-02;7.981321e-02
1.108858e-01;8.972892e-02;1.145362e-01;5.240771e-02;5.938497e-02;3.673273e-02;2.058074e-01;4.482044e-02;5.154687e-02;6.091303e-02;6.221684e-02;1.110190e-01
1.079495e-01;7.079442e-02;1.259422e-01;6.162873e-02;2.641584e-02;3.706793e-02;2.120683e-01;3.224736e-02;6.790011e-02;5.888495e-02;7.518898e-02;1.239117e-01
1.046101e-01;5.938452e-02;1.789508e-01;4.024621e-02;2.972548e-02;3.937647e-02;1.958206e-01;2.395606e-02;8.351282e-02;4.333651e-02;1.135698e-01;8.751071e-02
7.743675e-02;4.199573e-02;2.406439e-01;2.828346e-02;3.739606e-02;5.219192e-02;1.708741e-01;1.387887e-02;8.992057e-02;4.360865e-02;1.495741e-01;5.419584e-02
8.722112e-02;6.741667e-02;2.365586e-01;2.953687e-02;4.117385e-02;5.845759e-02;1.632613e-01;1.499671e-02;8.430018e-02;3.455701e-02;1.331667e-01;4.935338e-02
1.055548e-01;9.175161e-02;2.155085e-01;4.374901e-02;5.705723e-02;5.218599e-02;1.500273e-01;2.020611e-02;8.302588e-02;2.529971e-02;8.736382e-02;6.827012e-02
6.664743e-02;8.859280e-02;2.254820e-01;8.060315e-02;8.203868e-02;5.590002e-02;1.418326e-01;2.751978e-02;9.147140e-02;1.873473e-02;6.834763e-02;5.282975e-02
4.745619e-02;4.001061e-02;2.207378e-01;1.097955e-01;1.110783e-01;6.360225e-02;1.598370e-01;3.682717e-02;8.262305e-02;3.051670e-02;6.049973e-02;3.701574e-02
2.988449e-02;3.238686e-02;1.688599e-01;1.141936e-01;1.319406e-01;7.776321e-02;2.066743e-01;4.981471e-02;6.738359e-02;3.416011e-02;4.654999e-02;4.038854e-02
2.509296e-02;3.046286e-02;1.390796e-01;7.737969e-02;1.173087e-01;7.590102e-02;2.953611e-01;6.275151e-02;5.836464e-02;2.671013e-02;5.015755e-02;4.143029e-02
3.501087e-02;3.481394e-02;1.195203e-01;7.266778e-02;7.319748e-02;5.473099e-02;3.705489e-01;4.940721e-02;4.164330e-02;3.646464e-02;6.019033e-02;5.180423e-02
3.779493e-02;3.300583e-02;9.629917e-02;8.915502e-02;4.388928e-02;6.426058e-02;3.633903e-01;3.586533e-02;5.156603e-02;5.886017e-02;7.032640e-02;5.558701e-02
3.806005e-02;3.291526e-02;1.047680e-01;7.959776e-02;4.259119e-02;7.515813e-02;2.760072e-01;6.988636e-02;7.808638e-02;6.426491e-02;7.496845e-02;6.369624e-02
1.555888e-02;3.863635e-02;1.451124e-01;6.403077e-02;6.480992e-02;6.558225e-02;2.450005e-01;7.926948e-02;8.408238e-02;5.608698e-02;8.006563e-02;6.176447e-02
7.234999e-02;4.391496e-02;2.133794e-01;4.200093e-02;6.058089e-02;6.961234e-02;2.234657e-01;6.502213e-02;5.269351e-02;4.254844e-02;6.562307e-02;4.880857e-02
1.383291e-01;6.112934e-02;1.983716e-01;3.886593e-02;4.560575e-02;6.173876e-02;1.878738e-01;5.998889e-02;6.250274e-02;4.219969e-02;5.226438e-02;5.113000e-02
1.838344e-01;6.330326e-02;2.132984e-01;4.025106e-02;3.762333e-02;5.710846e-02;1.387256e-01;8.564134e-02;5.533961e-02;3.694262e-02;3.524865e-02;5.268336e-02
1.801273e-01;6.307208e-02;1.661486e-01;3.909596e-02;5.133381e-02;6.156749e-02;2.147385e-01;8.459863e-02;4.527604e-02;3.024808e-02;2.493803e-02;3.885543e-02
1.814088e-01;5.180085e-02;1.471680e-01;3.126590e-02;5.079334e-02;3.720936e-02;2.892528e-01;7.957863e-02;4.540129e-02;2.599223e-02;1.872517e-02;4.140350e-02
1.822192e-01;5.215986e-02;1.322109e-01;2.177177e-02;4.790016e-02;4.970186e-02;2.920072e-01;7.418132e-02;3.630407e-02;3.168194e-02;3.659956e-02;4.326212e-02
1.957770e-01;6.435996e-02;2.259839e-01;3.181800e-02;6.522094e-02;5.093040e-02;1.687038e-01;5.666697e-02;2.794632e-02;3.385196e-02;3.615333e-02;4.258745e-02
2.009935e-01;6.635731e-02;1.932304e-01;4.196747e-02;5.912815e-02;5.220179e-02;1.661955e-01;6.013006e-02;4.091943e-02;3.726329e-02;3.111606e-02;5.049711e-02
1.551731e-01;5.726271e-02;6.669360e-02;5.344200e-02;4.950345e-02;6.265394e-02;2.679896e-01;7.560791e-02;4.523529e-02;6.232886e-02;4.251707e-02;6.159239e-02
1.047195e-01;4.668887e-02;5.930614e-02;6.437352e-02;5.384533e-02;6.325735e-02;2.933109e-01;8.083704e-02;3.955899e-02;8.080580e-02;5.605055e-02;5.724599e-02
9.676417e-02;4.821050e-02;7.569150e-02;7.140066e-02;4.555415e-02;5.664488e-02;2.889618e-01;8.144514e-02;3.854880e-02;8.272148e-02;6.010562e-02;5.395130e-02
1.024461e-01;7.893391e-02;9.074458e-02;6.539264e-02;4.615215e-02;5.226639e-02;2.490048e-01;7.883872e-02;3.903348e-02;7.572231e-02;5.149723e-02;6.996769e-02
1.155967e-01;9.806731e-02;2.022979e-01;5.673140e-02;6.206820e-02;6.133584e-02;1.462391e-01;5.508940e-02;3.087820e-02;6.542461e-02;5.377258e-02;5.249885e-02
1.041470e-01;6.866027e-02;3.683746e-01;5.511523e-02;7.574490e-02;4.753643e-02;9.473313e-02;2.843812e-02;2.389232e-02;3.255301e-02;5.959435e-02;4.121068e-02
8.748797e-02;3.904145e-02;4.185308e-01;5.190545e-02;7.671251e-02;3.102695e-02;1.097278e-01;2.821428e-02;2.050762e-02;3.225088e-02;6.133346e-02;4.326087e-02
5.678225e-02;4.154287e-02;2.660201e-01;4.657194e-02;1.172871e-01;6.037396e-02;1.736469e-01;3.331111e-02;2.675384e-02;6.044914e-02;6.927481e-02;4.798592e-02
4.244447e-02;2.959191e-02;3.695066e-01;4.959476e-02;9.833820e-02;5.989806e-02;1.609224e-01;2.564695e-02;2.406807e-02;4.441713e-02;5.714099e-02;3.843036e-02
4.480216e-02;2.720605e-02;4.477845e-01;4.906152e-02;6.407975e-02;3.703978e-02;1.586373e-01;2.875127e-02;2.327378e-02;3.904802e-02;5.325900e-02;2.705688e-02
4.782263e-02;4.073007e-02;4.039301e-01;4.616527e-02;4.729557e-02;4.025409e-02;1.767844e-01;4.422080e-02;2.698481e-02;4.673876e-02;5.546803e-02;2.360540e-02
7.330593e-02;4.165450e-02;1.965023e-01;4.735911e-02;8.049890e-02;7.334692e-02;1.624159e-01;6.895245e-02;5.003542e-02;8.427577e-02;7.861354e-02;4.303931e-02
3.572869e-02;3.436873e-02;2.801906e-01;5.391001e-02;1.140787e-01;7.121350e-02;8.171487e-02;5.128811e-02;6.140214e-02;8.870532e-02;9.028728e-02;3.711202e-02
3.593010e-02;2.449424e-02;3.548864e-01;4.528983e-02;1.014737e-01;7.104643e-02;1.189823e-01;3.276178e-02;4.577161e-02;6.937621e-02;7.363132e-02;2.635605e-02
2.997191e-02;1.810506e-02;2.728534e-01;3.231433e-02;8.308551e-02;6.879501e-02;2.491282e-01;3.896930e-02;4.265424e-02;4.752873e-02;8.463602e-02;3.195835e-02
3.266791e-02;2.752833e-02;2.164383e-01;2.805007e-02;6.473332e-02;5.552802e-02;2.864930e-01;3.731790e-02;4.439773e-02;5.159241e-02;1.088402e-01;4.641277e-02
2.978172e-02;2.683683e-02;2.365213e-01;2.642231e-02;7.223481e-02;8.325880e-02;2.041069e-01;2.882552e-02;3.542690e-02;7.820611e-02;1.261662e-01;5.221258e-02
2.790928e-02;3.766524e-02;1.996566e-01;1.526575e-02;7.425921e-02;9.972933e-02;2.030905e-01;1.819623e-02;3.184405e-02;9.630366e-02;1.381500e-01;5.793020e-02
3.108150e-02;1.895543e-02;1.478867e-01;2.185508e-02;6.985732e-02;9.168887e-02;3.056116e-01;1.970339e-02;3.420481e-02;7.822946e-02;1.213852e-01;5.954062e-02
1.712673e-02;1.902833e-02;9.840497e-02;2.854293e-02;6.451397e-02;8.668625e-02;3.722145e-01;1.950813e-02;4.161216e-02;7.287315e-02;1.285439e-01;5.094494e-02
2.249689e-02;2.142070e-02;1.127194e-01;2.359151e-02;6.059032e-02;7.284649e-02;3.613658e-01;2.192007e-02;4.644496e-02;7.867281e-02;1.359864e-01;4.194462e-02
3.426722e-02;2.653478e-02;1.375630e-01;2.485396e-02;6.703892e-02;6.880607e-02;3.070045e-01;2.567014e-02;5.330008e-02;7.425592e-02;1.379101e-01;4.279534e-02
7.998729e-02;7.000607e-02;1.313422e-01;4.574428e-02;6.050816e-02;5.394092e-02;2.066281e-01;3.604476e-02;6.594581e-02;7.468887e-02;1.195875e-01;5.557612e-02
7.853694e-02;9.275823e-02;2.011031e-01;5.670734e-02;5.886130e-02;5.364634e-02;1.396842e-01;3.378094e-02;8.204164e-02;5.819066e-02;9.124166e-02;5.344765e-02
5.444198e-02;5.788379e-02;1.933558e-01;4.039869e-02;5.972600e-02;4.501822e-02;2.827291e-01;5.206876e-02;6.644577e-02;4.516898e-02;5.192425e-02;5.083868e-02
7.023923e-02;3.926610e-02;9.395356e-02;4.404576e-02;3.735517e-02;4.941424e-02;3.796645e-01;8.487014e-02;4.246235e-02;5.369647e-02;4.700229e-02;5.803016e-02
9.287291e-02;4.081622e-02;8.306028e-02;4.233605e-02;3.003170e-02;5.615185e-02;3.619988e-01;1.012481e-01;4.433628e-02;5.253932e-02;4.390629e-02;5.070215e-02
9.075350e-02;4.786208e-02;6.879101e-02;3.910832e-02;2.700541e-02;6.499884e-02;3.297293e-01;9.303229e-02;6.225234e-02;6.861971e-02;5.248344e-02;5.536371e-02
3.909142e-02;3.316631e-02;7.826217e-02;4.802779e-02;7.113753e-02;5.813186e-02;2.617034e-01;1.235485e-01;7.429443e-02;7.473419e-02;8.237880e-02;5.552355e-02
4.112609e-02;2.481910e-02;8.904997e-02;4.702533e-02;8.144706e-02;4.944081e-02;2.110061e-01;1.665525e-01;8.127499e-02;5.639157e-02;9.426893e-02;5.759755e-02
6.989912e-02;2.111499e-02;7.338931e-02;3.939227e-02;5.749507e-02;4.680663e-02;1.565199e-01;1.288858e-01;1.217590e-01;1.002367e-01;9.262389e-02;9.187731e-02
7.013012e-02;4.580000e-02;8.951082e-02;3.435039e-02;3.959488e-02;4.405028e-02;1.222602e-01;1.123973e-01;1.314950e-01;1.302591e-01;8.263855e-02;9.751337e-02
8.437582e-02;6.432258e-02;5.673933e-02;4.891526e-02;2.914703e-02;5.043056e-02;1.211305e-01;1.230942e-01;1.054244e-01;1.388022e-01;1.153115e-01;6.230655e-02
9.763640e-02;6.162374e-02;5.148197e-02;4.177396e-02;2.537737e-02;4.021179e-02;1.425524e-01;1.069854e-01;8.523786e-02;1.442934e-01;1.561905e-01;4.663515e-02
8.761515e-02;3.823977e-02;1.169135e-01;2.971368e-02;4.030352e-02;3.183964e-02;1.707349e-01;1.064854e-01;9.020337e-02;1.153883e-01;1.182425e-01;5.432035e-02
6.941901e-02;6.330116e-02;1.105156e-01;3.148006e-02;4.092307e-02;2.739572e-02;1.629476e-01;7.753396e-02;1.336117e-01;1.189860e-01;9.072768e-02;7.315849e-02
7.212989e-02;9.256188e-02;8.106188e-02;4.668638e-02;4.774326e-02;4.690545e-02;1.385871e-01;7.210355e-02;1.341229e-01;1.350348e-01;6.083583e-02;7.222701e-02
1.071070e-01;7.261098e-02;1.139301e-01;4.763310e-02;4.843781e-02;6.035939e-02;1.039525e-01;9.558079e-02;6.652430e-02;8.660530e-02;8.624806e-02;1.110106e-01
1.086598e-01;6.137510e-02;1.045860e-01;5.803320e-02;3.115537e-02;3.772810e-02;6.978301e-02;7.326663e-02;6.875992e-02;6.192373e-02;9.656936e-02;2.281598e-01
8.412690e-02;5.558596e-02;9.598362e-02;4.632341e-02;3.354485e-02;2.663852e-02;1.034312e-01;6.898504e-02;6.716850e-02;6.370047e-02;5.975835e-02;2.947531e-01
1.307731e-01;7.473852e-02;1.139850e-01;2.880248e-02;4.299802e-02;3.317055e-02;1.945889e-01;5.003149e-02;5.839941e-02;6.289516e-02;6.056118e-02;1.490562e-01
1.497095e-01;6.097306e-02;1.158964e-01;3.094243e-02;4.414618e-02;4.090363e-02;2.177439e-01;3.872406e-02;6.354873e-02;7.739411e-02;9.482321e-02;6.519486e-02
1.587100e-01;4.217657e-02;8.638030e-02;3.429475e-02;3.303741e-02;3.737982e-02;2.375804e-01;4.914211e-02;6.049543e-02;8.812440e-02;1.143707e-01;5.830808e-02
1.448103e-01;3.161400e-02;5.526781e-02;3.361276e-02;3.608365e-02;3.754205e-02;2.532767e-01;7.724690e-02;5.980622e-02;7.424175e-02;1.186894e-01;7.780849e-02
1.069531e-01;1.839527e-02;6.625069e-02;2.873293e-02;4.753379e-02;4.705287e-02;2.461993e-01;1.021969e-01;9.950083e-02;5.961863e-02;9.662005e-02;8.094556e-02
4.763586e-02;2.160310e-02;9.192389e-02;2.061065e-02;7.901886e-02;6.734450e-02;2.676002e-01;1.087324e-01;1.076185e-01;4.067110e-02;7.840499e-02;6.883593e-02
3.786523e-02;2.501653e-02;9.281572e-02;2.024838e-02;1.051121e-01;1.003361e-01;2.919269e-01;8.743557e-02;7.734831e-02;3.300558e-02;7.175998e-02;5.712957e-02
2.486266e-02;3.152669e-02;9.999497e-02;2.081638e-02;1.280143e-01;1.001329e-01;3.042302e-01;6.007088e-02;6.484664e-02;3.977874e-02;7.206006e-02;5.366563e-02
5.385600e-02;2.777547e-02;9.140795e-02;2.509143e-02;1.411937e-01;7.952070e-02;3.050470e-01;3.441053e-02;6.260699e-02;4.351621e-02;7.203351e-02;6.354043e-02
4.596689e-02;1.876784e-02;1.183285e-01;3.194818e-02;1.419404e-01;6.920076e-02;3.299346e-01;2.163436e-02;5.136596e-02;3.668774e-02;7.278986e-02;6.143486e-02
5.038837e-02;1.207614e-02;1.165929e-01;3.595343e-02;1.360944e-01;8.657388e-02;3.136945e-01;1.602449e-02;7.400265e-02;3.435772e-02;7.335771e-02;5.088382e-02
5.689704e-02;1.634742e-02;1.250779e-01;3.038412e-02;1.141428e-01;1.287521e-01;2.532586e-01;3.076772e-02;8.045046e-02;4.357909e-02;8.152375e-02;3.881904e-02
6.808143e-02;2.760331e-02;1.037474e-01;3.653000e-02;9.795439e-02;1.677969e-01;2.040651e-01;5.722553e-02;6.169991e-02;4.781459e-02;9.897639e-02;2.850497e-02
7.419618e-02;2.209173e-02;8.172849e-02;2.695512e-02;1.059944e-01;1.873710e-01;1.804020e-01;7.242764e-02;4.778208e-02;5.984418e-02;1.122650e-01;2.894210e-02
8.297649e-02;3.637309e-02;1.211013e-01;3.439048e-02;1.123029e-01;1.444070e-01;1.634992e-01;6.001375e-02;5.969765e-02;5.489080e-02;1.013954e-01;2.895194e-02
5.692232e-02;4.329572e-02;1.457033e-01;4.721208e-02;8.104780e-02;9.798690e-02;1.946271e-01;4.758693e-02;1.040196e-01;5.553942e-02;9.191526e-02;3.414361e-02
6.261907e-02;4.180291e-02;1.204712e-01;5.214876e-02;5.409176e-02;7.223883e-02;2.428896e-01;9.911700e-02;8.657009e-02;5.129018e-02;6.907043e-02;4.769015e-02
5.857987e-02;3.523172e-02;8.115750e-02;5.909318e-02;4.757147e-02;7.087640e-02;2.058913e-01;1.599248e-01;1.109545e-01;6.096332e-02;5.588586e-02;5.387018e-02
4.838240e-02;2.813940e-02;9.685267e-02;5.273658e-02;6.923446e-02;7.214624e-02;2.182478e-01;1.465823e-01;7.848842e-02;5.489413e-02;7.603578e-02;5.825989e-02
4.378116e-02;4.042815e-02;1.063548e-01;3.162977e-02;7.598142e-02;6.876366e-02;2.350387e-01;1.350958e-01;5.715068e-02;8.063562e-02;8.221388e-02;4.292628e-02
2.863675e-02;3.861847e-02;1.623533e-01;3.398818e-02;6.734683e-02;1.086650e-01;2.033807e-01;7.929218e-02;7.378283e-02;8.571170e-02;8.535206e-02;3.287201e-02
4.598556e-02;3.345900e-02;1.547054e-01;2.731767e-02;7.427203e-02;1.715855e-01;2.019130e-01;3.934477e-02;6.799320e-02;6.316017e-02;9.248882e-02;2.777488e-02
5.012961e-02;2.695725e-02;1.479234e-01;3.462519e-02;6.357765e-02;2.033672e-01;1.876886e-01;2.675875e-02;5.805431e-02;6.078043e-02;1.094294e-01;3.070823e-02
6.128227e-02;3.111428e-02;1.449427e-01;5.131629e-02;6.247718e-02;1.700134e-01;1.790330e-01;2.166210e-02;5.467241e-02;6.974565e-02;1.180221e-01;3.571866e-02
4.963710e-02;7.265679e-02;1.160691e-01;6.936920e-02;1.093515e-01;1.152774e-01;1.457386e-01;2.727625e-02;5.166904e-02;9.292993e-02;1.103381e-01;3.968693e-02
6.804711e-02;9.190712e-02;1.068668e-01;6.398620e-02;1.556273e-01;7.246944e-02;7.882773e-02;3.584196e-02;7.155725e-02;1.240094e-01;8.489302e-02;4.596675e-02
1.181333e-01;8.062684e-02;1.410449e-01;6.056190e-02;1.227420e-01;7.931616e-02;6.203885e-02;2.732696e-02;8.089717e-02;1.278490e-01;6.660359e-02;3.285941e-02
1.697413e-01;9.198937e-02;1.684236e-01;6.311172e-02;7.711097e-02;6.266164e-02;6.941023e-02;2.761993e-02;7.049770e-02;1.255083e-01;5.399123e-02;1.993392e-02
2.011437e-01;8.552837e-02;1.506246e-01;9.703414e-02;6.697989e-02;4.034764e-02;5.979722e-02;3.445959e-02;7.732713e-02;9.931172e-02;6.819979e-02;1.924616e-02
2.049295e-01;6.595920e-02;1.329046e-01;1.456991e-01;5.300100e-02;3.420801e-02;6.767566e-02;3.379641e-02;9.261148e-02;7.889868e-02;6.819972e-02;2.211665e-02
1.906016e-01;7.114951e-02;1.359819e-01;1.770379e-01;5.697861e-02;1.985432e-02;6.019808e-02;3.713360e-02;9.977357e-02;6.673683e-02;6.490655e-02;1.964755e-02
1.557184e-01;6.966415e-02;1.588902e-01;1.891012e-01;7.758487e-02;2.994781e-02;4.204209e-02;3.721964e-02;8.401868e-02;5.954487e-02;6.130856e-02;3.495945e-02
1.222236e-01;6.417145e-02;1.714665e-01;1.974536e-01;1.289437e-01;3.236115e-02;3.893480e-02;3.189822e-02;7.330177e-02;4.735566e-02;5.792018e-02;3.396933e-02
9.432305e-02;6.379620e-02;1.948664e-01;1.799375e-01;1.766431e-01;2.510766e-02;4.661993e-02;3.045771e-02;7.090597e-02;3.845014e-02;5.838993e-02;2.050238e-02
7.480358e-02;6.602484e-02;1.975552e-01;1.434300e-01;2.081379e-01;3.594102e-02;5.366493e-02;3.165424e-02;7.120563e-02;4.331702e-02;5.584839e-02;1.841733e-02
4.062890e-02;6.214848e-02;2.066490e-01;1.033035e-01;2.436604e-01;5.546531e-02;7.187278e-02;2.589635e-02;6.419160e-02;4.778985e-02;5.513910e-02;2.325469e-02
3.945599e-02;5.112437e-02;2.277967e-01;7.167324e-02;2.585480e-01;7.111168e-02;5.689818e-02;2.889291e-02;6.659064e-02;4.372002e-02;5.119618e-02;3.299204e-02
5.847112e-02;5.429909e-02;2.159422e-01;8.264628e-02;2.174905e-01;5.555421e-02;7.143416e-02;3.844873e-02;7.955077e-02;3.768332e-02;6.003236e-02;2.844724e-02
7.249294e-02;4.553403e-02;1.836311e-01;1.050413e-01;1.637897e-01;4.916401e-02;7.158978e-02;4.947757e-02;1.033639e-01;5.083260e-02;9.142299e-02;1.365997e-02
8.501691e-02;3.935342e-02;1.701058e-01;1.351336e-01;9.740974e-02;7.062375e-02;8.988897e-02;4.934512e-02;9.575468e-02;5.612850e-02;9.461077e-02;1.662876e-02
9.349664e-02;1.458852e-02;1.962193e-01;1.646324e-01;6.092004e-02;5.390898e-02;1.003965e-01;5.585966e-02;9.765711e-02;5.452992e-02;8.398478e-02;2.380616e-02
9.496247e-02;2.955716e-02;2.020774e-01;1.479646e-01;7.010242e-02;5.941587e-02;8.803250e-02;4.175431e-02;1.042702e-01;5.278728e-02;8.100402e-02;2.807181e-02
1.133501e-01;4.845100e-02;1.991509e-01;1.428390e-01;7.169484e-02;6.394055e-02;8.517766e-02;2.327874e-02;1.112058e-01;5.408818e-02;7.739604e-02;9.427208e-03
1.074774e-01;6.734046e-02;1.735422e-01;1.117658e-01;9.064847e-02;6.815358e-02;7.436118e-02;2.923782e-02;8.782671e-02;9.644824e-02;5.942341e-02;3.377467e-02
6.888713e-02;9.178931e-02;1.476993e-01;6.876497e-02;1.100658e-01;5.786772e-02;7.006486e-02;6.200407e-02;6.744573e-02;1.271661e-01;5.944726e-02;6.879782e-02
4.088526e-02;9.155494e-02;8.524875e-02;5.432360e-02;1.083350e-01;5.887921e-02;9.596192e-02;7.754428e-02;6.062979e-02;1.495568e-01;8.405957e-02;9.302085e-02
4.124206e-02;5.988554e-02;1.126765e-01;4.765036e-02;9.443580e-02;9.045474e-02;8.215479e-02;6.213984e-02;5.194631e-02;1.542147e-01;1.198276e-01;8.337184e-02
6.208547e-02;4.077794e-02;8.447646e-02;3.356159e-02;8.477157e-02;1.181593e-01;1.189440e-01;4.851057e-02;7.176566e-02;1.185129e-01;1.622129e-01;5.622170e-02
5.354646e-02;3.080732e-02;1.084538e-01;2.015785e-02;8.184607e-02;1.160139e-01;1.600802e-01;4.327213e-02;1.127056e-01;8.868334e-02;1.505134e-01;3.391982e-02
3.029329e-02;2.790836e-02;9.679630e-02;2.613264e-02;8.097939e-02;1.032018e-01;2.398807e-01;4.889535e-02;1.452463e-01;6.460497e-02;1.085812e-01;2.747977e-02
3.562396e-02;3.732195e-02;1.100279e-01;2.312020e-02;6.188964e-02;6.768923e-02;3.096567e-01;5.944706e-02;1.229911e-01;8.202384e-02;5.596090e-02;3.424742e-02
2.480281e-02;3.379660e-02;1.104846e-01;2.430475e-02;7.016362e-02;5.464752e-02;3.316101e-01;4.828768e-02;1.030567e-01;8.797187e-02;7.106248e-02;3.981130e-02
2.964989e-02;3.574876e-02;1.124652e-01;5.022673e-02;7.253601e-02;6.503929e-02;2.946237e-01;2.637757e-02;8.336587e-02;1.005484e-01;8.779100e-02;4.162756e-02
5.807746e-02;3.175903e-02;1.516870e-01;6.309123e-02;5.788004e-02;8.187763e-02;2.602735e-01;3.053491e-02;6.414037e-02;9.163950e-02;6.727796e-02;4.176142e-02
6.303538e-02;2.220608e-02;1.378717e-01;4.659940e-02;8.142947e-02;8.735541e-02;2.493864e-01;2.418438e-02;9.308602e-02;9.180247e-02;5.932831e-02;4.371497e-02
5.852270e-02;4.362295e-02;1.025417e-01;4.096726e-02;6.509777e-02;9.843385e-02;2.293248e-01;4.603952e-02;1.210752e-01;8.082683e-02;6.965605e-02;4.389136e-02
5.659392e-02;5.497382e-02;9.377486e-02;4.501577e-02;5.919866e-02;9.589929e-02;1.452925e-01;8.399638e-02;1.259604e-01;8.857087e-02;8.873143e-02;6.199209e-02
4.709524e-02;3.900552e-02;1.131318e-01;6.001643e-02;8.408067e-02;7.622072e-02;1.015473e-01;9.987301e-02;1.163001e-01;8.933930e-02;9.823303e-02;7.515690e-02
4.639161e-02;4.699674e-02;9.736595e-02;4.990255e-02;6.178413e-02;7.813858e-02;1.807082e-01;1.010397e-01;9.315352e-02;8.883466e-02;1.147266e-01;4.095776e-02
