8.294161e-02;1.331649e-01;1.352861e-01;7.609934e-02;4.508762e-02;5.526356e-02;4.052106e-02;6.785327e-02;9.844027e-02;1.635747e-01;3.242079e-02;6.934676e-02
9.673533e-02;7.713755e-02;9.484711e-02;8.412937e-02;6.074599e-02;9.155887e-02;9.554261e-02;9.593620e-02;7.260308e-02;9.939294e-02;5.511611e-02;7.625487e-02
1.053574e-01;9.025265e-02;8.601373e-02;7.935400e-02;6.058459e-02;8.951661e-02;9.579084e-02;1.055328e-01;8.150666e-02;7.669938e-02;5.899320e-02;7.039805e-02
1.041570e-01;9.743886e-02;1.057687e-01;5.822484e-02;6.923957e-02;9.252705e-02;7.353199e-02;7.890657e-02;8.624019e-02;5.499684e-02;9.515744e-02;8.381096e-02
7.330209e-02;8.236968e-02;9.773334e-02;5.844860e-02;4.614856e-02;8.206785e-02;6.806827e-02;1.110644e-01;9.778184e-02;9.420455e-02;9.306062e-02;9.575016e-02
6.053958e-02;8.189321e-02;9.786527e-02;4.432111e-02;3.608722e-02;8.654783e-02;6.347407e-02;1.395597e-01;1.026227e-01;1.080983e-01;6.263619e-02;1.163548e-01
3.524249e-02;6.814420e-02;9.815641e-02;5.430458e-02;5.145493e-02;9.462401e-02;1.006675e-01;1.284620e-01;1.093506e-01;1.052422e-01;2.851075e-02;1.258404e-01
6.866350e-02;4.527824e-02;8.435397e-02;6.199463e-02;6.611828e-02;9.780365e-02;1.083001e-01;7.631994e-02;1.469462e-01;1.014861e-01;4.800263e-02;9.473275e-02
5.399996e-02;3.919689e-02;1.071636e-01;5.095089e-02;8.242429e-02;1.307261e-01;7.230145e-02;5.433478e-02;1.707424e-01;8.590973e-02;6.624161e-02;8.600828e-02
1.568953e-02;3.277941e-02;1.288691e-01;5.515185e-02;1.180748e-01;1.509924e-01;3.019255e-02;6.557826e-02;2.006364e-01;4.543022e-02;7.471783e-02;8.188769e-02
3.347839e-02;1.761241e-02;1.077011e-01;7.367430e-02;1.256223e-01;1.823163e-01;2.536828e-02;7.874601e-02;1.929045e-01;3.760600e-02;5.539107e-02;6.957944e-02
3.973565e-02;3.448880e-02;9.991095e-02;8.984428e-02;1.175844e-01;1.938750e-01;4.045995e-02;7.849789e-02;1.417847e-01;4.679014e-02;4.516330e-02;7.186487e-02
2.586641e-02;5.653282e-02;1.004596e-01;9.430071e-02;1.252992e-01;1.994397e-01;5.289809e-02;9.366176e-02;8.814789e-02;3.800040e-02;4.182297e-02;8.357047e-02
3.257386e-02;7.235923e-02;8.819586e-02;6.249134e-02;1.038068e-01;2.353211e-01;6.591515e-02;7.590034e-02;7.287119e-02;6.401870e-02;4.323572e-02;8.331066e-02
5.934620e-02;1.001241e-01;8.203299e-02;4.238226e-02;4.904832e-02;2.522157e-01;9.133729e-02;7.466973e-02;8.389658e-02;5.668907e-02;2.521027e-02;8.304755e-02
6.361225e-02;9.310531e-02;7.629683e-02;5.203110e-02;5.564601e-02;1.898242e-01;7.083659e-02;1.324892e-01;1.105671e-01;6.550705e-02;1.698861e-02;7.309571e-02
2.069302e-02;1.691069e-01;9.017839e-02;4.502602e-02;5.847605e-02;9.316429e-02;4.694025e-02;2.143080e-01;8.807555e-02;8.924383e-02;2.939294e-02;5.539478e-02
1.156799e-02;2.245107e-01;1.141690e-01;4.265190e-02;5.261810e-02;9.567510e-02;3.677997e-02;2.150978e-01;4.578199e-02;6.389233e-02;5.807989e-02;3.917506e-02
7.565892e-03;1.763889e-01;2.402430e-01;4.079837e-02;4.302865e-02;7.289553e-02;1.563721e-02;2.095077e-01;5.680572e-02;3.469695e-02;5.494899e-02;4.748311e-02
9.535181e-03;8.563517e-02;3.064723e-01;8.547762e-02;3.345713e-02;7.415270e-02;2.460658e-02;2.103655e-01;5.809236e-02;2.250043e-02;3.166297e-02;5.804207e-02
1.085323e-02;4.759704e-02;3.064709e-01;1.140118e-01;2.757452e-02;9.707980e-02;3.504737e-02;2.062759e-01;5.404789e-02;1.492149e-02;1.352499e-02;7.259502e-02
1.859771e-02;2.969395e-02;2.585256e-01;1.388907e-01;4.444914e-02;1.289991e-01;3.362453e-02;1.768999e-01;6.189099e-02;1.300696e-02;1.023359e-02;8.518781e-02
1.763635e-02;1.960233e-02;1.958696e-01;1.752106e-01;5.595602e-02;1.335065e-01;4.474200e-02;1.414202e-01;1.018784e-01;1.621184e-02;1.961303e-02;7.835320e-02
3.466927e-02;2.601442e-02;1.452646e-01;2.226256e-01;6.153564e-02;8.537460e-02;4.525510e-02;9.769275e-02;1.892397e-01;1.377775e-02;2.662563e-02;5.192484e-02
7.889628e-02;1.527381e-02;9.042303e-02;2.620365e-01;6.884885e-02;4.008749e-02;2.762449e-02;6.363203e-02;2.591885e-01;2.028913e-02;4.218877e-02;3.151108e-02
1.020143e-01;9.726507e-03;6.513503e-02;2.636511e-01;6.804027e-02;2.757820e-02;5.705700e-02;4.266244e-02;2.547330e-01;4.235540e-02;4.817830e-02;1.886852e-02
8.920020e-02;3.044230e-02;8.972115e-02;2.218652e-01;9.408172e-02;4.665627e-02;6.697128e-02;3.625970e-02;1.968022e-01;6.524511e-02;5.252220e-02;1.023272e-02
6.100810e-02;6.369842e-02;1.164953e-01;1.755033e-01;1.168118e-01;8.064053e-02;5.622749e-02;5.372848e-02;1.421650e-01;6.554469e-02;5.556927e-02;1.260768e-02
5.076433e-02;7.624882e-02;1.094062e-01;1.264684e-01;1.248249e-01;1.289096e-01;6.317302e-02;7.113221e-02;1.061722e-01;7.800613e-02;4.668979e-02;1.820428e-02
3.226486e-02;6.819189e-02;7.557927e-02;1.123968e-01;1.414371e-01;1.521762e-01;7.144635e-02;5.486144e-02;9.144901e-02;1.207258e-01;4.815078e-02;3.132047e-02
1.336683e-02;7.220702e-02;3.566097e-02;1.137605e-01;2.103769e-01;1.374809e-01;3.763220e-02;4.819899e-02;7.962452e-02;1.658008e-01;3.755182e-02;4.833860e-02
8.624407e-03;7.378890e-02;1.988417e-02;1.383177e-01;2.697566e-01;9.760620e-02;3.444201e-02;4.492723e-02;6.776302e-02;1.699023e-01;2.241872e-02;5.256868e-02
3.044814e-02;5.797239e-02;3.111969e-02;1.646022e-01;2.562451e-01;5.763181e-02;9.890313e-02;5.735255e-02;7.598551e-02;1.137958e-01;1.572170e-02;4.022187e-02
6.014166e-02;3.903547e-02;4.481941e-02;1.882744e-01;1.869673e-01;6.955810e-02;1.402289e-01;6.953289e-02;9.521187e-02;5.967405e-02;1.612378e-02;3.043212e-02
8.109346e-02;2.497996e-02;6.456099e-02;2.030610e-01;1.160090e-01;8.712804e-02;1.023865e-01;1.344039e-01;1.117569e-01;3.635849e-02;1.842145e-02;1.984036e-02
5.527988e-02;3.321210e-02;1.351249e-01;1.631667e-01;6.944918e-02;9.701943e-02;6.066301e-02;1.883765e-01;1.064435e-01;3.495799e-02;2.397018e-02;3.233666e-02
3.484941e-02;2.475563e-02;1.684039e-01;9.883324e-02;8.674113e-02;1.072191e-01;5.522444e-02;1.734300e-01;1.217261e-01;3.792853e-02;2.334952e-02;6.753895e-02
5.855114e-02;1.973728e-02;1.657603e-01;1.038941e-01;1.025705e-01;7.922880e-02;3.213583e-02;1.564227e-01;1.343397e-01;3.994633e-02;1.670527e-02;9.070803e-02
8.984891e-02;1.622118e-02;1.177143e-01;8.692051e-02;8.841629e-02;7.542981e-02;5.950332e-02;1.378348e-01;1.712954e-01;3.720664e-02;1.236301e-02;1.072457e-01
1.396666e-01;1.823661e-02;5.907547e-02;1.461689e-01;8.521444e-02;5.028924e-02;6.524368e-02;1.226016e-01;1.997484e-01;3.499396e-02;1.152669e-02;6.723443e-02
1.595773e-01;1.477054e-02;6.463072e-02;1.885663e-01;7.350866e-02;2.112610e-02;2.887778e-02;1.485845e-01;2.076575e-01;4.673522e-02;1.069293e-02;3.527244e-02
1.243539e-01;1.985233e-02;9.396205e-02;1.492695e-01;3.435265e-02;3.777783e-02;1.269762e-02;1.812513e-01;1.732031e-01;3.118755e-02;1.732544e-02;1.247668e-01
7.016323e-02;3.572935e-02;1.261504e-01;1.051361e-01;2.560744e-02;7.201798e-02;1.228352e-02;1.952206e-01;1.323892e-01;1.647828e-02;3.760817e-02;1.712158e-01
3.805653e-02;4.461715e-02;1.545776e-01;8.532922e-02;5.881874e-02;9.428120e-02;2.361852e-02;1.711563e-01;8.777497e-02;4.142296e-02;5.115398e-02;1.491928e-01
5.115208e-02;5.684339e-02;1.582844e-01;1.088884e-01;7.577149e-02;1.002840e-01;3.037492e-02;1.384575e-01;1.048031e-01;7.071717e-02;4.652667e-02;5.789688e-02
3.463644e-02;5.584185e-02;7.938002e-02;1.692056e-01;5.044789e-02;9.627251e-02;3.381720e-02;1.526192e-01;1.835401e-01;4.909120e-02;3.143882e-02;6.370929e-02
2.393253e-02;3.893198e-02;3.622711e-02;1.877593e-01;8.863323e-02;8.903872e-02;4.792377e-02;1.660427e-01;1.948016e-01;3.988573e-02;1.347223e-02;7.335114e-02
1.688701e-02;3.523578e-02;7.627743e-02;1.940780e-01;1.026606e-01;1.214688e-01;4.388013e-02;1.274630e-01;1.987984e-01;1.527259e-02;1.544540e-02;5.253293e-02
9.975093e-03;4.269790e-02;1.063476e-01;1.542511e-01;9.571137e-02;1.603778e-01;2.555726e-02;1.388289e-01;1.729955e-01;5.085719e-02;1.117562e-02;3.122470e-02
1.017884e-02;3.647991e-02;1.093039e-01;1.145958e-01;1.447009e-01;1.705196e-01;2.148307e-02;1.005670e-01;1.692911e-01;6.121752e-02;2.959756e-02;3.206483e-02
1.015479e-02;8.200773e-02;1.565615e-01;1.294029e-01;1.445139e-01;1.226818e-01;3.884143e-02;9.800859e-02;1.194935e-01;3.392839e-02;3.899676e-02;2.540862e-02
3.479324e-02;1.238411e-01;1.468597e-01;1.113025e-01;1.020984e-01;8.021724e-02;5.774136e-02;1.159695e-01;1.076354e-01;4.636386e-02;4.697525e-02;2.620239e-02
7.554902e-02;1.152987e-01;1.364482e-01;9.626856e-02;7.534737e-02;6.433757e-02;5.801956e-02;1.253974e-01;1.184096e-01;4.688291e-02;5.356740e-02;3.447367e-02
8.005682e-02;7.952036e-02;1.548760e-01;1.581705e-01;5.599679e-02;7.566094e-02;3.798737e-02;1.236662e-01;1.069484e-01;3.310289e-02;3.735787e-02;5.665580e-02
5.181782e-02;5.491894e-02;1.916044e-01;1.837837e-01;4.416349e-02;8.913569e-02;2.986437e-02;1.553546e-01;8.852232e-02;1.387249e-02;1.506535e-02;8.189686e-02
1.264076e-02;3.433311e-02;2.477947e-01;1.481660e-01;3.038703e-02;1.158328e-01;4.180041e-02;1.810212e-01;7.407003e-02;2.339866e-02;5.628778e-03;8.492652e-02
4.877513e-03;4.753888e-02;2.729035e-01;1.040987e-01;2.412818e-02;1.069950e-01;4.514911e-02;1.844138e-01;8.598982e-02;4.065960e-02;9.312004e-03;7.393392e-02
1.525691e-02;8.448708e-02;2.373940e-01;9.966955e-02;1.278999e-02;8.356266e-02;3.206040e-02;1.776365e-01;9.907569e-02;6.825885e-02;3.026972e-02;5.953867e-02
2.861927e-02;1.055109e-01;1.675424e-01;1.048301e-01;4.308292e-02;8.545130e-02;4.862387e-02;1.612475e-01;7.701834e-02;8.018975e-02;5.651632e-02;4.136727e-02
5.181208e-02;9.737115e-02;9.671845e-02;6.657630e-02;7.692975e-02;1.104342e-01;4.279263e-02;1.675666e-01;6.357014e-02;9.783450e-02;8.071534e-02;4.767891e-02
4.962732e-02;6.769720e-02;1.783487e-01;1.181845e-01;5.957344e-02;5.896704e-02;6.982621e-02;1.224887e-01;4.787281e-02;8.161333e-02;8.737909e-02;5.842162e-02
5.865267e-02;7.507998e-02;1.896951e-01;1.214426e-01;5.624688e-02;4.926231e-02;7.713667e-02;1.099547e-01;4.271534e-02;6.673189e-02;1.066009e-01;4.648092e-02
7.569639e-02;1.142718e-01;1.913873e-01;1.100565e-01;5.826844e-02;3.379365e-02;9.120248e-02;1.272418e-01;3.590466e-02;3.216942e-02;9.872730e-02;3.128029e-02
8.852319e-02;1.632290e-01;1.362739e-01;8.419458e-02;5.489226e-02;2.309594e-02;1.137870e-01;1.583165e-01;2.630618e-02;2.247843e-02;1.059210e-01;2.298210e-02
8.367791e-02;1.812508e-01;1.305093e-01;6.015875e-02;5.542536e-02;4.161137e-02;1.073915e-01;1.553190e-01;2.770892e-02;1.616652e-02;1.261694e-01;1.461115e-02
6.427458e-02;1.607740e-01;1.521300e-01;6.258231e-02;4.833354e-02;8.320954e-02;8.351375e-02;1.287436e-01;3.663158e-02;2.465019e-02;1.336090e-01;2.154790e-02
4.705703e-02;1.164457e-01;1.657680e-01;6.045182e-02;4.318466e-02;1.371504e-01;4.476732e-02;1.138800e-01;4.848417e-02;4.475700e-02;1.536867e-01;2.436717e-02
3.476616e-02;8.680002e-02;1.443832e-01;9.319797e-02;8.572467e-02;1.623351e-01;3.197768e-02;1.039141e-01;5.021735e-02;3.525655e-02;1.134134e-01;5.801382e-02
2.926171e-02;9.855749e-02;1.301050e-01;1.542156e-01;8.986347e-02;1.085611e-01;7.014623e-02;1.247869e-01;7.556217e-02;1.768054e-02;6.387506e-02;3.738470e-02
2.663719e-02;8.788185e-02;2.094955e-01;1.318230e-01;5.655277e-02;1.022285e-01;5.525561e-02;1.004031e-01;1.020957e-01;2.777593e-02;6.029198e-02;3.955889e-02
3.413381e-02;6.961554e-02;2.352351e-01;7.179067e-02;3.687038e-02;1.284385e-01;7.088705e-02;1.054450e-01;9.251913e-02;2.216554e-02;5.498767e-02;7.791163e-02
3.896030e-02;9.059796e-02;2.361594e-01;1.109104e-01;9.207503e-02;9.601117e-02;6.260506e-02;7.256211e-02;5.711596e-02;2.176075e-02;3.617715e-02;8.506469e-02
4.152935e-02;8.738153e-02;1.880021e-01;5.481437e-02;1.174974e-01;8.405561e-02;5.254935e-02;1.031509e-01;6.623014e-02;5.307269e-02;5.794287e-02;9.377367e-02
3.823731e-02;6.742556e-02;1.169720e-01;4.912814e-02;8.092337e-02;1.122577e-01;1.255583e-01;1.250287e-01;6.322167e-02;6.369308e-02;7.794122e-02;7.961292e-02
2.708829e-02;1.091508e-01;7.956068e-02;3.436647e-02;6.097597e-02;1.063977e-01;1.813033e-01;1.156922e-01;5.330203e-02;4.300652e-02;1.224706e-01;6.668548e-02
2.233052e-02;1.545489e-01;6.215455e-02;1.609534e-02;5.010615e-02;8.902626e-02;2.169256e-01;9.789584e-02;5.630090e-02;3.734168e-02;1.523449e-01;4.492937e-02
3.405870e-02;1.569907e-01;7.165647e-02;2.745589e-02;3.912631e-02;1.337273e-01;1.871889e-01;9.329438e-02;6.035254e-02;4.770143e-02;1.152664e-01;3.318099e-02
4.199516e-02;1.034843e-01;9.324212e-02;4.955992e-02;5.785724e-02;1.909940e-01;1.312214e-01;1.094314e-01;7.625975e-02;3.549971e-02;6.397037e-02;4.648451e-02
4.152603e-02;1.004009e-01;1.269903e-01;4.779523e-02;8.285799e-02;1.943589e-01;7.848404e-02;1.314486e-01;7.580578e-02;3.380064e-02;4.730644e-02;3.922511e-02
3.052308e-02;1.220720e-01;1.449844e-01;2.427366e-02;6.905109e-02;1.975648e-01;9.001680e-02;1.625737e-01;7.133310e-02;2.719153e-02;3.871286e-02;2.170300e-02
1.622517e-02;6.092219e-02;1.481725e-01;3.620209e-02;5.094469e-02;1.725415e-01;1.258492e-01;1.861382e-01;7.026037e-02;3.663022e-02;7.260431e-02;2.350963e-02
3.468881e-02;9.399090e-02;1.232053e-01;7.807618e-02;3.990899e-02;1.995896e-01;5.982308e-02;1.457314e-01;5.246716e-02;7.778236e-02;5.386594e-02;4.087022e-02
5.957591e-02;1.138438e-01;8.597060e-02;8.402888e-02;3.643675e-02;2.718948e-01;3.729495e-02;9.109537e-02;4.235796e-02;9.220613e-02;4.006360e-02;4.523116e-02
8.338876e-02;9.829402e-02;3.926329e-02;7.314009e-02;5.845375e-02;3.665278e-01;2.048678e-02;7.882959e-02;2.359522e-02;8.019827e-02;3.568952e-02;4.213293e-02
7.430308e-02;8.075618e-02;4.060192e-02;6.042313e-02;5.189794e-02;4.299930e-01;3.715319e-02;1.000847e-01;2.483325e-02;5.855810e-02;1.579241e-02;2.560311e-02
5.926038e-02;8.237379e-02;5.966586e-02;3.837015e-02;4.583437e-02;4.439481e-01;4.855780e-02;1.279125e-01;3.054701e-02;3.583297e-02;1.313363e-02;1.456345e-02
5.104344e-02;8.858906e-02;9.765618e-02;2.857866e-02;3.135990e-02;4.558528e-01;6.152639e-02;1.088756e-01;2.341287e-02;2.334638e-02;8.499919e-03;2.125891e-02
3.634036e-02;1.511981e-01;1.413388e-01;4.568321e-02;4.780165e-02;3.933758e-01;6.469961e-02;5.133503e-02;1.351278e-02;1.346606e-02;1.819525e-02;2.305328e-02
2.197966e-02;9.396923e-02;1.801875e-01;4.452442e-02;6.073419e-02;3.690333e-01;6.791651e-02;7.092144e-02;2.929025e-02;1.326590e-02;2.283156e-02;2.534614e-02
1.531902e-02;9.603822e-02;1.860936e-01;4.481923e-02;6.045517e-02;3.504976e-01;6.922704e-02;8.243181e-02;2.813258e-02;1.840566e-02;1.878127e-02;2.979874e-02
1.935796e-02;3.727134e-02;1.409528e-01;4.990576e-02;4.155782e-02;4.023125e-01;6.953821e-02;1.206327e-01;4.420854e-02;1.969538e-02;2.689851e-02;2.766861e-02
2.162680e-02;6.097841e-02;6.744704e-02;2.921659e-02;4.431614e-02;3.854004e-01;8.531708e-02;1.783651e-01;5.961899e-02;1.503477e-02;2.943416e-02;2.324456e-02
2.506411e-02;1.070527e-01;3.593990e-02;8.045340e-02;8.002890e-02;2.039309e-01;1.448670e-01;1.717307e-01;6.055507e-02;3.053689e-02;3.438801e-02;2.545236e-02
2.914722e-02;1.189903e-01;1.039756e-01;9.084094e-02;6.868666e-02;2.314136e-01;6.541799e-02;1.530442e-01;6.660353e-02;3.441512e-02;1.594348e-02;2.152140e-02
3.936833e-02;1.138670e-01;1.232838e-01;7.945389e-02;5.489665e-02;2.360063e-01;6.517229e-02;1.172412e-01;7.058676e-02;5.327078e-02;2.293804e-02;2.391505e-02
3.508840e-02;8.921146e-02;1.019952e-01;5.195152e-02;5.023347e-02;2.271172e-01;8.421016e-02;1.331201e-01;1.040381e-01;5.917668e-02;3.857558e-02;2.528215e-02
1.845422e-02;1.159653e-01;1.589456e-01;5.064259e-02;4.404272e-02;2.137585e-01;8.570626e-02;1.046707e-01;1.160966e-01;3.201491e-02;3.715446e-02;2.254817e-02
2.818677e-02;1.581917e-01;2.320039e-01;4.352783e-02;3.633133e-02;1.328324e-01;6.037069e-02;1.333996e-01;1.061074e-01;2.410582e-02;2.520430e-02;1.973833e-02
2.479010e-02;1.425373e-01;1.953113e-01;2.152376e-02;3.006959e-02;2.279742e-01;2.500182e-02;2.096014e-01;7.120579e-02;2.594310e-02;7.136717e-03;1.890492e-02
3.111840e-02;1.076475e-01;1.285075e-01;3.549539e-02;3.129323e-02;4.276649e-01;3.093398e-02;1.189301e-01;3.929488e-02;2.044887e-02;8.876872e-03;1.978847e-02
2.010176e-02;7.420421e-02;1.174194e-01;4.237196e-02;3.181177e-02;4.290678e-01;3.918660e-02;1.666031e-01;3.177175e-02;2.189053e-02;1.014180e-02;1.542926e-02
1.484384e-02;6.789610e-02;1.387164e-01;4.678783e-02;1.807878e-02;3.691128e-01;5.092329e-02;1.889799e-01;4.997958e-02;2.425706e-02;1.268508e-02;1.773921e-02
1.465081e-02;9.379544e-02;1.204381e-01;4.254319e-02;2.403245e-02;3.049951e-01;7.612731e-02;1.942796e-01;7.051475e-02;2.541519e-02;1.792506e-02;1.528297e-02
1.640261e-02;1.141832e-01;7.592287e-02;3.861003e-02;6.197787e-02;2.259216e-01;9.804428e-02;2.239124e-01;8.463322e-02;2.498531e-02;2.691521e-02;8.491396e-03
2.411254e-02;9.753685e-02;7.774695e-02;1.089051e-01;8.686945e-02;1.504034e-01;8.166580e-02;2.497484e-01;6.905329e-02;1.867981e-02;2.930862e-02;5.969814e-03
2.273674e-02;6.761001e-02;1.278466e-01;1.736616e-01;5.976024e-02;7.430839e-02;4.459084e-02;2.839007e-01;8.395285e-02;2.687946e-02;1.845104e-02;1.630154e-02
1.069637e-02;5.030841e-02;1.643928e-01;1.332767e-01;4.693434e-02;5.807281e-02;4.692709e-02;2.993734e-01;1.198351e-01;3.353591e-02;4.841715e-03;3.180530e-02
1.255610e-02;5.644630e-02;1.366612e-01;7.072918e-02;1.205975e-01;9.128807e-02;4.024028e-02;2.718085e-01;1.344561e-01;2.298500e-02;5.805534e-03;3.642619e-02
2.583855e-02;5.418287e-02;7.618582e-02;1.617270e-01;1.621489e-01;7.677890e-02;1.982281e-02;1.879360e-01;1.740233e-01;2.473232e-02;1.301958e-02;2.360403e-02
5.173900e-02;2.668136e-02;4.511403e-02;2.975460e-01;9.730726e-02;3.608509e-02;2.923671e-02;1.459948e-01;2.119926e-01;3.346975e-02;1.273140e-02;1.210195e-02
6.578623e-02;1.716541e-02;4.097813e-02;3.423361e-01;4.503532e-02;3.116600e-02;4.325542e-02;1.680775e-01;2.020833e-01;2.808387e-02;9.886674e-03;6.146066e-03
7.648297e-02;2.577681e-02;2.446729e-02;3.214605e-01;5.158974e-02;4.482219e-02;4.914060e-02;1.809277e-01;1.857173e-01;2.192155e-02;1.153412e-02;6.159167e-03
6.905460e-02;4.656307e-02;6.711000e-02;2.208292e-01;6.418642e-02;7.662401e-02;4.530958e-02;2.095509e-01;1.586156e-01;1.545300e-02;1.367600e-02;1.302767e-02
4.232706e-02;5.985212e-02;1.151620e-01;1.338424e-01;6.047944e-02;1.142993e-01;5.291439e-02;2.180322e-01;1.403999e-01;2.555209e-02;1.289344e-02;2.424571e-02
1.746276e-02;5.212807e-02;1.431175e-01;1.303229e-01;5.849829e-02;1.507369e-01;4.554701e-02;2.429790e-01;1.127684e-01;1.776490e-02;1.623027e-02;1.244405e-02
1.953195e-02;5.758715e-02;1.510666e-01;1.025778e-01;1.202548e-01;1.601935e-01;4.109829e-02;2.265902e-01;8.394370e-02;1.146053e-02;1.680065e-02;8.894928e-03
2.401005e-02;4.183284e-02;1.739225e-01;6.045089e-02;1.568496e-01;1.542541e-01;6.984303e-02;2.049409e-01;6.534229e-02;1.944027e-02;1.722491e-02;1.188850e-02
1.973733e-02;7.445598e-02;1.643306e-01;1.139256e-01;1.376935e-01;1.220914e-01;6.231938e-02;2.046400e-01;5.366622e-02;2.482488e-02;9.638801e-03;1.267636e-02
2.032804e-02;4.403817e-02;1.916859e-01;1.294209e-01;1.630805e-01;9.409968e-02;4.620284e-02;1.790060e-01;8.246495e-02;2.623532e-02;9.789779e-03;1.364785e-02
1.754307e-02;7.663816e-02;2.109913e-01;1.466441e-01;1.881784e-01;7.079610e-02;5.870066e-02;1.119721e-01;8.049668e-02;1.938242e-02;1.016414e-02;8.492779e-03
2.144689e-02;8.509853e-02;2.012474e-01;1.214710e-01;1.604298e-01;6.347670e-02;7.814265e-02;1.288338e-01;1.074532e-01;1.277100e-02;9.163502e-03;1.046563e-02
2.460248e-02;1.036049e-01;1.557577e-01;1.232027e-01;8.011018e-02;1.161498e-01;6.256396e-02;1.839710e-01;1.098294e-01;2.328173e-02;5.535488e-03;1.139060e-02
2.083965e-02;1.186559e-01;7.524353e-02;8.092502e-02;6.269234e-02;1.318229e-01;7.333021e-02;2.890466e-01;9.431127e-02;3.995366e-02;3.180353e-03;9.998595e-03
2.239798e-02;1.023689e-01;1.400169e-01;8.098502e-02;7.773031e-02;1.050526e-01;9.142213e-02;2.408117e-01;7.573204e-02;4.418489e-02;9.505874e-03;9.791641e-03
1.954526e-02;9.924194e-02;2.389035e-01;8.996946e-02;7.180921e-02;1.094956e-01;8.515205e-02;1.485480e-01;8.380529e-02;3.020699e-02;8.951871e-03;1.437079e-02
2.623044e-02;1.461207e-01;1.606599e-01;5.751513e-02;3.721935e-02;1.890624e-01;4.693840e-02;1.839384e-01;9.968635e-02;2.307092e-02;1.310048e-02;1.645749e-02
3.142367e-02;1.182836e-01;1.038248e-01;4.251707e-02;3.002112e-02;3.104842e-01;3.471094e-02;1.995048e-01;7.882168e-02;2.212677e-02;7.502581e-03;2.077886e-02
3.327123e-02;7.163865e-02;8.096521e-02;4.809009e-02;4.222345e-02;4.058892e-01;2.187828e-02;1.957773e-01;3.826647e-02;2.083371e-02;6.964603e-03;3.420180e-02
2.528300e-02;3.239916e-02;9.745496e-02;6.923680e-02;5.352677e-02;3.851089e-01;3.220187e-02;1.684702e-01;5.844285e-02;1.753526e-02;1.170431e-02;4.863591e-02
1.600780e-02;2.716603e-02;1.166150e-01;7.477782e-02;5.680127e-02;3.703124e-01;5.495859e-02;1.471207e-01;5.451021e-02;1.304172e-02;1.311891e-02;5.556947e-02
1.199001e-02;4.782328e-02;1.502867e-01;6.894103e-02;6.063849e-02;3.371893e-01;4.404311e-02;1.352870e-01;4.767003e-02;1.841992e-02;1.801399e-02;5.969716e-02
1.531389e-02;6.137574e-02;1.911193e-01;6.364299e-02;6.717536e-02;2.667425e-01;2.173606e-02;1.498325e-01;5.680665e-02;2.844951e-02;2.378849e-02;5.401690e-02
9.088060e-03;6.928530e-02;2.121567e-01;6.530024e-02;6.095813e-02;2.350856e-01;2.074915e-02;1.363315e-01;8.386016e-02;3.440765e-02;2.606598e-02;4.671152e-02
1.113802e-02;6.306071e-02;2.425387e-01;8.306111e-02;4.600947e-02;1.625097e-01;3.289328e-02;1.194142e-01;1.290904e-01;4.654735e-02;2.292136e-02;4.081564e-02
8.672672e-03;9.523753e-02;2.370776e-01;7.205783e-02;3.544817e-02;2.007186e-01;2.031285e-02;9.291327e-02;1.297162e-01;5.514307e-02;2.267984e-02;3.002242e-02
1.393955e-02;9.538360e-02;2.362066e-01;6.775088e-02;4.451567e-02;1.748683e-01;2.012911e-02;8.926148e-02;1.454000e-01;6.085509e-02;2.228598e-02;2.940362e-02
1.391655e-02;6.066993e-02;2.161222e-01;6.159697e-02;5.825701e-02;2.590565e-01;2.091685e-02;9.260201e-02;1.148598e-01;5.665020e-02;1.572458e-02;2.962742e-02
1.066099e-02;5.045431e-02;2.183747e-01;5.379999e-02;5.716988e-02;3.206098e-01;2.227877e-02;1.026550e-01;8.651970e-02;3.784297e-02;1.190997e-02;2.772384e-02
1.074933e-02;5.974977e-02;2.062132e-01;4.734965e-02;7.573740e-02;3.855045e-01;3.010556e-02;8.539236e-02;5.465090e-02;1.302581e-02;8.986018e-03;2.253548e-02
7.568856e-03;4.256601e-02;1.648494e-01;4.975934e-02;7.585785e-02;4.384747e-01;3.888654e-02;8.519197e-02;5.510889e-02;1.381094e-02;1.079716e-02;1.712841e-02
6.106799e-03;5.264683e-02;1.256243e-01;7.433431e-02;4.628578e-02;3.822324e-01;5.703485e-02;1.398253e-01;8.445904e-02;1.557901e-02;6.662486e-03;9.208973e-03
8.106632e-03;5.009797e-02;1.079117e-01;9.862689e-02;3.279151e-02;3.569624e-01;5.778271e-02;1.309160e-01;1.212791e-01;1.963833e-02;7.696365e-03;8.190326e-03
1.112246e-02;4.507710e-02;1.030752e-01;8.695830e-02;2.670222e-02;3.181782e-01;6.093493e-02;1.993374e-01;1.214302e-01;1.722153e-02;3.352378e-03;6.610084e-03
1.561542e-02;5.461067e-02;1.311610e-01;6.395397e-02;2.477949e-02;2.891149e-01;5.585814e-02;2.360941e-01;9.798475e-02;1.455963e-02;5.598195e-03;1.066967e-02
1.827082e-02;8.993186e-02;1.156538e-01;3.849416e-02;1.396572e-02;2.446568e-01;5.293983e-02;2.668181e-01;1.140440e-01;2.056335e-02;1.043606e-02;1.422558e-02
1.785829e-02;9.970838e-02;6.151823e-02;4.494533e-02;1.766392e-02;2.086099e-01;6.603605e-02;2.685130e-01;1.579736e-01;2.568797e-02;1.455635e-02;1.692901e-02
1.220671e-02;6.165015e-02;1.167591e-01;4.770652e-02;3.376949e-02;1.512122e-01;4.779942e-02;3.300286e-01;1.531450e-01;2.249482e-02;8.994843e-03;1.423319e-02
1.059250e-02;6.313982e-02;1.222882e-01;3.108721e-02;4.533114e-02;2.043354e-01;5.625609e-02;2.973947e-01;1.266010e-01;1.787261e-02;1.037047e-02;1.473084e-02
1.745860e-02;8.624597e-02;1.237200e-01;2.989482e-02;5.221026e-02;1.596135e-01;7.481091e-02;2.365724e-01;1.615261e-01;2.222128e-02;1.512499e-02;2.060113e-02
2.660399e-02;6.942074e-02;6.819059e-02;4.002807e-02;5.448303e-02;1.216594e-01;7.483726e-02;3.111514e-01;1.693718e-01;3.087851e-02;1.050382e-02;2.287146e-02
2.240362e-02;6.898630e-02;1.167688e-01;2.974335e-02;4.088621e-02;1.250577e-01;8.142504e-02;3.122061e-01;1.132782e-01;5.265798e-02;1.223197e-02;2.435469e-02
3.462247e-02;7.715444e-02;6.791215e-02;4.662356e-02;5.501470e-02;1.102670e-01;1.069490e-01;2.780301e-01;8.138214e-02;6.721890e-02;2.947366e-02;4.535188e-02
4.544573e-02;8.578942e-02;1.066150e-01;1.018596e-01;1.141140e-01;1.223268e-01;5.774302e-02;1.400231e-01;6.945249e-02;4.282112e-02;4.937247e-02;6.443717e-02
6.812592e-02;6.207912e-02;8.996817e-02;1.314600e-01;1.312726e-01;1.178013e-01;4.860042e-02;9.551809e-02;8.831970e-02;3.325238e-02;7.211387e-02;6.148839e-02
7.352238e-02;4.030538e-02;6.962878e-02;1.690791e-01;1.459794e-01;9.870961e-02;3.549341e-02;9.446800e-02;1.084322e-01;2.051455e-02;8.512329e-02;5.874388e-02
5.457607e-02;4.192292e-02;8.655161e-02;1.984456e-01;1.279348e-01;8.355451e-02;2.428753e-02;1.006062e-01;1.295098e-01;2.593969e-02;7.051198e-02;5.615922e-02
1.000901e-01;4.418451e-02;8.696411e-02;2.020095e-01;6.089157e-02;6.918733e-02;2.342458e-02;1.092240e-01;1.638964e-01;2.396465e-02;6.608583e-02;5.007740e-02
1.890687e-01;2.027581e-02;5.474345e-02;2.038170e-01;4.552042e-02;3.207148e-02;3.430304e-02;9.179062e-02;1.833198e-01;2.416018e-02;9.090783e-02;3.002168e-02
2.109374e-01;1.351451e-02;6.253533e-02;2.194521e-01;5.194111e-02;1.869513e-02;6.000036e-02;7.060090e-02;1.804494e-01;1.519391e-02;7.350552e-02;2.317424e-02
1.578188e-01;2.025109e-02;1.169625e-01;2.285473e-01;6.824102e-02;1.626423e-02;8.851086e-02;5.004033e-02;1.603012e-01;3.319559e-02;4.477146e-02;1.509569e-02
1.064210e-01;1.143132e-02;1.947551e-01;2.328484e-01;8.670080e-02;1.638851e-02;1.028958e-01;5.651173e-02;1.333070e-01;3.142219e-02;2.035786e-02;6.960316e-03
8.865318e-02;1.725125e-02;2.118688e-01;2.459866e-01;7.673194e-02;2.370168e-02;8.419321e-02;8.253969e-02;1.184224e-01;2.324082e-02;2.271272e-02;4.697686e-03
7.244821e-02;1.375559e-02;1.580115e-01;2.954479e-01;7.679060e-02;2.546157e-02;5.596845e-02;1.226557e-01;1.394290e-01;1.090601e-02;2.377451e-02;5.350994e-03
5.576891e-02;1.183055e-02;8.453809e-02;3.138172e-01;1.023941e-01;2.218995e-02;3.128592e-02;1.529461e-01;1.736548e-01;2.599066e-02;1.821462e-02;7.369088e-03
4.507765e-02;2.332932e-02;7.846870e-02;2.206368e-01;1.567981e-01;2.689025e-02;2.549561e-02;1.943691e-01;1.820852e-01;2.089617e-02;1.594741e-02;1.000563e-02
3.103133e-02;3.236954e-02;7.661734e-02;8.024322e-02;2.570770e-01;7.097229e-02;2.082841e-02;2.392384e-01;1.461956e-01;1.199646e-02;1.320385e-02;2.022652e-02
1.340956e-02;3.623470e-02;7.619383e-02;5.024507e-02;2.498658e-01;1.078372e-01;1.545678e-02;2.699956e-01;1.329510e-01;1.588303e-02;6.988743e-03;2.493861e-02
1.197223e-02;3.489931e-02;7.273183e-02;4.825188e-02;1.483468e-01;1.532191e-01;2.081652e-02;3.235244e-01;1.355514e-01;1.829288e-02;4.350693e-03;2.804281e-02
1.695506e-02;2.331223e-02;8.134577e-02;3.895029e-02;7.685764e-02;1.680786e-01;2.927354e-02;3.567474e-01;1.509591e-01;1.832236e-02;6.046693e-03;3.315122e-02
1.443562e-02;2.248344e-02;1.055865e-01;3.858504e-02;3.339871e-02;1.485227e-01;5.514836e-02;3.679330e-01;1.566573e-01;1.999022e-02;4.120174e-03;3.313887e-02
9.172658e-03;2.386476e-02;1.274810e-01;6.244510e-02;2.369686e-02;8.918551e-02;6.331686e-02;3.712456e-01;1.613400e-01;3.517607e-02;6.441104e-03;2.663448e-02
9.295456e-03;3.405906e-02;1.221853e-01;1.326614e-01;2.555746e-02;7.652723e-02;4.384679e-02;3.482164e-01;1.478139e-01;3.360018e-02;6.217826e-03;2.001894e-02
1.196549e-02;4.564412e-02;1.055077e-01;1.738661e-01;2.791947e-02;1.103427e-01;2.930029e-02;3.089941e-01;1.324010e-01;2.613444e-02;1.361889e-02;1.430565e-02
1.342217e-02;5.005896e-02;1.012945e-01;1.473608e-01;2.811543e-02;1.539362e-01;4.189815e-02;2.769736e-01;1.356401e-01;1.724893e-02;2.045194e-02;1.359918e-02
1.478445e-02;5.478322e-02;7.489034e-02;1.097842e-01;5.502137e-02;1.777221e-01;4.810975e-02;2.147875e-01;1.768965e-01;4.214155e-02;1.451869e-02;1.656025e-02
2.109238e-02;4.839370e-02;4.922246e-02;7.948282e-02;7.828686e-02;1.849355e-01;3.027227e-02;2.814849e-01;1.513892e-01;4.984935e-02;1.670777e-02;8.882688e-03
1.714936e-02;4.816556e-02;5.345922e-02;8.510367e-02;1.004744e-01;1.310233e-01;1.910684e-02;3.753946e-01;1.118663e-01;3.452993e-02;1.793738e-02;5.789414e-03
9.642361e-03;3.514446e-02;8.905549e-02;9.121785e-02;1.043023e-01;9.423869e-02;2.975779e-02;3.985814e-01;1.210768e-01;1.091555e-02;9.922142e-03;6.145223e-03
1.155209e-02;1.669051e-02;9.256092e-02;6.187493e-02;1.103135e-01;1.187284e-01;4.575436e-02;3.687692e-01;1.499513e-01;1.487901e-02;4.787332e-03;4.138480e-03
1.644758e-02;2.483478e-02;1.251703e-01;4.426441e-02;7.081736e-02;1.194631e-01;4.692147e-02;3.239659e-01;1.870789e-01;1.679043e-02;1.658516e-02;7.660561e-03
1.496385e-02;5.136908e-02;1.602750e-01;6.953725e-02;3.853013e-02;1.449600e-01;2.999585e-02;3.013046e-01;1.555255e-01;1.439139e-02;9.037721e-03;1.010962e-02
1.687265e-02;1.026322e-01;1.513136e-01;3.918542e-02;3.507665e-02;1.135163e-01;1.838499e-02;3.427974e-01;1.517235e-01;1.199244e-02;1.149905e-02;5.005832e-03
1.816208e-02;1.140331e-01;1.223517e-01;5.558281e-02;4.675887e-02;1.307913e-01;1.403731e-02;3.135322e-01;1.516434e-01;1.362441e-02;1.217535e-02;7.307507e-03
1.194072e-02;7.372814e-02;1.558755e-01;1.094600e-01;5.740364e-02;1.428974e-01;2.246914e-02;2.505893e-01;1.400941e-01;1.509836e-02;1.209752e-02;8.346187e-03
1.503112e-02;6.894359e-02;1.583915e-01;1.488843e-01;5.085607e-02;1.460429e-01;5.059664e-02;2.155502e-01;1.053372e-01;1.536873e-02;1.214711e-02;1.285065e-02
2.077812e-02;6.796797e-02;1.263295e-01;1.574020e-01;6.901531e-02;1.511525e-01;6.010098e-02;1.882074e-01;1.084074e-01;1.986413e-02;1.257642e-02;1.819834e-02
1.562653e-02;3.383620e-02;1.045154e-01;1.019527e-01;9.490721e-02;1.221474e-01;9.337030e-02;2.117945e-01;1.596313e-01;3.113872e-02;1.224650e-02;1.883339e-02
1.043360e-02;8.064212e-02;1.124158e-01;4.519997e-02;8.939265e-02;6.107845e-02;1.597808e-01;2.455861e-01;1.473842e-01;1.761932e-02;2.015595e-02;1.031099e-02
1.600567e-02;1.065948e-01;9.123410e-02;3.905302e-02;8.530096e-02;1.305252e-01;1.916078e-01;1.809924e-01;1.110891e-01;1.182948e-02;2.833897e-02;7.428473e-03
2.369095e-02;1.116913e-01;8.021966e-02;5.766458e-02;7.462001e-02;1.877989e-01;1.830338e-01;1.395453e-01;8.307817e-02;1.445944e-02;3.223382e-02;1.196411e-02
2.917431e-02;1.093317e-01;7.770199e-02;6.142416e-02;5.297011e-02;2.519515e-01;1.761257e-01;9.966996e-02;6.988759e-02;1.444058e-02;3.285652e-02;2.446579e-02
2.769933e-02;6.370179e-02;6.516863e-02;5.732667e-02;3.243826e-02;2.533401e-01;1.577753e-01;1.552665e-01;9.647993e-02;3.417136e-02;1.990079e-02;3.673141e-02
3.332478e-02;5.990156e-02;9.327374e-02;1.146526e-01;3.192407e-02;2.433800e-01;8.777017e-02;1.621493e-01;7.261275e-02;4.794899e-02;1.227756e-02;4.078465e-02
4.132612e-02;6.892437e-02;9.231348e-02;1.225205e-01;2.999111e-02;3.062484e-01;2.927143e-02;1.557135e-01;4.675214e-02;6.020830e-02;1.320771e-02;3.352303e-02
3.589804e-02;9.001699e-02;8.334997e-02;8.050343e-02;3.011244e-02;3.320850e-01;4.215942e-02;1.693522e-01;3.849215e-02;4.174957e-02;3.308800e-02;2.319282e-02
3.096637e-02;1.130039e-01;1.249937e-01;4.305624e-02;4.310581e-02;2.730599e-01;6.638179e-02;1.375546e-01;5.367379e-02;2.299871e-02;3.725229e-02;5.395293e-02
3.306097e-02;9.422974e-02;1.297977e-01;5.074129e-02;1.034581e-01;2.104449e-01;1.287207e-01;6.308723e-02;6.684105e-02;1.900632e-02;2.375831e-02;7.685377e-02
2.290661e-02;6.311835e-02;1.062859e-01;5.817479e-02;1.564894e-01;1.736337e-01;1.468864e-01;7.298614e-02;8.628053e-02;1.455909e-02;1.254836e-02;8.613074e-02
2.680956e-02;4.997630e-02;7.330970e-02;5.479455e-02;1.832779e-01;1.323471e-01;1.332260e-01;9.511156e-02;1.238828e-01;2.716700e-02;1.180815e-02;8.828942e-02
3.195326e-02;6.898808e-02;5.949512e-02;7.460176e-02;1.772224e-01;9.851045e-02;9.436940e-02;1.152601e-01;1.551245e-01;2.896509e-02;2.066439e-02;7.484549e-02
3.756934e-02;8.198551e-02;5.746782e-02;1.058668e-01;1.677561e-01;8.611266e-02;4.566715e-02;1.428112e-01;1.543688e-01;2.958011e-02;2.101134e-02;6.980320e-02
2.630172e-02;8.034261e-02;9.043392e-02;1.248223e-01;1.594188e-01;9.556151e-02;3.207996e-02;1.440739e-01;1.199504e-01;3.343742e-02;2.994991e-02;6.362754e-02
1.201533e-02;8.824039e-02;1.359230e-01;1.223301e-01;1.128241e-01;1.409934e-01;3.761930e-02;1.361005e-01;7.936224e-02;4.566795e-02;3.916972e-02;4.975406e-02
8.817475e-03;8.535972e-02;1.415824e-01;9.559084e-02;4.804523e-02;1.670549e-01;7.177352e-02;1.578133e-01;9.457296e-02;4.395083e-02;4.409141e-02;4.134733e-02
1.144362e-02;6.988413e-02;8.063214e-02;8.247262e-02;4.884427e-02;1.365493e-01;1.048932e-01;2.161396e-01;1.576061e-01;3.803926e-02;1.964440e-02;3.385137e-02
1.801081e-02;4.443582e-02;5.394081e-02;7.547831e-02;8.169881e-02;1.189291e-01;9.815661e-02;2.761788e-01;1.563103e-01;3.492553e-02;1.608293e-02;2.585215e-02
1.775448e-02;5.231273e-02;7.364233e-02;7.195275e-02;1.104616e-01;1.432632e-01;6.218002e-02;2.656643e-01;1.376864e-01;3.362159e-02;1.346391e-02;1.799677e-02
8.448274e-03;3.041510e-02;9.032338e-02;8.848676e-02;1.019040e-01;2.038716e-01;4.670623e-02;2.212270e-01;1.337417e-01;2.516829e-02;2.689848e-02;2.280922e-02
1.736151e-02;4.638049e-02;8.070996e-02;7.818287e-02;2.980278e-02;2.236689e-01;5.334599e-02;2.019419e-01;1.488192e-01;4.632451e-02;4.896687e-02;2.449495e-02
2.858028e-02;8.333040e-02;8.792128e-02;6.734121e-02;6.761380e-02;1.643502e-01;7.189341e-02;1.872527e-01;1.269086e-01;4.936871e-02;4.186368e-02;2.357578e-02
4.462178e-02;9.383500e-02;9.825821e-02;4.995158e-02;5.464442e-02;1.669388e-01;9.402192e-02;1.643627e-01;7.269040e-02;6.007003e-02;6.450997e-02;3.609519e-02
4.376189e-02;7.491443e-02;8.044613e-02;4.752202e-02;7.042460e-02;1.965341e-01;9.119032e-02;1.477574e-01;8.110586e-02;5.747884e-02;4.376594e-02;6.509845e-02
4.001595e-02;5.482078e-02;6.592134e-02;7.782008e-02;1.203279e-01;1.817169e-01;7.110988e-02;1.373325e-01;8.725316e-02;5.587982e-02;2.246092e-02;8.534084e-02
2.776047e-02;9.282453e-02;9.148047e-02;1.191326e-01;1.193549e-01;1.105734e-01;4.722654e-02;1.646456e-01;7.663779e-02;3.873233e-02;4.315590e-02;6.847548e-02
3.700369e-02;1.261022e-01;9.327123e-02;1.191477e-01;8.697964e-02;7.780895e-02;7.923099e-02;1.525647e-01;8.875540e-02;3.841284e-02;6.626481e-02;3.445782e-02
3.653062e-02;1.375952e-01;1.209514e-01;8.099027e-02;7.356633e-02;1.258721e-01;8.154511e-02;1.343896e-01;8.186906e-02;3.548923e-02;5.608657e-02;3.511450e-02
3.415418e-02;1.377882e-01;1.525031e-01;6.225121e-02;7.301829e-02;9.645247e-02;7.583748e-02;1.764089e-01;7.125168e-02;3.613581e-02;4.432571e-02;3.987295e-02
3.102972e-02;8.921292e-02;7.391240e-02;4.787516e-02;8.848692e-02;2.415680e-01;5.445223e-02;2.078406e-01;8.630862e-02;2.214855e-02;2.100596e-02;3.615889e-02
3.295357e-02;7.255661e-02;9.114368e-02;4.234765e-02;8.735453e-02;3.094821e-01;6.116593e-02;1.501545e-01;6.474115e-02;1.929685e-02;1.009071e-02;5.871269e-02
2.262543e-02;6.461094e-02;9.671716e-02;4.287840e-02;8.702736e-02;2.989938e-01;5.206225e-02;1.371854e-01;7.798437e-02;2.492432e-02;1.206684e-02;8.292383e-02
1.357858e-02;7.065013e-02;9.866737e-02;3.458853e-02;8.615650e-02;3.080977e-01;4.684842e-02;1.327546e-01;6.647435e-02;3.088509e-02;1.543597e-02;9.586269e-02
2.400867e-02;1.080025e-01;1.046307e-01;4.271273e-02;9.164707e-02;2.643241e-01;6.024816e-02;1.172165e-01;3.266752e-02;3.607865e-02;2.308037e-02;9.538312e-02
2.317094e-02;1.239244e-01;1.315876e-01;6.837759e-02;9.481926e-02;2.041797e-01;5.284081e-02;8.362104e-02;4.992670e-02;3.946274e-02;4.887116e-02;7.921814e-02
1.296503e-02;9.903643e-02;1.313358e-01;8.078633e-02;1.112028e-01;1.783641e-01;4.039265e-02;9.902302e-02;7.486296e-02;5.846634e-02;5.587542e-02;5.768914e-02
9.648241e-03;6.776252e-02;1.226204e-01;8.803574e-02;1.022451e-01;2.074744e-01;2.486134e-02;1.312937e-01;7.074641e-02;7.709508e-02;4.671959e-02;5.149750e-02
9.599596e-03;6.758422e-02;1.139168e-01;8.775309e-02;8.777545e-02;1.865719e-01;1.913132e-02;1.533371e-01;8.820759e-02;8.832495e-02;3.578134e-02;6.201668e-02
5.427479e-03;6.186089e-02;1.207773e-01;8.320429e-02;8.669852e-02;1.364576e-01;2.574048e-02;1.664542e-01;1.212403e-01;8.829072e-02;5.195528e-02;5.189305e-02
6.598588e-03;5.903403e-02;1.277120e-01;9.640863e-02;9.980609e-02;9.649009e-02;4.697917e-02;1.569300e-01;1.227002e-01;8.051194e-02;5.682780e-02;5.000149e-02
7.971901e-03;6.692474e-02;1.327021e-01;1.007197e-01;1.013054e-01;1.706784e-01;4.378736e-02;1.491521e-01;9.914432e-02;5.231252e-02;4.292710e-02;3.237447e-02
7.209387e-03;4.215477e-02;1.240233e-01;1.162078e-01;1.088929e-01;2.770798e-01;2.182515e-02;1.139982e-01;8.348880e-02;3.468417e-02;2.778728e-02;4.264846e-02
1.247194e-02;5.679232e-02;1.094174e-01;1.045948e-01;1.350393e-01;2.392225e-01;3.258486e-02;1.390087e-01;7.077334e-02;2.832870e-02;2.192413e-02;4.984207e-02
1.308215e-02;5.697687e-02;1.059228e-01;1.173501e-01;1.853935e-01;1.391802e-01;6.768423e-02;1.434719e-01;7.662058e-02;2.620247e-02;2.549610e-02;4.261908e-02
1.156725e-02;8.249064e-02;1.056485e-01;1.690414e-01;2.087481e-01;1.047961e-01;6.754541e-02;1.255710e-01;5.647947e-02;2.007932e-02;1.635319e-02;3.167960e-02
1.003623e-02;8.283947e-02;1.360090e-01;2.122401e-01;2.120240e-01;7.083517e-02;4.433221e-02;1.234157e-01;3.629577e-02;1.527628e-02;3.354410e-02;2.315204e-02
6.363844e-03;7.392419e-02;1.536951e-01;2.150428e-01;1.971759e-01;9.440884e-02;5.040711e-02;1.192395e-01;1.748982e-02;1.121442e-02;4.479641e-02;1.624196e-02
7.289864e-03;6.453703e-02;1.486341e-01;2.270046e-01;1.821023e-01;8.825744e-02;4.467799e-02;1.437559e-01;1.311828e-02;9.341232e-03;5.873006e-02;1.255127e-02
1.987661e-02;5.431872e-02;1.278246e-01;2.184669e-01;1.399845e-01;8.199457e-02;5.636067e-02;1.882630e-01;1.174321e-02;7.708881e-03;7.581529e-02;1.764311e-02
1.782921e-02;6.655100e-02;1.082444e-01;2.139226e-01;9.476203e-02;8.609554e-02;3.790057e-02;2.307371e-01;1.310763e-02;7.625689e-03;1.031132e-01;2.011093e-02
1.512066e-02;8.241070e-02;9.497165e-02;2.107360e-01;6.985907e-02;6.190180e-02;3.974786e-02;2.411866e-01;2.680066e-02;8.416149e-03;1.307780e-01;1.807085e-02
1.358747e-02;8.072765e-02;9.485257e-02;2.015604e-01;6.302775e-02;6.954081e-02;1.497379e-02;2.380396e-01;2.582388e-02;8.735786e-03;1.481615e-01;4.096882e-02
7.863225e-03;7.430991e-02;9.242959e-02;1.900650e-01;4.676357e-02;6.657760e-02;2.808615e-02;2.420448e-01;2.365906e-02;2.163609e-02;1.691921e-01;3.737293e-02
1.253481e-02;8.068059e-02;8.704047e-02;1.686480e-01;4.598430e-02;6.198678e-02;2.114930e-02;2.456434e-01;2.771436e-02;3.020173e-02;2.003234e-01;1.809282e-02
8.173257e-03;8.200671e-02;8.607730e-02;1.624427e-01;4.766561e-02;5.852823e-02;3.113899e-02;2.433576e-01;1.983435e-02;2.243388e-02;2.190278e-01;1.931349e-02
1.553255e-02;7.879519e-02;8.739676e-02;1.580361e-01;5.014392e-02;4.780598e-02;4.930786e-02;2.380010e-01;3.311985e-02;2.711784e-02;1.950825e-01;1.966047e-02
1.558300e-02;8.116703e-02;8.975898e-02;1.490304e-01;4.265544e-02;7.847901e-02;3.223572e-02;2.398140e-01;4.379963e-02;3.730507e-02;1.600400e-01;3.013177e-02
1.427028e-02;7.103691e-02;8.071534e-02;1.670203e-01;4.482182e-02;8.370872e-02;4.264485e-02;2.482510e-01;3.700324e-02;3.344250e-02;1.587809e-01;1.830415e-02
9.197808e-03;7.102364e-02;9.187324e-02;1.921110e-01;7.291593e-02;6.382956e-02;2.464531e-02;2.422720e-01;2.909239e-02;4.925559e-02;1.379414e-01;1.584208e-02
6.700024e-03;6.842601e-02;1.260769e-01;1.967192e-01;7.282981e-02;7.133628e-02;5.212658e-02;2.145497e-01;3.246928e-02;3.617315e-02;1.107557e-01;1.183734e-02
1.246308e-02;7.352266e-02;1.403479e-01;1.827696e-01;6.755047e-02;9.262852e-02;5.103010e-02;1.931570e-01;3.361979e-02;3.777720e-02;9.469609e-02;2.043751e-02
2.195604e-02;7.648504e-02;1.312012e-01;1.564540e-01;8.556464e-02;8.734446e-02;5.460680e-02;1.474150e-01;7.310891e-02;5.036917e-02;8.228427e-02;3.321036e-02
1.202948e-02;6.631558e-02;1.351248e-01;1.923020e-01;1.393685e-01;6.792812e-02;5.435899e-02;8.877505e-02;9.619348e-02;5.138968e-02;7.325199e-02;2.296223e-02
1.433807e-02;5.640661e-02;1.195496e-01;1.945464e-01;1.331452e-01;7.109815e-02;2.468909e-02;1.970748e-01;7.843216e-02;2.913081e-02;6.310759e-02;1.848152e-02
1.276044e-02;4.653611e-02;1.310413e-01;1.473692e-01;8.237443e-02;1.596359e-01;2.307953e-02;2.476920e-01;6.448288e-02;1.445955e-02;4.593064e-02;2.463810e-02
7.712026e-03;4.710404e-02;1.627518e-01;1.296254e-01;6.380361e-02;1.688246e-01;3.218215e-02;2.300075e-01;5.214531e-02;2.983986e-02;4.518077e-02;3.082305e-02
1.410614e-02;7.462509e-02;1.861709e-01;1.782322e-01;9.980013e-02;7.342745e-02;5.101646e-02;1.763339e-01;4.983731e-02;3.598563e-02;2.560161e-02;3.486320e-02
1.925569e-02;3.991136e-02;1.495376e-01;1.871859e-01;1.193081e-01;1.366163e-01;6.934192e-02;1.177369e-01;7.000419e-02;4.640986e-02;1.983421e-02;2.485801e-02
