1.599371e-01;7.897658e-02;1.000016e-01;8.048574e-02;7.024276e-02;3.755149e-02;1.046125e-01;5.449226e-02;6.806121e-02;1.106982e-01;5.625155e-02;7.868893e-02
1.388152e-01;4.914926e-02;2.051474e-01;7.554244e-02;4.732866e-02;3.621510e-02;1.084965e-01;3.149289e-02;5.885591e-02;1.110821e-01;8.261300e-02;5.526159e-02
1.375875e-01;3.473210e-02;3.049324e-01;5.337364e-02;3.754027e-02;3.562873e-02;8.419198e-02;4.147879e-02;4.123336e-02;7.021875e-02;7.053027e-02;8.855219e-02
1.330958e-01;5.088997e-02;3.312605e-01;4.652657e-02;3.447054e-02;3.232502e-02;6.688817e-02;4.145217e-02;5.089281e-02;5.280347e-02;6.640372e-02;9.299119e-02
1.176826e-01;5.107683e-02;3.340244e-01;4.423023e-02;3.866298e-02;2.656868e-02;7.413210e-02;3.457231e-02;6.133538e-02;5.709613e-02;6.676672e-02;9.385165e-02
9.676512e-02;4.073814e-02;3.351616e-01;4.651075e-02;4.988800e-02;3.344472e-02;8.613144e-02;2.533517e-02;6.656817e-02;6.730714e-02;5.784476e-02;9.430502e-02
8.497842e-02;6.303305e-02;1.978243e-01;4.949428e-02;8.310694e-02;3.091634e-02;1.332478e-01;6.932960e-02;6.797639e-02;9.250953e-02;6.327969e-02;6.430372e-02
9.408443e-02;7.907923e-02;7.694753e-02;5.216745e-02;1.042229e-01;4.039224e-02;1.353732e-01;8.199281e-02;9.326342e-02;6.561965e-02;1.107231e-01;6.613410e-02
7.904549e-02;7.553869e-02;1.130731e-01;8.244469e-02;7.406898e-02;4.541279e-02;6.810340e-02;7.746782e-02;9.417956e-02;6.005218e-02;9.660526e-02;1.340081e-01
9.629922e-02;8.146692e-02;1.060079e-01;8.412978e-02;6.768218e-02;3.698809e-02;5.405311e-02;7.413489e-02;9.645539e-02;6.258270e-02;1.036055e-01;1.365943e-01
1.100815e-01;8.960655e-02;9.359289e-02;8.271192e-02;6.189619e-02;3.139322e-02;4.365132e-02;8.253182e-02;9.389383e-02;6.410654e-02;1.110959e-01;1.354384e-01
1.388624e-01;8.106197e-02;1.217146e-01;4.700901e-02;4.985039e-02;3.454250e-02;9.603956e-02;1.152248e-01;9.281042e-02;5.438810e-02;9.600222e-02;7.249402e-02
1.382931e-01;6.012288e-02;1.268337e-01;1.972850e-02;2.924151e-02;4.218239e-02;1.685455e-01;1.074744e-01;6.018487e-02;3.547064e-02;8.965938e-02;1.222631e-01
1.153991e-01;4.397107e-02;7.862990e-02;1.354683e-02;1.691598e-02;6.047986e-02;2.205072e-01;9.609266e-02;3.438709e-02;2.710821e-02;1.108666e-01;1.820954e-01
6.562475e-02;3.689868e-02;3.306058e-02;2.216392e-02;1.849996e-02;9.306258e-02;2.409874e-01;6.276448e-02;3.701309e-02;4.223282e-02;1.312599e-01;2.164319e-01
5.702246e-02;4.231877e-02;8.472443e-02;2.926964e-02;3.265018e-02;1.107598e-01;1.705891e-01;3.807844e-02;4.571775e-02;7.118231e-02;1.490734e-01;1.686139e-01
3.556497e-02;5.088864e-02;8.026886e-02;2.936877e-02;6.162392e-02;9.667764e-02;1.116197e-01;3.862843e-02;5.763112e-02;1.304383e-01;1.705113e-01;1.367783e-01
1.114115e-01;9.488521e-02;8.950575e-02;5.701540e-02;8.112688e-02;6.626670e-02;8.589703e-02;3.687048e-02;8.574966e-02;1.237451e-01;9.803260e-02;6.949367e-02
1.007456e-01;8.716106e-02;1.013914e-01;5.666572e-02;6.370392e-02;5.284181e-02;1.306925e-01;4.616180e-02;8.930939e-02;1.797517e-01;4.584915e-02;4.572584e-02
4.781352e-02;5.515683e-02;9.785664e-02;5.543938e-02;5.074553e-02;5.932273e-02;9.910179e-02;5.786277e-02;1.526805e-01;2.240511e-01;5.868055e-02;4.128862e-02
4.910535e-02;5.609970e-02;1.341483e-01;5.443027e-02;4.190415e-02;4.683392e-02;7.262620e-02;7.673283e-02;1.522840e-01;2.357004e-01;4.449917e-02;3.563570e-02
3.914789e-02;5.557181e-02;1.323097e-01;5.949164e-02;3.539558e-02;7.441171e-02;8.595274e-02;7.865023e-02;1.498763e-01;2.344578e-01;2.830555e-02;2.642896e-02
5.420569e-02;3.519376e-02;9.600955e-02;6.063017e-02;2.518445e-02;1.299997e-01;7.039791e-02;8.473727e-02;2.357220e-01;1.629951e-01;2.605413e-02;1.887028e-02
7.118636e-02;4.101203e-02;9.152230e-02;3.700296e-02;2.533845e-02;1.266624e-01;9.478534e-02;1.570390e-01;2.033095e-01;1.091047e-01;2.497515e-02;1.806167e-02
4.945407e-02;4.512767e-02;1.060979e-01;1.432746e-02;4.150806e-02;9.534712e-02;1.565391e-01;1.863366e-01;1.166039e-01;1.322571e-01;3.516833e-02;2.123268e-02
3.542378e-02;1.015248e-01;8.033291e-02;2.818168e-02;5.880345e-02;5.480824e-02;1.477571e-01;1.514486e-01;1.376812e-01;1.370104e-01;3.740097e-02;2.962679e-02
6.028733e-02;1.280649e-01;5.817423e-02;5.642107e-02;3.889669e-02;4.490697e-02;1.387697e-01;1.251893e-01;1.345866e-01;1.493137e-01;3.181137e-02;3.357815e-02
7.839536e-02;1.059654e-01;1.158403e-01;6.883273e-02;2.922512e-02;3.945643e-02;1.278827e-01;8.313765e-02;8.544200e-02;1.650966e-01;2.805600e-02;7.266965e-02
7.787050e-02;7.595548e-02;1.428148e-01;4.997372e-02;4.898012e-02;3.400304e-02;1.295117e-01;1.118743e-01;6.020766e-02;1.102573e-01;4.479799e-02;1.137534e-01
8.041103e-02;5.531754e-02;1.344163e-01;5.279793e-02;6.525130e-02;4.259202e-02;1.319694e-01;1.081599e-01;5.295869e-02;8.254574e-02;7.194132e-02;1.216389e-01
9.630905e-02;4.047095e-02;1.270285e-01;5.204601e-02;7.104059e-02;4.062418e-02;1.408746e-01;8.214997e-02;7.634751e-02;8.636284e-02;6.673842e-02;1.200074e-01
8.479466e-02;6.188412e-02;1.236970e-01;6.628957e-02;7.729444e-02;3.984049e-02;1.166450e-01;8.556199e-02;7.442726e-02;1.175130e-01;4.929893e-02;1.027535e-01
1.115379e-01;7.629395e-02;1.081433e-01;4.956228e-02;5.997087e-02;3.997818e-02;8.692745e-02;1.036494e-01;6.731250e-02;1.545113e-01;7.467454e-02;6.743827e-02
9.602857e-02;9.059616e-02;1.205335e-01;3.563581e-02;6.365862e-02;4.660970e-02;8.811377e-02;1.106960e-01;6.080914e-02;1.539389e-01;7.202499e-02;6.135489e-02
6.400714e-02;1.013193e-01;1.475246e-01;5.727135e-02;7.833335e-02;5.582835e-02;7.454830e-02;1.036382e-01;5.532501e-02;1.234019e-01;8.996406e-02;4.883847e-02
9.272867e-02;7.342938e-02;1.664250e-01;4.689156e-02;7.567507e-02;5.105397e-02;1.051640e-01;7.543433e-02;1.038699e-01;8.200182e-02;7.644371e-02;5.088267e-02
1.543505e-01;8.707691e-02;2.306973e-01;3.710338e-02;5.845661e-02;4.847920e-02;1.048400e-01;5.550362e-02;6.438772e-02;4.333184e-02;4.303530e-02;7.273762e-02
1.657295e-01;8.250459e-02;2.081522e-01;3.366020e-02;4.046273e-02;6.416234e-02;9.403147e-02;3.628650e-02;5.291949e-02;4.310692e-02;8.633687e-02;9.264714e-02
1.047780e-01;4.730805e-02;1.750256e-01;2.973006e-02;3.704266e-02;8.245382e-02;8.387496e-02;2.284264e-02;6.226483e-02;7.945100e-02;1.628913e-01;1.123371e-01
2.616621e-02;1.791431e-02;1.537902e-01;2.512396e-02;3.820047e-02;8.452547e-02;8.879564e-02;8.107156e-03;8.767816e-02;1.025942e-01;2.426787e-01;1.244255e-01
8.375930e-02;2.783635e-02;1.235652e-01;1.852372e-02;1.758469e-02;9.198908e-02;6.749516e-02;1.354330e-02;7.901804e-02;7.073537e-02;2.634669e-01;1.424829e-01
9.197367e-02;5.284253e-02;1.258328e-01;1.014960e-02;2.365434e-02;1.166896e-01;4.519165e-02;2.081444e-02;4.924094e-02;9.315998e-02;2.677755e-01;1.026750e-01
8.854128e-02;4.771240e-02;1.378485e-01;1.238012e-02;4.624829e-02;1.320875e-01;3.624132e-02;3.092995e-02;4.125396e-02;9.565901e-02;2.482117e-01;8.288592e-02
6.298048e-02;3.750103e-02;1.225565e-01;1.245986e-02;4.730041e-02;1.810328e-01;4.425604e-02;3.325553e-02;5.367482e-02;9.379207e-02;2.345959e-01;7.659464e-02
8.342764e-02;2.960708e-02;1.002275e-01;1.083711e-02;3.915656e-02;2.560039e-01;5.155804e-02;2.332922e-02;3.927134e-02;8.920398e-02;2.187947e-01;5.858287e-02
5.963022e-02;2.132387e-02;8.448704e-02;1.783547e-02;2.709093e-02;3.498927e-01;4.330170e-02;1.084059e-02;2.637250e-02;9.114607e-02;2.242628e-01;4.381601e-02
5.067748e-02;1.397951e-02;8.894834e-02;3.708016e-02;3.077900e-02;3.502342e-01;6.265938e-02;1.064177e-02;2.567022e-02;9.416799e-02;2.030029e-01;3.215905e-02
4.799053e-02;2.151076e-02;9.835347e-02;8.365501e-02;4.980909e-02;2.735899e-01;9.351135e-02;1.766155e-02;2.366062e-02;1.001033e-01;1.605661e-01;2.958832e-02
6.881799e-02;3.773704e-02;1.160599e-01;1.164955e-01;5.838844e-02;1.730774e-01;1.179500e-01;4.011357e-02;3.639461e-02;1.040585e-01;1.006202e-01;3.028679e-02
9.073389e-02;3.594596e-02;1.230472e-01;8.410670e-02;7.378529e-02;1.081460e-01;1.126377e-01;8.491787e-02;8.942473e-02;9.656324e-02;5.446648e-02;4.622493e-02
1.052391e-01;7.109513e-02;1.526704e-01;3.624076e-02;6.807374e-02;9.293041e-02;1.040773e-01;7.748259e-02;1.073002e-01;7.074129e-02;6.222681e-02;5.192209e-02
1.236061e-01;1.002650e-01;1.518088e-01;3.367043e-02;5.723384e-02;9.568790e-02;1.191887e-01;4.268043e-02;8.430701e-02;5.904052e-02;8.567189e-02;4.683943e-02
6.834788e-02;8.005437e-02;1.412687e-01;4.381062e-02;4.807271e-02;1.013382e-01;1.835633e-01;3.655310e-02;6.318264e-02;5.541485e-02;1.056760e-01;7.271767e-02
8.273328e-02;4.730857e-02;9.296913e-02;5.510347e-02;3.101390e-02;6.666853e-02;2.867259e-01;5.080291e-02;3.406626e-02;3.598452e-02;6.999407e-02;1.466295e-01
9.026653e-02;4.302693e-02;4.120653e-02;5.592505e-02;2.132365e-02;6.241193e-02;3.230610e-01;5.387780e-02;1.488444e-02;2.581543e-02;8.441260e-02;1.837882e-01
6.926149e-02;3.628527e-02;4.900424e-02;4.130406e-02;3.108623e-02;9.285422e-02;2.648790e-01;4.229363e-02;1.889092e-02;4.386861e-02;1.503371e-01;1.599353e-01
4.877699e-02;3.904051e-02;7.021770e-02;3.419582e-02;3.793895e-02;1.024796e-01;1.966249e-01;4.028229e-02;2.890915e-02;8.199386e-02;1.804393e-01;1.391009e-01
3.016960e-02;5.691247e-02;1.116097e-01;3.154967e-02;5.537525e-02;8.784480e-02;1.229326e-01;8.493377e-02;4.526666e-02;1.273827e-01;1.216832e-01;1.243396e-01
5.981935e-02;4.577802e-02;1.339616e-01;3.622928e-02;6.868887e-02;6.660752e-02;1.168974e-01;1.121262e-01;6.491213e-02;1.375611e-01;7.767136e-02;7.974720e-02
7.960650e-02;6.112442e-02;9.709302e-02;4.116382e-02;8.286246e-02;7.366288e-02;1.333009e-01;9.324674e-02;7.956192e-02;1.340977e-01;7.517841e-02;4.910127e-02
9.923125e-02;5.512092e-02;9.440347e-02;6.336889e-02;1.055014e-01;1.115587e-01;1.090217e-01;5.734828e-02;9.666721e-02;1.112333e-01;5.216981e-02;4.437512e-02
7.995147e-02;7.096870e-02;6.946795e-02;5.809685e-02;1.051263e-01;1.220283e-01;9.089995e-02;7.909297e-02;1.112646e-01;1.138859e-01;4.590521e-02;5.331170e-02
9.129875e-02;7.228530e-02;5.964365e-02;6.272320e-02;7.408609e-02;1.044958e-01;7.386712e-02;1.405143e-01;9.102429e-02;9.664523e-02;5.994730e-02;7.346886e-02
8.693047e-02;5.314837e-02;8.207676e-02;8.552720e-02;6.226145e-02;9.387985e-02;9.170908e-02;1.639316e-01;9.096603e-02;6.745210e-02;6.445074e-02;5.766638e-02
7.668091e-02;5.849019e-02;1.145756e-01;6.808469e-02;5.160056e-02;7.000462e-02;9.626328e-02;1.329784e-01;1.419710e-01;8.659675e-02;5.854540e-02;4.420856e-02
8.358497e-02;6.116593e-02;1.799078e-01;4.669773e-02;4.536902e-02;3.951431e-02;8.627055e-02;7.826588e-02;1.332039e-01;1.202436e-01;9.486268e-02;3.091362e-02
6.992051e-02;5.055562e-02;1.594439e-01;4.604930e-02;5.326754e-02;4.889016e-02;1.105513e-01;6.838033e-02;1.102810e-01;1.160844e-01;1.244369e-01;4.213902e-02
7.696382e-02;2.738928e-02;1.005331e-01;4.817930e-02;5.245551e-02;5.131476e-02;1.524500e-01;6.789109e-02;1.133423e-01;1.143003e-01;1.193250e-01;7.585553e-02
1.007978e-01;2.006567e-02;5.664364e-02;5.234848e-02;3.930425e-02;3.398677e-02;2.030644e-01;1.081939e-01;9.467279e-02;1.015225e-01;8.564350e-02;1.037563e-01
1.166600e-01;2.002074e-02;3.672148e-02;6.336147e-02;1.945633e-02;2.413175e-02;2.821790e-01;1.268778e-01;4.947578e-02;9.139136e-02;4.133750e-02;1.283867e-01
1.004737e-01;1.360680e-02;1.792150e-02;7.603572e-02;6.548698e-03;4.471296e-02;3.446268e-01;9.051924e-02;2.781049e-02;8.469950e-02;2.428042e-02;1.687641e-01
8.867804e-02;1.185294e-02;2.850167e-02;7.552251e-02;5.161833e-03;5.959089e-02;3.273878e-01;6.283402e-02;1.997030e-02;7.498071e-02;4.210137e-02;2.034180e-01
7.797646e-02;2.412014e-02;5.611574e-02;5.530931e-02;9.374663e-03;8.055817e-02;2.439523e-01;4.069617e-02;3.289953e-02;6.917085e-02;9.529996e-02;2.145267e-01
5.213358e-02;3.748308e-02;7.749052e-02;2.965344e-02;1.940207e-02;1.040765e-01;1.177095e-01;3.785856e-02;6.941810e-02;9.532564e-02;1.766684e-01;1.827807e-01
6.358027e-02;2.106314e-02;1.109297e-01;1.737964e-02;2.927001e-02;9.653130e-02;7.191194e-02;2.047820e-02;7.906591e-02;1.568405e-01;2.340408e-01;9.890866e-02
4.030816e-02;2.615140e-02;6.532725e-02;2.067612e-02;3.927360e-02;6.303813e-02;1.402615e-01;5.309163e-02;8.256199e-02;1.977651e-01;2.164386e-01;5.510644e-02
4.947918e-02;4.043031e-02;1.008381e-01;5.435409e-02;3.946066e-02;5.567693e-02;1.328332e-01;5.900757e-02;7.636967e-02;1.807850e-01;1.580713e-01;5.269400e-02
6.540280e-02;5.508030e-02;1.450542e-01;4.219322e-02;4.773451e-02;5.468966e-02;1.283242e-01;7.622265e-02;1.266417e-01;1.391609e-01;7.731641e-02;4.217950e-02
7.563575e-02;3.957036e-02;1.640863e-01;2.256474e-02;6.593027e-02;5.407369e-02;1.703485e-01;8.579236e-02;1.353136e-01;1.087499e-01;4.710313e-02;3.083140e-02
9.678833e-02;2.857205e-02;2.288742e-01;3.331188e-02;8.379341e-02;5.312347e-02;1.165734e-01;7.619732e-02;1.050091e-01;8.073463e-02;5.884816e-02;3.817399e-02
1.159640e-01;4.520287e-02;3.127765e-01;5.225044e-02;7.176817e-02;5.710324e-02;5.833368e-02;3.271842e-02;4.381739e-02;5.668379e-02;8.787654e-02;6.550494e-02
1.073856e-01;4.448405e-02;2.586409e-01;4.994363e-02;5.435932e-02;7.121480e-02;5.659825e-02;1.668694e-02;4.051344e-02;8.559139e-02;1.450779e-01;6.950379e-02
5.235370e-02;2.902868e-02;2.233295e-01;4.836268e-02;2.876593e-02;8.856644e-02;4.703657e-02;1.764314e-02;4.828360e-02;1.093524e-01;2.447662e-01;6.251101e-02
4.661597e-02;1.389464e-02;2.184144e-01;3.407653e-02;1.995926e-02;8.044591e-02;4.450373e-02;1.710918e-02;5.077081e-02;1.315560e-01;2.848684e-01;5.778517e-02
6.071197e-02;2.951137e-02;2.099534e-01;2.269174e-02;2.417599e-02;5.031589e-02;4.611883e-02;3.014227e-02;6.281549e-02;1.085518e-01;2.637563e-01;9.125495e-02
7.900434e-02;2.192976e-02;1.604883e-01;3.197532e-02;2.891006e-02;2.451676e-02;4.634911e-02;5.401887e-02;6.163293e-02;7.842985e-02;2.412749e-01;1.714698e-01
6.883094e-02;1.407383e-02;1.205156e-01;3.367186e-02;3.537841e-02;3.237606e-02;5.888398e-02;7.602010e-02;5.693486e-02;7.875539e-02;2.204119e-01;2.041471e-01
3.733836e-02;2.982224e-02;9.118819e-02;3.662622e-02;7.643989e-02;9.268325e-02;1.202167e-01;6.158202e-02;6.184899e-02;8.168891e-02;1.678468e-01;1.427184e-01
4.510341e-02;2.708715e-02;9.681923e-02;7.448181e-02;9.179763e-02;1.225467e-01;1.553498e-01;4.883195e-02;4.346163e-02;6.565426e-02;1.289001e-01;9.996635e-02
5.697125e-02;2.432159e-02;9.388120e-02;7.181080e-02;8.142579e-02;1.141951e-01;1.582408e-01;4.760632e-02;4.086794e-02;5.845980e-02;1.451993e-01;1.070201e-01
3.973508e-02;2.448901e-02;7.751917e-02;4.291903e-02;5.770740e-02;8.471388e-02;1.359266e-01;5.318931e-02;4.631939e-02;6.768335e-02;2.022626e-01;1.675352e-01
3.322372e-02;3.703012e-02;5.609865e-02;2.477500e-02;5.049979e-02;6.157769e-02;8.383316e-02;5.135186e-02;6.794821e-02;9.606758e-02;2.582235e-01;1.793707e-01
4.442829e-02;3.181519e-02;1.080419e-01;1.934892e-02;6.238683e-02;6.122294e-02;8.171079e-02;3.258687e-02;7.188930e-02;1.006826e-01;2.668507e-01;1.190356e-01
6.673844e-02;3.882778e-02;1.132286e-01;2.253642e-02;4.958856e-02;7.016274e-02;7.010917e-02;2.814014e-02;6.258339e-02;1.171170e-01;2.899241e-01;7.104358e-02
8.462732e-02;2.707788e-02;1.218625e-01;1.586505e-02;2.465985e-02;7.189289e-02;5.019579e-02;2.704778e-02;7.109382e-02;1.395299e-01;3.023461e-01;6.380122e-02
4.556795e-02;3.291994e-02;1.269399e-01;1.718857e-02;2.914479e-02;5.318900e-02;6.814689e-02;2.171313e-02;6.611120e-02;1.812825e-01;2.778402e-01;7.995590e-02
3.145576e-02;4.319734e-02;2.238097e-01;2.752906e-02;2.860601e-02;3.843698e-02;1.077909e-01;3.548327e-02;3.983118e-02;1.662514e-01;1.964977e-01;6.111068e-02
7.270337e-02;5.449910e-02;2.359227e-01;4.106368e-02;5.442118e-02;4.790722e-02;1.306618e-01;3.962221e-02;3.547312e-02;1.076696e-01;1.126849e-01;6.737109e-02
7.194948e-02;8.262832e-02;1.690600e-01;6.749640e-02;8.448598e-02;7.094745e-02;1.066911e-01;6.917362e-02;6.811468e-02;8.458523e-02;7.677276e-02;4.809498e-02
6.877782e-02;6.796552e-02;1.455399e-01;7.724869e-02;9.158739e-02;7.083039e-02;1.327630e-01;8.400972e-02;6.914276e-02;9.298933e-02;5.397294e-02;4.517247e-02
7.353237e-02;7.536040e-02;1.908455e-01;7.409784e-02;8.514708e-02;5.771804e-02;1.306798e-01;8.238358e-02;6.396697e-02;9.045104e-02;4.492258e-02;3.089479e-02
1.157989e-01;9.483904e-02;1.866581e-01;6.805846e-02;7.385364e-02;4.389544e-02;1.139431e-01;7.618739e-02;7.755166e-02;8.438659e-02;3.753788e-02;2.728978e-02
1.555883e-01;1.027734e-01;1.820233e-01;4.735497e-02;5.260181e-02;3.693184e-02;1.068822e-01;5.007206e-02;6.363358e-02;8.020478e-02;6.904446e-02;5.288936e-02
1.490760e-01;8.378142e-02;2.540683e-01;2.858093e-02;5.501676e-02;3.987532e-02;1.279185e-01;2.610464e-02;3.235593e-02;6.727394e-02;7.704420e-02;5.890404e-02
1.353000e-01;7.067696e-02;2.710343e-01;2.191048e-02;6.152355e-02;4.250854e-02;1.650592e-01;2.424761e-02;2.615143e-02;5.951903e-02;6.792314e-02;5.414568e-02
1.172304e-01;6.049295e-02;2.719938e-01;2.602565e-02;6.836905e-02;4.617952e-02;2.079213e-01;2.479020e-02;2.459158e-02;5.143392e-02;5.530767e-02;4.566395e-02
8.526336e-02;5.727085e-02;2.405233e-01;4.739671e-02;6.921923e-02;4.529784e-02;2.630168e-01;3.766002e-02;3.264641e-02;6.200893e-02;3.165488e-02;2.804159e-02
4.886665e-02;5.789271e-02;3.162291e-01;3.733054e-02;7.511000e-02;5.845061e-02;1.354094e-01;4.932030e-02;5.392407e-02;5.573021e-02;6.733583e-02;4.440054e-02
7.835469e-02;4.565868e-02;3.558543e-01;3.786417e-02;2.987070e-02;4.477456e-02;6.125382e-02;7.647704e-02;5.222638e-02;6.839873e-02;7.995421e-02;6.931271e-02
9.270433e-02;7.040118e-02;1.692764e-01;7.631482e-02;6.323488e-02;6.349136e-02;1.592749e-01;9.928484e-02;3.812172e-02;6.188707e-02;5.346850e-02;5.253994e-02
1.073545e-01;7.292370e-02;1.678660e-01;6.717908e-02;3.814908e-02;7.876802e-02;1.536124e-01;8.447983e-02;5.842275e-02;6.351011e-02;5.487746e-02;5.285715e-02
9.445742e-02;6.800599e-02;1.436245e-01;5.891283e-02;3.813823e-02;9.592087e-02;1.440607e-01;8.819924e-02;7.629201e-02;7.038464e-02;6.769197e-02;5.431159e-02
3.959190e-02;4.911911e-02;1.083401e-01;5.352305e-02;4.136996e-02;1.046237e-01;2.012232e-01;1.130762e-01;8.556028e-02;7.158267e-02;6.976994e-02;6.221988e-02
8.192960e-02;2.311680e-02;7.021765e-02;4.823624e-02;2.400842e-02;7.657136e-02;2.546378e-01;1.576708e-01;7.188215e-02;7.151420e-02;4.099408e-02;7.922091e-02
1.461552e-01;2.659202e-02;3.139842e-02;4.166403e-02;1.822804e-02;4.527014e-02;2.227841e-01;2.436549e-01;5.599868e-02;7.055483e-02;1.466042e-02;8.303921e-02
1.590163e-01;1.328369e-02;1.695055e-02;4.487405e-02;8.905186e-03;3.645253e-02;2.575518e-01;2.511806e-01;3.353284e-02;7.794965e-02;1.505532e-02;8.524752e-02
1.573681e-01;8.693628e-03;2.149130e-02;4.605948e-02;6.957729e-03;3.198140e-02;2.922128e-01;2.186323e-01;3.319743e-02;8.273007e-02;1.383208e-02;8.684361e-02
1.742642e-01;1.474023e-02;2.471291e-02;4.034613e-02;1.058705e-02;3.445039e-02;2.880624e-01;1.969038e-01;4.588011e-02;7.002909e-02;1.547211e-02;8.455162e-02
2.089567e-01;1.867758e-02;2.816599e-02;3.456868e-02;1.342942e-02;3.830366e-02;2.733345e-01;1.758784e-01;4.910979e-02;5.632155e-02;2.062224e-02;8.263142e-02
2.482641e-01;2.633256e-02;3.282811e-02;3.978125e-02;1.744429e-02;4.178454e-02;2.299906e-01;1.609147e-01;5.951993e-02;4.750304e-02;1.444060e-02;8.119627e-02
2.902679e-01;4.666713e-02;5.657552e-02;4.059337e-02;2.577153e-02;3.508703e-02;1.623290e-01;1.520366e-01;5.997505e-02;3.902711e-02;1.694075e-02;7.472898e-02
2.800650e-01;9.078154e-02;1.260431e-01;3.558219e-02;3.488392e-02;2.292778e-02;9.666502e-02;1.182587e-01;5.068269e-02;3.925710e-02;3.587165e-02;6.898130e-02
2.234251e-01;1.103702e-01;1.628004e-01;3.874187e-02;4.069059e-02;2.462301e-02;1.021148e-01;8.539829e-02;3.597463e-02;5.183727e-02;5.895683e-02;6.506696e-02
1.032583e-01;9.564652e-02;1.545433e-01;6.590594e-02;7.378799e-02;4.448842e-02;1.144697e-01;5.369708e-02;5.415880e-02;7.744310e-02;9.363926e-02;6.896161e-02
9.096405e-02;9.737679e-02;1.125667e-01;7.778291e-02;8.992624e-02;5.452534e-02;1.277460e-01;4.811662e-02;7.127032e-02;6.883121e-02;1.003715e-01;6.052234e-02
1.838720e-01;9.712302e-02;1.061925e-01;5.348386e-02;6.980358e-02;4.880596e-02;1.253199e-01;4.723276e-02;5.064295e-02;5.250010e-02;1.035990e-01;6.142446e-02
2.558810e-01;9.186733e-02;7.913686e-02;3.316472e-02;3.922037e-02;4.423574e-02;1.498424e-01;6.192920e-02;4.186342e-02;5.710867e-02;7.893085e-02;6.681948e-02
2.050767e-01;9.513932e-02;1.065795e-01;3.643838e-02;4.823635e-02;4.921807e-02;1.963114e-01;6.823454e-02;4.995685e-02;3.685027e-02;4.934061e-02;5.861808e-02
6.509963e-02;9.852681e-02;1.638381e-01;5.139980e-02;4.494987e-02;6.301191e-02;2.525292e-01;4.924317e-02;6.446480e-02;4.499713e-02;4.629155e-02;5.564795e-02
1.221680e-01;9.727348e-02;1.142958e-01;6.060166e-02;3.664793e-02;5.982630e-02;2.561522e-01;3.848433e-02;5.035083e-02;6.229487e-02;3.558016e-02;6.632434e-02
1.689009e-01;9.697186e-02;9.327309e-02;5.285472e-02;5.665969e-02;4.286734e-02;1.943992e-01;5.146015e-02;4.520852e-02;6.601058e-02;5.320602e-02;7.818786e-02
2.579560e-01;1.223778e-01;8.175670e-02;5.842304e-02;5.414735e-02;4.297605e-02;1.566842e-01;3.964276e-02;3.006458e-02;5.132091e-02;3.838398e-02;6.626651e-02
2.006731e-01;1.524993e-01;1.330222e-01;6.973101e-02;5.793879e-02;6.083012e-02;1.513085e-01;2.580025e-02;2.867888e-02;4.072004e-02;2.886945e-02;4.992847e-02
7.629242e-02;1.501224e-01;2.064895e-01;5.917950e-02;7.981794e-02;5.848211e-02;1.686045e-01;4.276949e-02;3.353504e-02;4.788513e-02;4.680124e-02;3.002073e-02
1.776676e-01;1.000158e-01;1.642571e-01;6.778086e-02;4.444997e-02;5.880725e-02;1.959363e-01;3.123110e-02;3.315604e-02;5.314793e-02;3.666387e-02;3.688614e-02
2.506552e-01;1.145873e-01;1.058034e-01;6.922540e-02;3.571295e-02;5.730025e-02;1.878646e-01;3.452467e-02;2.831056e-02;4.035319e-02;2.960994e-02;4.605254e-02
2.506929e-01;1.220189e-01;1.105273e-01;5.901403e-02;4.956823e-02;4.558862e-02;1.667165e-01;5.399147e-02;2.484545e-02;5.181853e-02;3.574214e-02;2.947589e-02
2.333380e-01;8.663045e-02;9.516288e-02;4.390631e-02;5.082534e-02;6.003266e-02;2.005743e-01;5.838340e-02;2.458860e-02;6.328175e-02;3.670913e-02;4.656724e-02
1.839160e-01;7.000514e-02;5.818516e-02;3.414812e-02;4.221250e-02;5.580764e-02;2.838850e-01;4.626809e-02;4.081398e-02;7.085073e-02;6.028225e-02;5.362534e-02
9.384066e-02;7.310649e-02;1.201289e-01;3.299741e-02;4.674067e-02;5.126609e-02;3.113666e-01;3.072522e-02;4.819870e-02;6.207234e-02;6.632075e-02;6.323607e-02
8.064523e-02;7.576708e-02;1.021902e-01;6.238691e-02;8.281859e-02;7.564595e-02;1.979899e-01;4.254452e-02;7.664117e-02;7.605235e-02;7.025937e-02;5.705868e-02
6.380889e-02;7.168799e-02;1.512946e-01;5.810061e-02;7.446934e-02;8.673111e-02;1.238721e-01;7.605480e-02;8.119892e-02;8.873238e-02;7.638111e-02;4.766813e-02
1.136761e-01;7.238930e-02;2.393802e-01;4.286617e-02;4.676591e-02;6.681922e-02;7.528211e-02;6.541406e-02;6.256393e-02;8.153088e-02;7.123008e-02;6.208205e-02
2.038195e-01;8.223552e-02;2.753277e-01;4.077489e-02;2.454468e-02;2.762847e-02;5.107064e-02;4.496837e-02;4.140882e-02;7.216146e-02;5.958718e-02;7.647278e-02
1.538940e-01;9.351810e-02;2.314565e-01;5.291625e-02;5.135878e-02;4.999399e-02;6.805481e-02;3.716863e-02;5.928673e-02;6.857346e-02;5.917507e-02;7.460369e-02
8.598646e-02;7.009142e-02;1.849186e-01;6.798872e-02;7.628335e-02;8.684326e-02;1.109325e-01;6.528424e-02;7.434905e-02;6.712671e-02;5.848660e-02;5.170916e-02
1.086861e-01;7.845227e-02;1.245361e-01;7.029296e-02;8.018608e-02;9.804575e-02;1.170229e-01;7.426091e-02;6.980128e-02;6.038965e-02;7.144435e-02;4.688157e-02
1.312864e-01;8.074435e-02;1.726125e-01;7.002493e-02;7.164370e-02;9.318046e-02;9.806109e-02;6.505884e-02;4.490572e-02;5.280535e-02;7.348332e-02;4.619337e-02
1.481522e-01;4.371535e-02;2.044334e-01;6.652387e-02;4.844646e-02;7.928343e-02;9.824577e-02;5.314028e-02;5.869455e-02;7.598262e-02;5.392646e-02;6.945557e-02
1.147067e-01;6.056434e-02;1.981947e-01;6.505927e-02;5.707643e-02;6.775659e-02;7.787717e-02;7.001112e-02;9.087428e-02;6.457537e-02;6.450893e-02;6.879510e-02
7.695656e-02;6.526571e-02;1.828905e-01;5.770280e-02;6.254805e-02;7.606297e-02;8.592121e-02;9.814953e-02;9.305605e-02;7.023664e-02;9.048831e-02;4.072162e-02
9.023660e-02;5.382560e-02;1.302948e-01;6.113702e-02;4.842603e-02;8.170155e-02;7.935513e-02;1.199423e-01;9.728095e-02;7.514340e-02;1.067716e-01;5.588502e-02
8.947229e-02;8.753979e-02;9.647387e-02;5.078241e-02;5.289251e-02;7.607131e-02;8.069845e-02;8.013625e-02;9.868957e-02;8.685259e-02;1.173250e-01;8.306602e-02
9.092015e-02;1.021337e-01;1.123735e-01;4.239245e-02;8.805552e-02;6.591359e-02;7.255246e-02;4.804295e-02;1.034432e-01;8.759083e-02;9.208465e-02;9.449700e-02
1.397358e-01;8.635677e-02;1.074510e-01;5.576400e-02;1.071488e-01;7.650122e-02;8.429151e-02;5.163826e-02;1.181568e-01;5.542177e-02;6.674711e-02;5.078692e-02
1.102294e-01;6.390382e-02;1.103130e-01;7.195698e-02;8.721840e-02;8.437601e-02;8.328488e-02;5.801249e-02;1.185809e-01;8.695516e-02;7.091149e-02;5.425756e-02
1.022901e-01;3.934342e-02;1.191528e-01;7.538731e-02;7.712398e-02;8.143871e-02;1.021793e-01;5.517013e-02;9.064892e-02;1.258647e-01;7.246887e-02;5.893172e-02
1.139198e-01;4.170859e-02;1.088470e-01;4.714458e-02;4.736379e-02;6.759706e-02;1.148922e-01;4.135978e-02;1.040003e-01;1.482999e-01;9.178030e-02;7.308681e-02
1.041257e-01;6.358103e-02;1.038209e-01;5.602245e-02;3.582558e-02;6.355025e-02;1.005967e-01;4.905284e-02;1.380254e-01;1.405308e-01;7.181543e-02;7.305295e-02
1.197662e-01;8.754334e-02;9.795875e-02;4.816392e-02;6.469791e-02;5.315316e-02;1.128483e-01;5.008218e-02;1.397953e-01;1.117462e-01;4.655565e-02;6.768905e-02
1.406929e-01;9.339185e-02;1.016969e-01;2.720404e-02;7.828383e-02;5.286105e-02;1.069335e-01;7.210792e-02;1.019818e-01;9.094976e-02;6.548348e-02;6.841299e-02
