1.055897e-01;9.741391e-02;1.714384e-01;3.753897e-02;7.532606e-02;5.722294e-02;1.718375e-01;4.251116e-02;6.603545e-02;8.930030e-02;2.985288e-02;5.593275e-02
1.405731e-01;9.205095e-02;2.177306e-01;5.112587e-02;6.835160e-02;4.706147e-02;1.655863e-01;3.643128e-02;3.000221e-02;5.332432e-02;4.710456e-02;5.065767e-02
1.494465e-01;1.113288e-01;2.568100e-01;5.846684e-02;6.468552e-02;5.328391e-02;1.025079e-01;3.180214e-02;3.778439e-02;4.418752e-02;4.649001e-02;4.320651e-02
1.107405e-01;1.001126e-01;2.806503e-01;4.962492e-02;6.638823e-02;6.396306e-02;1.342124e-01;2.917383e-02;4.754385e-02;4.699269e-02;3.067346e-02;3.992417e-02
5.407644e-02;5.684806e-02;2.410955e-01;4.693612e-02;7.817113e-02;6.540394e-02;2.672157e-01;2.550673e-02;4.147523e-02;3.574198e-02;6.139282e-02;2.613643e-02
5.616615e-02;4.388274e-02;1.697665e-01;5.022967e-02;7.694867e-02;6.717952e-02;3.312964e-01;2.673060e-02;4.778056e-02;3.426200e-02;6.889681e-02;2.686037e-02
3.646528e-02;3.392437e-02;1.710296e-01;2.365141e-02;7.095764e-02;7.080411e-02;3.746749e-01;2.093611e-02;5.141308e-02;3.329644e-02;7.458363e-02;3.826343e-02
3.406375e-02;4.251174e-02;1.635940e-01;5.377331e-02;7.135709e-02;5.618872e-02;3.568681e-01;3.191990e-02;3.684193e-02;3.531750e-02;6.838587e-02;4.917809e-02
3.853830e-02;4.189242e-02;1.283051e-01;1.055993e-01;5.891609e-02;5.417509e-02;3.591820e-01;3.711367e-02;3.532022e-02;3.874447e-02;5.052282e-02;5.169055e-02
5.765952e-02;4.641870e-02;1.103041e-01;1.379981e-01;3.797109e-02;5.345350e-02;3.411608e-01;4.142093e-02;3.996718e-02;3.818460e-02;4.654100e-02;4.892046e-02
5.704941e-02;3.532566e-02;1.020263e-01;1.197566e-01;6.965178e-02;5.334398e-02;3.161791e-01;4.899690e-02;4.782503e-02;4.665484e-02;5.321162e-02;4.997880e-02
4.209222e-02;2.760844e-02;1.234631e-01;7.261203e-02;9.389479e-02;8.603021e-02;2.942106e-01;4.758983e-02;4.270304e-02;5.600578e-02;6.564885e-02;4.814111e-02
3.778288e-02;2.094873e-02;1.572639e-01;5.006755e-02;1.130812e-01;9.988149e-02;2.427331e-01;3.538004e-02;2.791573e-02;7.471833e-02;8.884820e-02;5.137873e-02
5.694430e-02;3.832248e-02;1.514522e-01;7.116070e-02;1.393388e-01;1.075938e-01;9.008284e-02;2.266241e-02;3.346945e-02;1.154826e-01;1.086550e-01;6.483548e-02
4.966251e-02;4.334088e-02;9.987290e-02;6.554569e-02;1.260808e-01;1.056877e-01;1.810921e-01;2.490344e-02;3.097791e-02;1.173980e-01;1.070530e-01;4.838509e-02
5.580162e-02;5.946895e-02;8.438203e-02;4.392862e-02;1.182116e-01;7.756356e-02;2.317251e-01;2.603261e-02;3.751912e-02;1.172995e-01;8.932868e-02;5.873863e-02
7.488159e-02;6.580994e-02;1.140298e-01;4.305030e-02;9.578636e-02;4.815409e-02;1.693318e-01;2.848619e-02;4.101454e-02;1.131326e-01;1.033165e-01;1.030063e-01
2.075178e-01;7.368292e-02;1.422047e-01;3.092865e-02;6.159338e-02;3.381429e-02;1.299732e-01;3.666569e-02;4.215200e-02;9.039978e-02;9.557361e-02;5.549389e-02
2.324023e-01;7.676923e-02;1.456933e-01;3.364509e-02;4.420995e-02;2.993570e-02;1.287937e-01;3.321513e-02;4.310502e-02;5.769877e-02;1.000765e-01;7.445529e-02
2.018781e-01;7.112564e-02;1.510985e-01;2.937627e-02;3.644064e-02;3.831920e-02;1.554237e-01;2.941391e-02;4.572247e-02;3.843061e-02;1.162414e-01;8.652956e-02
1.597023e-01;7.431292e-02;1.833014e-01;3.342024e-02;3.378230e-02;5.192845e-02;1.414693e-01;2.192130e-02;4.093937e-02;3.801383e-02;1.411818e-01;8.002678e-02
1.362192e-01;1.045158e-01;2.172651e-01;3.948763e-02;4.002900e-02;4.742901e-02;8.067995e-02;3.119586e-02;2.924598e-02;6.802608e-02;1.272663e-01;7.864010e-02
8.714885e-02;1.623763e-01;2.214902e-01;4.624562e-02;5.636608e-02;3.266407e-02;4.167551e-02;4.835666e-02;2.071472e-02;1.027995e-01;7.813887e-02;1.020237e-01
8.440804e-02;1.839000e-01;1.578512e-01;3.860564e-02;7.569695e-02;3.153246e-02;3.229092e-02;5.201064e-02;2.296638e-02;1.296396e-01;4.953651e-02;1.415616e-01
9.238908e-02;1.511111e-01;1.357051e-01;3.753678e-02;8.187600e-02;3.916015e-02;5.612791e-02;3.373403e-02;4.813039e-02;1.312749e-01;6.203240e-02;1.309221e-01
1.003539e-01;1.200513e-01;1.329488e-01;3.461818e-02;8.057470e-02;3.739425e-02;9.414090e-02;2.497827e-02;6.712070e-02;1.396787e-01;6.970975e-02;9.843043e-02
4.793874e-02;1.085077e-01;1.548520e-01;3.633672e-02;7.958846e-02;3.780273e-02;1.168148e-01;3.346111e-02;5.949995e-02;1.548017e-01;8.203863e-02;8.835743e-02
3.604639e-02;1.039892e-01;1.193901e-01;2.581023e-02;1.083730e-01;6.243432e-02;1.091669e-01;3.806468e-02;4.598356e-02;1.649230e-01;8.445398e-02;1.013647e-01
5.274061e-02;9.874234e-02;7.268114e-02;3.454202e-02;1.325859e-01;7.662421e-02;4.374383e-02;3.855456e-02;5.504273e-02;1.695191e-01;1.133698e-01;1.118537e-01
6.507814e-02;8.366569e-02;1.214340e-01;3.788515e-02;1.299254e-01;9.114134e-02;5.372166e-02;3.949087e-02;5.735881e-02;1.377785e-01;9.007131e-02;9.244911e-02
5.919561e-02;1.036442e-01;1.178291e-01;3.937323e-02;1.338980e-01;9.149884e-02;6.605351e-02;4.225560e-02;4.559502e-02;1.370452e-01;8.640168e-02;7.721008e-02
5.016552e-02;9.341696e-02;1.177715e-01;5.251684e-02;1.421423e-01;9.557505e-02;5.617571e-02;4.257629e-02;4.034989e-02;1.522948e-01;9.656409e-02;6.045105e-02
4.038721e-02;4.831942e-02;1.721523e-01;5.521631e-02;1.373555e-01;1.208048e-01;5.978253e-02;3.346592e-02;4.334611e-02;1.522512e-01;8.924658e-02;4.767223e-02
3.573270e-02;2.699737e-02;2.829578e-01;4.681594e-02;1.008222e-01;8.941989e-02;1.329800e-01;2.593047e-02;3.451233e-02;1.204444e-01;6.541006e-02;3.797679e-02
3.747829e-02;2.484816e-02;3.769767e-01;4.482450e-02;8.200904e-02;6.123336e-02;1.284378e-01;2.396455e-02;2.838368e-02;1.029420e-01;5.163265e-02;3.726933e-02
6.620161e-02;5.060790e-02;3.308101e-01;4.484483e-02;6.237236e-02;7.923788e-02;1.245344e-01;3.587570e-02;4.549479e-02;7.474112e-02;3.308748e-02;5.219178e-02
1.139494e-01;1.011403e-01;1.431369e-01;4.363865e-02;4.322471e-02;6.407622e-02;2.439741e-01;5.373039e-02;4.065548e-02;4.338069e-02;5.264319e-02;5.645001e-02
1.093407e-01;1.093973e-01;1.126784e-01;5.244187e-02;4.546281e-02;7.079674e-02;2.218129e-01;6.104222e-02;3.635124e-02;6.585030e-02;6.161710e-02;5.320846e-02
4.965096e-02;9.937410e-02;1.147388e-01;6.978657e-02;5.415444e-02;7.583042e-02;2.006719e-01;8.019232e-02;3.582798e-02;9.805722e-02;8.363244e-02;3.808295e-02
3.452708e-02;8.803282e-02;1.276960e-01;8.920747e-02;6.923602e-02;8.148736e-02;1.746344e-01;7.075170e-02;3.698628e-02;1.137822e-01;9.264571e-02;2.101297e-02
4.623767e-02;6.276221e-02;1.542774e-01;7.081109e-02;8.303443e-02;9.393763e-02;1.534580e-01;7.615692e-02;4.094426e-02;1.055294e-01;9.788311e-02;1.496786e-02
4.938094e-02;5.075717e-02;1.243586e-01;3.841228e-02;8.542076e-02;9.916351e-02;1.574256e-01;9.359559e-02;5.860125e-02;8.861741e-02;1.149861e-01;3.928092e-02
6.788362e-02;5.500084e-02;1.076441e-01;4.263522e-02;6.175193e-02;9.880782e-02;1.677721e-01;9.959445e-02;5.933357e-02;7.590793e-02;1.134303e-01;5.023808e-02
4.919013e-02;6.470338e-02;1.763145e-01;6.274790e-02;4.057706e-02;8.234449e-02;1.814608e-01;7.421241e-02;5.877917e-02;6.872696e-02;9.594594e-02;4.499718e-02
4.323749e-02;5.080409e-02;2.088026e-01;6.801629e-02;5.088145e-02;6.795854e-02;1.947832e-01;6.579871e-02;6.717958e-02;5.372373e-02;7.889901e-02;4.991538e-02
4.951210e-02;3.160318e-02;1.988587e-01;5.950356e-02;6.384233e-02;5.465486e-02;2.138046e-01;1.067590e-01;6.576116e-02;3.992661e-02;6.086447e-02;5.490953e-02
7.955822e-02;5.288444e-02;1.494841e-01;4.216912e-02;5.398335e-02;5.651976e-02;2.266814e-01;1.237719e-01;4.905117e-02;4.466107e-02;4.571587e-02;7.551969e-02
1.384302e-01;1.092596e-01;1.120048e-01;5.165974e-02;2.882988e-02;3.981929e-02;2.235574e-01;8.041528e-02;4.307160e-02;3.801189e-02;4.394884e-02;9.099142e-02
1.713512e-01;1.343789e-01;8.796886e-02;6.327663e-02;3.196900e-02;3.057882e-02;1.887235e-01;7.358067e-02;3.769530e-02;3.982803e-02;4.841964e-02;9.222942e-02
2.060100e-01;1.177484e-01;6.086679e-02;6.390525e-02;3.396882e-02;4.181076e-02;1.508708e-01;9.601159e-02;4.080302e-02;5.691406e-02;4.298035e-02;8.811024e-02
2.111429e-01;7.264774e-02;4.395062e-02;5.368717e-02;3.158592e-02;5.641044e-02;1.574587e-01;9.774045e-02;6.705312e-02;6.544155e-02;4.509878e-02;9.778256e-02
1.734739e-01;4.970163e-02;6.996524e-02;4.675873e-02;3.260804e-02;5.575651e-02;1.654075e-01;6.893634e-02;7.805119e-02;8.111941e-02;8.525357e-02;9.296803e-02
1.433201e-01;5.137735e-02;1.225063e-01;4.839712e-02;3.770250e-02;4.630275e-02;1.354611e-01;5.236201e-02;6.888260e-02;9.960572e-02;1.145581e-01;7.952435e-02
1.424390e-01;4.227486e-02;1.688286e-01;4.133893e-02;2.997840e-02;4.126491e-02;1.228063e-01;6.425261e-02;4.574015e-02;1.031080e-01;1.132531e-01;8.471527e-02
1.403961e-01;4.225726e-02;1.470971e-01;2.431216e-02;2.889241e-02;3.943542e-02;2.182069e-01;6.423832e-02;3.883430e-02;9.432617e-02;7.054059e-02;9.146323e-02
1.152949e-01;4.888684e-02;1.517138e-01;4.393610e-02;4.897847e-02;2.954767e-02;1.796200e-01;7.013673e-02;1.018641e-01;9.323141e-02;5.079528e-02;6.599469e-02
1.136635e-01;4.537361e-02;1.398185e-01;4.432123e-02;4.309235e-02;3.523393e-02;1.497486e-01;8.620665e-02;1.607996e-01;9.251026e-02;3.791669e-02;5.131503e-02
1.187816e-01;4.114649e-02;1.088416e-01;4.338177e-02;3.524721e-02;3.935838e-02;1.877611e-01;6.274594e-02;1.877171e-01;9.311408e-02;2.954517e-02;5.235956e-02
1.023715e-01;3.548462e-02;9.530254e-02;4.144671e-02;3.744449e-02;4.442614e-02;2.188044e-01;8.178596e-02;1.568172e-01;7.992955e-02;4.592926e-02;6.025753e-02
8.238015e-02;2.842880e-02;1.305741e-01;3.739173e-02;4.822606e-02;5.161734e-02;2.390717e-01;7.736215e-02;1.248731e-01;5.369662e-02;6.538265e-02;6.099567e-02
4.467633e-02;4.526352e-02;1.811365e-01;3.417899e-02;7.035509e-02;7.132608e-02;2.264908e-01;4.833573e-02;1.047905e-01;5.129593e-02;8.012585e-02;4.202467e-02
7.007789e-02;5.109796e-02;1.361909e-01;3.276430e-02;9.147692e-02;8.242972e-02;2.309579e-01;5.635748e-02;8.565506e-02;7.088950e-02;6.594291e-02;2.615945e-02
7.752270e-02;3.988382e-02;1.991772e-01;3.781746e-02;8.363842e-02;8.166869e-02;2.235998e-01;6.272749e-02;6.038074e-02;5.944913e-02;4.006356e-02;3.407101e-02
8.173553e-02;5.526919e-02;2.688988e-01;4.298796e-02;5.126196e-02;4.136882e-02;2.106026e-01;5.295444e-02;4.822202e-02;5.621836e-02;4.541895e-02;4.506132e-02
8.279256e-02;9.987217e-02;1.658416e-01;4.111085e-02;3.946656e-02;4.318521e-02;1.690482e-01;6.719001e-02;9.981763e-02;6.920984e-02;7.769556e-02;4.476988e-02
6.906396e-02;1.021282e-01;8.102006e-02;3.414766e-02;5.722722e-02;7.009503e-02;1.736275e-01;7.300843e-02;1.166434e-01;7.936280e-02;9.903461e-02;4.464118e-02
7.846654e-02;9.346187e-02;9.646074e-02;3.659201e-02;7.434928e-02;6.669672e-02;1.649298e-01;6.838195e-02;8.822947e-02;7.101180e-02;9.445920e-02;6.696068e-02
6.637991e-02;1.110794e-01;9.098448e-02;3.447415e-02;7.310133e-02;6.461928e-02;1.243268e-01;5.862860e-02;5.653022e-02;6.973633e-02;1.704040e-01;7.973555e-02
1.231454e-01;8.894275e-02;1.315981e-01;2.862054e-02;5.648146e-02;6.755482e-02;9.848883e-02;5.804890e-02;4.130814e-02;6.242142e-02;1.807700e-01;6.261962e-02
1.224460e-01;7.691544e-02;1.802812e-01;4.006193e-02;3.939809e-02;4.934227e-02;9.763283e-02;6.749504e-02;7.019661e-02;6.251526e-02;7.820808e-02;1.155073e-01
1.076432e-01;7.272241e-02;1.663590e-01;3.384328e-02;3.894008e-02;3.576984e-02;1.371270e-01;6.754181e-02;5.967926e-02;6.448209e-02;6.589108e-02;1.500009e-01
9.929962e-02;5.163947e-02;1.207233e-01;2.468063e-02;3.319570e-02;3.193029e-02;2.225847e-01;6.496902e-02;4.958648e-02;6.461838e-02;9.305087e-02;1.437216e-01
8.050738e-02;2.827939e-02;1.028232e-01;2.828756e-02;4.731681e-02;4.443887e-02;2.957346e-01;7.016388e-02;6.105491e-02;6.315466e-02;8.582530e-02;9.241340e-02
7.790831e-02;3.735552e-02;7.705237e-02;2.744644e-02;6.956039e-02;6.381091e-02;2.825518e-01;8.542808e-02;6.977689e-02;6.951689e-02;8.367564e-02;5.591675e-02
7.424026e-02;5.628177e-02;1.374338e-01;3.276457e-02;7.480057e-02;7.132871e-02;1.746736e-01;8.087131e-02;6.227751e-02;8.016739e-02;9.319343e-02;6.196706e-02
8.880276e-02;6.459270e-02;1.647602e-01;4.008081e-02;6.194356e-02;7.085730e-02;1.834236e-01;4.688631e-02;5.220062e-02;6.767864e-02;8.200423e-02;7.676932e-02
9.643979e-02;8.095266e-02;1.248590e-01;6.410947e-02;4.032550e-02;6.406412e-02;1.638228e-01;3.086693e-02;6.445464e-02;5.033465e-02;7.383210e-02;1.459384e-01
9.786246e-02;9.508853e-02;9.337427e-02;6.862991e-02;4.629694e-02;4.051796e-02;1.155487e-01;3.575385e-02;6.574310e-02;5.160645e-02;8.443461e-02;2.051433e-01
1.181766e-01;8.787683e-02;9.406152e-02;5.040917e-02;3.976230e-02;1.410182e-02;1.338124e-01;4.007676e-02;6.341742e-02;5.022915e-02;9.011922e-02;2.179569e-01
1.114399e-01;6.859215e-02;7.969902e-02;3.837148e-02;2.521019e-02;2.721446e-02;2.070315e-01;4.498473e-02;6.571793e-02;6.676530e-02;8.142129e-02;1.835520e-01
4.264880e-02;5.010998e-02;8.989222e-02;3.135106e-02;3.764349e-02;4.462913e-02;3.228881e-01;5.294093e-02;7.010390e-02;7.898056e-02;5.128184e-02;1.275299e-01
7.543229e-02;5.445446e-02;8.344736e-02;2.323361e-02;4.613271e-02;4.762319e-02;3.368186e-01;3.498414e-02;5.177210e-02;7.843701e-02;4.857926e-02;1.190853e-01
1.053076e-01;4.821042e-02;1.637154e-01;3.828958e-02;6.262961e-02;5.063276e-02;2.593147e-01;2.327471e-02;2.941451e-02;6.852403e-02;5.439142e-02;9.629530e-02
7.812089e-02;6.352058e-02;1.872334e-01;5.151740e-02;7.441276e-02;5.512294e-02;1.934799e-01;4.213618e-02;4.960187e-02;5.114922e-02;5.876203e-02;9.494278e-02
1.011683e-01;8.396111e-02;1.457432e-01;5.266193e-02;3.912150e-02;5.951260e-02;1.519020e-01;6.421478e-02;7.692543e-02;4.812928e-02;6.004056e-02;1.166193e-01
9.329633e-02;6.481742e-02;1.040972e-01;5.269703e-02;6.490089e-02;1.024338e-01;1.388571e-01;6.595198e-02;9.829917e-02;6.529940e-02;7.245439e-02;7.689530e-02
8.762850e-02;7.685873e-02;1.287586e-01;5.726277e-02;6.110691e-02;7.986178e-02;1.167465e-01;5.519011e-02;7.634705e-02;7.813139e-02;9.306277e-02;8.904485e-02
9.333725e-02;8.275113e-02;9.649935e-02;6.522583e-02;6.211180e-02;5.624541e-02;1.202282e-01;6.675313e-02;5.840687e-02;1.196508e-01;9.470355e-02;8.408670e-02
6.170194e-02;5.135387e-02;1.945357e-01;6.772254e-02;6.999273e-02;3.873213e-02;1.344391e-01;7.148893e-02;5.487657e-02;1.416160e-01;6.366866e-02;4.987173e-02
4.532979e-02;4.661527e-02;2.256329e-01;8.650509e-02;7.042130e-02;3.657757e-02;1.518991e-01;8.543878e-02;3.830634e-02;1.343575e-01;3.807623e-02;4.084014e-02
4.695920e-02;3.907456e-02;1.787279e-01;8.345544e-02;6.633566e-02;6.942274e-02;2.127491e-01;8.929685e-02;4.013066e-02;9.065036e-02;3.872751e-02;4.447000e-02
3.109779e-02;3.672120e-02;1.850774e-01;7.722144e-02;6.412493e-02;1.256183e-01;2.180041e-01;6.513508e-02;5.470059e-02;5.059108e-02;6.368507e-02;2.802307e-02
5.955110e-02;4.474103e-02;1.999630e-01;7.301656e-02;7.059193e-02;1.426870e-01;1.669104e-01;3.894124e-02;5.208144e-02;4.462163e-02;9.111290e-02;1.578170e-02
8.149820e-02;4.379159e-02;1.969650e-01;4.193867e-02;7.108526e-02;1.275247e-01;1.825263e-01;2.636598e-02;5.697873e-02;4.113261e-02;1.056754e-01;2.451753e-02
7.257652e-02;3.221967e-02;1.845232e-01;2.739420e-02;8.620553e-02;9.543722e-02;2.397677e-01;3.043602e-02;7.434051e-02;4.144784e-02;9.527495e-02;2.037671e-02
4.368702e-02;4.561358e-02;1.625113e-01;5.305402e-02;7.343195e-02;7.791398e-02;3.014087e-01;4.037061e-02;5.920007e-02;4.283291e-02;6.844149e-02;3.153428e-02
3.243728e-02;4.015011e-02;1.253529e-01;7.722135e-02;6.192474e-02;8.616708e-02;3.389605e-01;2.886650e-02;5.962042e-02;5.016239e-02;5.176582e-02;4.737089e-02
3.987403e-02;3.341239e-02;8.125713e-02;7.978296e-02;5.499403e-02;8.537391e-02;3.341834e-01;5.119826e-02;8.318213e-02;6.138134e-02;4.745252e-02;4.790791e-02
7.104652e-02;3.378817e-02;5.486720e-02;7.406841e-02;5.363607e-02;7.023133e-02;2.816481e-01;7.563134e-02;8.664322e-02;6.226833e-02;6.255817e-02;7.361311e-02
9.598085e-02;6.320217e-02;6.967201e-02;7.446912e-02;4.501884e-02;6.290718e-02;2.354837e-01;7.983001e-02;5.622705e-02;6.172970e-02;5.884410e-02;9.663533e-02
7.558260e-02;6.013377e-02;1.263381e-01;8.297296e-02;5.596273e-02;6.014168e-02;2.491856e-01;7.683948e-02;3.830818e-02;6.229239e-02;3.679929e-02;7.544324e-02
4.678058e-02;4.677557e-02;1.571239e-01;7.659496e-02;7.351010e-02;7.217774e-02;2.742243e-01;6.373364e-02;3.865524e-02;5.228712e-02;4.355335e-02;5.458352e-02
5.028906e-02;4.656136e-02;1.677917e-01;5.596171e-02;8.559775e-02;9.903757e-02;2.621599e-01;4.418857e-02;3.279836e-02;5.685836e-02;5.667406e-02;4.208161e-02
5.131346e-02;3.648623e-02;1.933625e-01;3.718716e-02;9.062430e-02;9.087580e-02;2.960338e-01;3.067250e-02;2.648404e-02;5.174777e-02;5.944053e-02;3.577190e-02
4.313010e-02;2.717585e-02;1.785547e-01;4.279034e-02;4.644285e-02;5.867532e-02;3.847970e-01;3.441889e-02;2.777311e-02;5.167492e-02;5.823534e-02;4.633152e-02
4.096208e-02;3.076655e-02;9.083299e-02;3.993915e-02;5.093211e-02;7.541014e-02;3.913553e-01;5.738859e-02;4.040736e-02;5.228672e-02;6.149158e-02;6.822743e-02
3.301627e-02;3.519288e-02;9.960100e-02;4.136271e-02;4.346623e-02;6.199759e-02;3.885709e-01;4.513382e-02;4.918628e-02;6.795999e-02;6.802068e-02;6.649165e-02
3.888102e-02;4.080063e-02;8.566339e-02;4.857102e-02;2.981737e-02;4.295241e-02;4.216685e-01;4.380436e-02;4.222754e-02;8.237045e-02;6.769969e-02;5.554361e-02
4.026260e-02;4.868594e-02;7.477809e-02;6.748015e-02;7.023911e-02;8.021647e-02;2.753300e-01;9.965835e-02;1.053332e-01;5.965032e-02;3.936931e-02;3.899638e-02
5.118023e-02;5.374036e-02;6.872769e-02;7.543757e-02;8.520406e-02;9.065071e-02;1.713003e-01;1.161860e-01;1.587782e-01;5.947173e-02;3.304207e-02;3.628106e-02
5.764157e-02;5.855920e-02;6.832324e-02;7.505644e-02;8.355129e-02;8.043011e-02;1.497400e-01;1.118189e-01;1.953923e-01;5.562821e-02;2.885458e-02;3.500415e-02
6.094383e-02;4.971920e-02;1.527413e-01;6.475347e-02;7.296368e-02;4.964243e-02;2.020247e-01;7.140487e-02;1.571288e-01;4.564532e-02;3.032354e-02;4.270885e-02
8.068268e-02;6.702939e-02;3.004763e-01;4.633869e-02;8.148040e-02;5.536569e-02;1.515484e-01;3.115019e-02;4.775724e-02;5.722408e-02;3.898102e-02;4.196592e-02
9.048495e-02;8.439516e-02;2.920193e-01;4.643201e-02;8.485895e-02;7.056738e-02;1.147374e-01;3.327801e-02;3.256938e-02;5.748566e-02;4.839221e-02;4.477954e-02
8.927024e-02;7.504315e-02;1.952659e-01;4.143095e-02;8.957751e-02;7.103390e-02;1.973515e-01;3.984211e-02;3.540644e-02;6.313138e-02;5.753582e-02;4.511105e-02
7.787851e-02;6.394178e-02;1.767745e-01;3.798981e-02;8.174427e-02;5.698728e-02;2.127216e-01;4.017104e-02;4.538040e-02;8.505347e-02;7.698851e-02;4.436889e-02
4.410569e-02;5.041149e-02;3.882588e-01;4.865904e-02;5.883641e-02;2.521523e-02;1.216151e-01;2.777874e-02;4.832255e-02;8.374265e-02;6.971954e-02;3.333477e-02
3.586430e-02;3.667143e-02;4.191845e-01;4.139525e-02;8.166791e-02;5.632404e-02;1.215167e-01;2.320504e-02;4.402136e-02;6.333077e-02;4.996016e-02;2.685850e-02
6.842846e-02;5.147179e-02;2.806204e-01;3.609075e-02;7.183396e-02;6.773204e-02;1.447783e-01;3.578750e-02;4.357133e-02;6.913455e-02;8.331537e-02;4.723548e-02
7.651611e-02;6.944735e-02;2.287157e-01;3.699375e-02;4.642401e-02;4.458266e-02;1.293989e-01;5.436857e-02;5.647460e-02;8.573089e-02;1.202507e-01;5.109670e-02
6.431049e-02;6.316712e-02;2.862342e-01;3.710506e-02;7.280527e-02;3.862059e-02;1.433281e-01;4.864881e-02;6.293998e-02;5.997161e-02;7.985094e-02;4.301780e-02
5.851850e-02;5.283474e-02;3.131604e-01;4.094185e-02;5.586265e-02;3.188701e-02;1.802318e-01;4.366755e-02;6.429926e-02;6.013220e-02;6.588899e-02;3.257498e-02
5.600728e-02;4.398339e-02;2.571951e-01;3.985457e-02;5.993031e-02;4.395887e-02;2.191253e-01;6.329932e-02;5.499606e-02;7.311635e-02;5.789134e-02;3.064206e-02
9.625710e-02;6.713773e-02;1.048357e-01;2.250756e-02;7.121913e-02;6.335157e-02;2.484187e-01;8.053915e-02;6.552082e-02;8.080320e-02;5.564379e-02;4.376548e-02
1.142186e-01;5.960662e-02;1.515157e-01;3.402399e-02;6.475527e-02;5.730966e-02;2.168077e-01;4.498926e-02;8.065829e-02;6.934650e-02;5.018831e-02;5.658017e-02
7.190918e-02;5.287077e-02;2.271117e-01;3.336896e-02;8.609155e-02;8.325870e-02;1.559493e-01;5.405942e-02;5.935118e-02;5.455005e-02;6.578870e-02;5.569048e-02
5.223547e-02;5.263913e-02;1.381245e-01;4.326491e-02;1.038970e-01;8.886683e-02;2.223206e-01;7.011344e-02;5.358939e-02;4.713639e-02;7.742909e-02;5.038319e-02
6.882659e-02;6.571851e-02;1.319918e-01;2.964286e-02;1.082782e-01;7.406057e-02;1.704203e-01;1.111224e-01;6.576779e-02;7.837164e-02;6.771819e-02;2.808117e-02
2.749359e-02;6.266210e-02;1.476078e-01;4.086449e-02;6.796408e-02;1.052908e-01;2.103133e-01;8.670042e-02;9.862132e-02;7.500064e-02;4.360962e-02;3.387185e-02
4.027794e-02;5.226791e-02;1.324559e-01;4.754152e-02;5.409977e-02;1.126349e-01;2.101875e-01;9.810981e-02;1.079938e-01;6.714907e-02;4.077427e-02;3.650766e-02
3.384241e-02;3.951598e-02;9.887975e-02;5.037262e-02;5.491459e-02;1.215677e-01;2.083888e-01;1.257833e-01;1.317110e-01;6.968961e-02;3.551970e-02;2.981450e-02
3.892563e-02;3.525783e-02;5.732497e-02;3.372207e-02;4.247062e-02;1.067198e-01;1.719297e-01;1.554904e-01;1.736997e-01;1.052081e-01;2.946281e-02;4.978837e-02
4.547802e-02;5.490967e-02;3.434128e-02;2.012517e-02;5.855625e-02;5.377465e-02;9.708677e-02;2.077248e-01;1.354017e-01;1.594245e-01;5.568079e-02;7.749634e-02
4.957322e-02;7.440260e-02;2.985472e-02;1.244394e-02;7.513436e-02;3.084579e-02;6.177551e-02;2.131620e-01;7.906249e-02;2.066472e-01;6.751226e-02;9.958585e-02
4.639677e-02;7.959450e-02;4.594263e-02;2.487119e-02;7.800133e-02;3.562746e-02;8.864824e-02;2.014976e-01;6.348517e-02;1.957193e-01;5.177232e-02;8.844350e-02
3.702764e-02;7.984485e-02;3.997009e-02;3.079635e-02;7.382821e-02;3.962592e-02;6.306326e-02;2.676528e-01;6.217379e-02;1.819903e-01;4.658118e-02;7.744563e-02
3.633305e-02;7.177217e-02;3.705037e-02;3.303526e-02;6.880822e-02;3.824136e-02;8.478803e-02;2.913350e-01;5.397749e-02;1.753795e-01;4.281731e-02;6.646223e-02
4.701437e-02;6.264051e-02;5.517330e-02;3.512191e-02;6.254432e-02;5.071053e-02;1.140881e-01;2.611274e-01;6.219240e-02;1.510595e-01;4.987515e-02;4.845262e-02
6.346627e-02;4.534522e-02;9.208415e-02;2.525347e-02;4.699992e-02;1.115452e-01;1.152696e-01;1.867022e-01;1.024131e-01;1.029415e-01;6.386237e-02;4.411700e-02
6.349262e-02;2.585638e-02;1.268840e-01;2.508337e-02;7.764567e-02;1.490056e-01;1.140153e-01;1.326528e-01;1.254706e-01;6.624774e-02;6.280804e-02;3.083784e-02
6.456659e-02;5.952229e-02;1.570534e-01;3.290574e-02;9.625505e-02;1.266749e-01;1.380226e-01;8.239418e-02;1.149360e-01;4.677093e-02;5.494361e-02;2.595477e-02
8.961814e-02;7.448927e-02;1.815525e-01;3.055188e-02;8.788159e-02;9.201588e-02;1.524008e-01;6.276745e-02;7.496547e-02;6.228568e-02;5.952607e-02;3.194534e-02
7.428340e-02;5.315414e-02;2.090449e-01;2.930949e-02;5.618620e-02;8.362481e-02;1.331906e-01;7.494292e-02;7.845102e-02;1.068891e-01;6.604419e-02;3.487922e-02
6.586562e-02;5.332784e-02;1.751307e-01;1.553698e-02;3.505263e-02;1.024753e-01;9.967449e-02;1.117235e-01;1.015408e-01;1.366202e-01;5.349151e-02;4.956028e-02
6.543225e-02;6.905507e-02;1.345892e-01;3.145119e-02;3.802960e-02;1.072115e-01;1.415642e-01;1.221237e-01;7.094295e-02;1.277773e-01;5.543776e-02;3.638530e-02
3.928000e-02;7.454073e-02;9.486903e-02;3.634700e-02;6.976962e-02;1.007719e-01;1.245724e-01;1.347507e-01;6.862770e-02;1.507616e-01;6.392677e-02;4.178248e-02
1.272241e-01;7.182889e-02;1.105973e-01;3.150060e-02;7.562424e-02;7.383395e-02;6.963594e-02;1.249326e-01;5.657652e-02;1.175895e-01;8.258228e-02;5.807406e-02
7.374035e-02;6.334459e-02;1.405657e-01;6.299036e-02;5.379017e-02;7.486187e-02;1.632700e-01;1.154802e-01;5.568306e-02;8.424888e-02;5.844024e-02;5.358458e-02
9.776802e-02;3.632977e-02;1.111435e-01;7.400212e-02;6.579587e-02;9.371115e-02;2.295903e-01;8.408813e-02;5.354689e-02;5.422499e-02;5.039246e-02;4.940677e-02
9.680548e-02;2.088090e-02;1.226538e-01;6.547794e-02;9.584924e-02;6.084326e-02;2.594760e-01;7.319923e-02;4.449902e-02;5.343574e-02;5.764209e-02;4.923733e-02
6.477249e-02;3.234775e-02;1.496845e-01;5.826326e-02;9.069876e-02;9.342551e-02;2.172355e-01;6.822100e-02;4.258567e-02;7.718270e-02;7.505586e-02;3.052696e-02
2.641624e-02;3.914776e-02;1.210035e-01;5.031691e-02;7.453740e-02;8.035128e-02;1.631954e-01;1.214607e-01;7.094464e-02;1.053788e-01;9.921760e-02;4.802967e-02
4.983892e-02;4.998060e-02;8.109839e-02;4.398519e-02;2.959186e-02;7.396682e-02;1.469435e-01;1.672911e-01;8.292171e-02;9.165855e-02;1.192946e-01;6.342876e-02
7.547154e-02;5.689377e-02;5.039485e-02;3.267305e-02;4.902112e-02;1.164344e-01;1.418913e-01;1.488764e-01;8.590177e-02;7.532045e-02;9.092168e-02;7.619958e-02
6.344987e-02;7.609024e-02;4.997550e-02;4.979038e-02;4.704797e-02;1.239414e-01;1.590631e-01;1.227851e-01;7.666498e-02;7.878107e-02;7.067409e-02;8.173630e-02
4.748562e-02;6.551639e-02;5.775362e-02;6.049865e-02;7.742176e-02;1.017507e-01;1.788374e-01;7.201266e-02;6.317110e-02;9.621056e-02;1.035824e-01;7.575909e-02
6.317736e-02;3.898253e-02;6.264666e-02;8.828953e-02;6.783308e-02;1.416565e-01;1.813824e-01;6.538789e-02;5.026486e-02;8.398408e-02;8.846495e-02;6.793020e-02
6.266972e-02;2.486152e-02;8.934075e-02;1.228840e-01;9.619753e-02;1.471512e-01;1.645985e-01;7.600003e-02;5.243031e-02;7.087646e-02;4.869479e-02;4.429519e-02
6.299890e-02;3.162057e-02;1.185752e-01;1.282143e-01;7.547615e-02;1.237585e-01;1.687747e-01;6.593930e-02;5.490095e-02;8.330122e-02;4.860197e-02;3.783829e-02
7.767104e-02;5.297980e-02;1.247412e-01;8.995118e-02;6.263717e-02;8.408205e-02;1.685020e-01;2.832572e-02;6.185613e-02;1.094493e-01;7.970770e-02;6.009673e-02
7.216701e-02;5.839437e-02;1.445295e-01;6.590971e-02;8.551610e-02;6.903840e-02;1.750403e-01;5.373923e-02;6.888690e-02;1.033125e-01;4.513919e-02;5.832683e-02
1.430095e-01;1.175880e-01;1.195968e-01;7.165932e-02;6.051005e-02;8.698372e-02;6.654274e-02;5.506941e-02;5.501206e-02;5.040470e-02;8.826977e-02;8.535394e-02
1.515279e-01;1.056706e-01;1.272826e-01;5.779356e-02;5.844642e-02;7.626995e-02;7.969555e-02;6.508933e-02;4.962538e-02;6.177011e-02;8.316875e-02;8.365978e-02
1.628005e-01;8.590872e-02;1.185651e-01;4.285534e-02;5.861639e-02;7.822061e-02;8.410096e-02;8.558146e-02;6.431720e-02;6.641877e-02;7.691238e-02;7.570254e-02
1.741661e-01;8.011958e-02;1.060606e-01;3.827538e-02;8.093312e-02;7.519145e-02;9.872682e-02;1.004240e-01;7.149523e-02;5.479783e-02;6.045560e-02;5.935423e-02
7.878055e-02;9.967480e-02;1.391097e-01;6.217345e-02;8.625048e-02;6.300508e-02;2.158308e-01;5.376125e-02;5.132218e-02;3.841358e-02;5.693978e-02;5.473836e-02
9.138077e-02;8.639795e-02;1.811896e-01;4.323196e-02;6.630445e-02;4.682532e-02;2.132709e-01;4.957748e-02;4.990908e-02;5.084536e-02;8.009117e-02;4.097594e-02
8.511162e-02;7.574640e-02;1.942063e-01;4.335492e-02;4.336791e-02;3.016831e-02;2.336618e-01;3.886887e-02;6.920335e-02;5.637533e-02;8.774242e-02;4.219278e-02
4.723229e-02;5.036865e-02;1.759643e-01;5.377291e-02;4.584819e-02;4.503895e-02;3.121157e-01;2.189261e-02;8.291187e-02;4.780778e-02;7.118583e-02;4.586086e-02
3.236306e-02;3.575930e-02;1.623168e-01;5.244704e-02;5.222213e-02;6.430354e-02;3.713796e-01;4.178105e-02;5.898020e-02;3.503225e-02;5.469758e-02;3.871746e-02
2.125297e-02;4.461543e-02;1.485706e-01;4.120392e-02;6.411976e-02;7.336447e-02;3.774128e-01;3.429740e-02;4.423653e-02;5.192221e-02;6.542028e-02;3.358368e-02
1.704466e-02;4.625552e-02;8.816181e-02;3.208393e-02;7.633386e-02;7.816947e-02;3.997457e-01;3.739093e-02;4.729917e-02;5.452153e-02;7.980035e-02;4.319310e-02
3.433632e-02;4.372860e-02;5.102350e-02;3.337506e-02;7.146318e-02;6.812447e-02;4.329598e-01;4.545393e-02;2.750186e-02;6.285793e-02;7.475367e-02;5.442170e-02
3.013571e-02;3.843341e-02;4.537549e-02;2.854432e-02;6.228410e-02;6.332672e-02;4.366034e-01;4.299613e-02;4.454102e-02;7.037202e-02;7.955938e-02;5.782837e-02
1.425095e-02;3.682104e-02;6.294732e-02;2.975057e-02;5.496550e-02;5.737025e-02;4.399736e-01;5.009196e-02;5.400472e-02;6.398021e-02;7.874786e-02;5.709604e-02
2.983482e-02;4.758781e-02;3.164247e-02;3.271622e-02;4.481243e-02;5.833881e-02;4.358045e-01;4.690712e-02;5.163020e-02;7.501656e-02;8.242219e-02;6.328692e-02
4.226190e-02;6.262568e-02;5.294505e-02;4.453118e-02;3.574663e-02;4.480031e-02;3.996377e-01;4.013976e-02;4.330946e-02;8.386880e-02;7.964044e-02;7.049311e-02
5.572336e-02;6.679089e-02;6.935057e-02;5.570049e-02;2.655492e-02;3.983915e-02;3.615840e-01;4.093122e-02;4.512655e-02;8.737575e-02;7.734112e-02;7.368195e-02
6.604403e-02;6.608009e-02;4.769903e-02;7.070179e-02;3.720728e-02;4.970333e-02;3.347990e-01;4.719031e-02;4.063502e-02;7.960598e-02;7.743753e-02;8.289663e-02
6.034914e-02;6.595462e-02;1.200830e-01;9.355719e-02;7.308641e-02;5.091120e-02;2.305189e-01;5.954539e-02;3.916039e-02;5.077849e-02;7.405560e-02;8.199974e-02
4.654257e-02;6.033157e-02;1.223879e-01;1.179237e-01;8.416010e-02;9.950511e-02;1.683631e-01;8.086824e-02;2.836893e-02;7.205945e-02;5.087617e-02;6.861302e-02
3.390792e-02;4.308644e-02;5.241608e-02;1.036160e-01;6.081885e-02;1.432836e-01;2.218219e-01;9.771928e-02;4.311004e-02;1.053914e-01;4.208986e-02;5.273865e-02
2.860327e-02;2.721157e-02;2.171586e-02;8.553103e-02;2.797916e-02;1.596746e-01;2.224689e-01;1.156080e-01;8.918302e-02;1.461755e-01;3.544076e-02;4.040840e-02
2.688335e-02;1.706579e-02;3.840147e-02;6.113232e-02;2.716159e-02;1.291458e-01;2.132333e-01;1.194612e-01;1.524795e-01;1.558708e-01;3.103086e-02;2.813408e-02
3.859534e-02;1.685775e-02;4.041778e-02;4.356127e-02;4.313810e-02;1.022085e-01;1.813003e-01;1.437613e-01;1.903921e-01;1.458324e-01;3.852234e-02;1.541268e-02
5.200455e-02;1.714048e-02;4.044934e-02;3.833740e-02;5.089876e-02;8.202223e-02;1.624022e-01;1.548707e-01;2.159371e-01;1.281524e-01;4.441682e-02;1.336810e-02
5.915539e-02;1.897689e-02;5.493610e-02;3.623145e-02;5.288779e-02;6.871589e-02;1.585439e-01;1.579038e-01;2.001830e-01;1.192664e-01;5.368845e-02;1.951085e-02
4.145316e-02;2.647169e-02;3.962469e-02;6.720297e-02;4.094603e-02;7.073668e-02;1.915391e-01;1.228763e-01;1.637616e-01;1.485202e-01;5.337107e-02;3.349648e-02
3.075892e-02;3.861858e-02;4.267203e-02;9.196619e-02;2.028781e-02;5.971403e-02;2.593939e-01;6.584003e-02;1.406774e-01;1.437599e-01;4.663560e-02;5.967557e-02
2.970752e-02;4.053182e-02;5.633912e-02;7.415042e-02;5.119073e-02;4.256748e-02;2.719733e-01;1.046070e-01;1.192158e-01;8.302300e-02;6.170492e-02;6.498880e-02
4.367524e-02;3.357473e-02;7.003323e-02;3.237760e-02;7.002010e-02;7.740866e-02;2.333490e-01;1.057370e-01;1.922765e-01;2.297209e-02;7.786648e-02;4.070947e-02
6.731878e-02;2.694198e-02;7.275256e-02;2.244744e-02;6.986760e-02;8.960529e-02;1.959298e-01;8.365294e-02;2.178872e-01;2.792387e-02;9.987612e-02;2.579645e-02
5.114543e-02;4.825882e-02;5.942915e-02;2.204058e-02;9.010334e-02;6.007312e-02;1.755247e-01;1.338214e-01;1.513889e-01;8.007387e-02;7.960167e-02;4.853890e-02
5.398766e-02;5.361152e-02;6.853717e-02;2.541063e-02;1.091379e-01;6.467526e-02;1.199885e-01;1.593936e-01;1.123406e-01;1.318682e-01;4.023586e-02;6.081314e-02
6.469607e-02;4.907623e-02;9.364858e-02;3.467921e-02;8.747330e-02;6.338349e-02;1.688160e-01;1.207242e-01;1.113145e-01;9.397075e-02;7.913843e-02;3.307919e-02
5.564084e-02;3.900712e-02;1.027237e-01;4.152666e-02;6.797066e-02;4.866994e-02;1.349549e-01;1.202255e-01;1.602338e-01;8.669885e-02;9.619806e-02;4.614998e-02
3.874343e-02;2.762239e-02;1.214426e-01;3.190928e-02;5.430143e-02;6.482928e-02;1.017511e-01;1.475869e-01;1.452351e-01;1.117630e-01;8.495051e-02;6.986503e-02
2.831584e-02;3.018285e-02;1.363705e-01;3.215602e-02;3.980607e-02;6.441000e-02;1.317580e-01;1.693756e-01;1.072707e-01;1.152262e-01;7.507201e-02;7.005621e-02
2.750671e-02;3.754743e-02;1.394472e-01;3.511653e-02;2.456339e-02;4.501938e-02;1.833964e-01;1.814034e-01;8.440399e-02;1.129916e-01;7.093308e-02;5.767100e-02
3.793474e-02;4.307554e-02;1.234627e-01;4.804841e-02;5.136488e-02;1.996225e-02;2.243410e-01;1.168929e-01;1.215056e-01;6.178046e-02;1.036451e-01;4.798645e-02
3.345791e-02;5.334768e-02;8.911052e-02;3.304368e-02;6.010529e-02;2.195066e-02;2.293198e-01;6.806425e-02;1.637259e-01;6.932067e-02;1.401593e-01;3.839444e-02
5.585453e-02;2.880709e-02;8.314597e-02;3.324696e-02;5.576240e-02;4.039354e-02;1.952187e-01;5.199868e-02;2.026388e-01;8.270708e-02;1.446611e-01;2.556515e-02
7.394837e-02;2.088478e-02;6.857217e-02;5.039262e-02;6.083424e-02;6.653913e-02;1.714030e-01;5.652908e-02;2.089479e-01;7.279368e-02;1.110607e-01;3.809431e-02
8.011161e-02;2.790475e-02;9.124743e-02;5.932140e-02;7.144344e-02;5.645750e-02;1.460200e-01;7.781751e-02;1.602835e-01;8.645934e-02;8.590689e-02;5.702659e-02
8.327536e-02;3.131131e-02;9.946431e-02;6.928907e-02;6.638337e-02;2.961667e-02;1.425501e-01;7.763783e-02;1.574513e-01;8.091321e-02;1.076651e-01;5.444238e-02
7.351600e-02;2.403799e-02;1.060132e-01;6.488146e-02;3.152172e-02;3.973462e-02;1.267153e-01;1.428136e-01;1.445833e-01;1.051971e-01;9.203694e-02;4.894869e-02
4.946490e-02;1.827830e-02;1.244095e-01;4.058227e-02;1.794293e-02;5.483108e-02;1.353309e-01;1.841831e-01;1.200133e-01;1.296415e-01;6.214258e-02;6.317962e-02
2.544092e-02;1.993118e-02;1.424639e-01;1.818510e-02;2.890456e-02;4.913683e-02;1.446828e-01;2.016308e-01;8.934475e-02;1.368064e-01;6.518976e-02;7.828308e-02
1.682137e-02;1.774408e-02;1.589243e-01;2.486812e-02;2.856367e-02;5.262958e-02;1.363188e-01;2.037485e-01;7.027370e-02;1.457897e-01;6.240507e-02;8.191316e-02
1.749418e-02;2.326897e-02;1.698550e-01;3.622004e-02;3.095979e-02;7.573224e-02;1.219630e-01;1.758197e-01;5.741691e-02;1.537590e-01;6.704246e-02;7.046877e-02
2.702131e-02;4.766257e-02;1.465155e-01;2.411916e-02;6.126719e-02;1.112380e-01;8.289412e-02;1.271906e-01;8.151023e-02;1.408504e-01;8.340329e-02;6.632754e-02
4.720900e-02;3.652661e-02;1.114853e-01;5.548961e-02;7.972930e-02;8.959074e-02;6.369368e-02;1.027109e-01;1.436186e-01;1.216631e-01;7.547989e-02;7.280330e-02
5.433156e-02;2.544102e-02;9.921321e-02;7.680763e-02;7.891124e-02;8.257413e-02;6.144821e-02;9.155422e-02;2.030602e-01;7.276423e-02;9.543002e-02;5.846434e-02
6.016447e-02;3.630925e-02;1.290393e-01;7.594251e-02;8.488739e-02;8.982371e-02;6.232993e-02;1.025886e-01;1.717247e-01;7.445607e-02;7.659575e-02;3.613827e-02
7.118798e-02;5.335820e-02;1.576625e-01;7.085683e-02;8.742558e-02;7.934338e-02;8.275795e-02;8.569711e-02;1.298189e-01;9.085973e-02;6.749269e-02;2.353906e-02
7.785972e-02;4.691046e-02;1.565269e-01;6.982525e-02;8.179004e-02;6.406746e-02;1.300919e-01;8.574104e-02;1.126072e-01;7.717836e-02;7.723210e-02;2.016960e-02
5.968790e-02;4.627122e-02;1.929707e-01;7.066133e-02;7.942623e-02;5.754414e-02;1.378975e-01;9.175652e-02;1.018942e-01;5.024710e-02;8.221544e-02;2.942768e-02
8.993216e-02;6.992274e-02;1.572123e-01;9.653544e-02;9.585675e-02;8.288747e-02;6.969133e-02;7.567717e-02;1.581425e-01;4.574935e-02;3.658380e-02;2.180894e-02
9.561881e-02;7.823184e-02;1.299155e-01;1.134779e-01;8.755038e-02;7.460838e-02;7.335593e-02;7.006136e-02;1.467204e-01;6.742901e-02;4.582586e-02;1.720472e-02
8.652928e-02;1.111041e-01;1.234549e-01;8.817548e-02;5.552768e-02;6.491398e-02;7.511517e-02;5.766536e-02;9.797020e-02;1.092481e-01;8.837511e-02;4.192071e-02
1.112844e-01;1.255304e-01;1.160318e-01;6.657280e-02;5.209351e-02;6.133077e-02;5.556809e-02;7.488951e-02;1.079931e-01;9.255788e-02;5.613732e-02;8.001049e-02
1.314730e-01;9.484854e-02;1.112825e-01;6.800766e-02;6.640676e-02;5.823146e-02;6.433665e-02;8.769804e-02;1.218466e-01;6.111019e-02;3.049052e-02;1.042681e-01
1.264229e-01;7.694807e-02;9.045085e-02;6.176445e-02;4.698782e-02;1.038879e-01;1.158865e-01;7.527177e-02;1.213081e-01;4.332306e-02;7.039642e-02;6.735218e-02
1.140849e-01;1.028964e-01;6.590459e-02;4.726838e-02;4.439864e-02;1.052719e-01;9.642462e-02;8.802551e-02;1.094169e-01;5.008204e-02;1.091942e-01;6.703193e-02
