9.467018e-02;9.170620e-02;1.172537e-01;5.554227e-02;4.969411e-02;8.095434e-02;1.126703e-01;1.315514e-01;1.007738e-01;7.968765e-02;5.709817e-02;2.839785e-02
1.159893e-01;7.637785e-02;8.928300e-02;5.561313e-02;7.362866e-02;7.109823e-02;1.429843e-01;1.176832e-01;9.313855e-02;9.946942e-02;3.939116e-02;2.534321e-02
9.184989e-02;4.111110e-02;1.146904e-01;5.463849e-02;9.105700e-02;6.422522e-02;1.791884e-01;6.801222e-02;1.028164e-01;1.139472e-01;3.176531e-02;4.669820e-02
6.879778e-02;5.462429e-02;1.594328e-01;4.966033e-02;1.227920e-01;6.599372e-02;1.669634e-01;3.504489e-02;7.522989e-02;1.198657e-01;1.880140e-02;6.279369e-02
9.618415e-02;8.223699e-02;1.396092e-01;7.921602e-02;1.352042e-01;5.811018e-02;1.242201e-01;7.046949e-02;5.717364e-02;9.602927e-02;2.113694e-02;4.040993e-02
9.989303e-02;7.229537e-02;1.430631e-01;6.579180e-02;1.075188e-01;4.297059e-02;1.006329e-01;9.457577e-02;9.310455e-02;7.889445e-02;4.832422e-02;5.293535e-02
8.465512e-02;6.290794e-02;2.135491e-01;5.231878e-02;6.384406e-02;3.809154e-02;1.169771e-01;5.028160e-02;8.067764e-02;1.252519e-01;5.637266e-02;5.507252e-02
6.998168e-02;9.930168e-02;2.272936e-01;5.036907e-02;4.159336e-02;3.467359e-02;9.423585e-02;3.947222e-02;1.092423e-01;1.330611e-01;4.984067e-02;5.093493e-02
7.418710e-02;1.714588e-01;1.824606e-01;3.757192e-02;2.606394e-02;3.076003e-02;5.315975e-02;1.849861e-02;2.127823e-01;1.187754e-01;3.063772e-02;4.364373e-02
1.384601e-01;1.884797e-01;1.034428e-01;2.459545e-02;3.659815e-02;2.165639e-02;2.792286e-02;5.375737e-02;2.459666e-01;9.280649e-02;3.697667e-02;2.933740e-02
2.506458e-01;1.245536e-01;7.061984e-02;1.303181e-02;7.898496e-02;7.979562e-03;2.329879e-02;1.061047e-01;1.732196e-01;7.218555e-02;5.939838e-02;1.997736e-02
3.307616e-01;7.503279e-02;3.945065e-02;1.230752e-02;1.138706e-01;6.460262e-03;2.559056e-02;1.552003e-01;1.025678e-01;5.128672e-02;6.845380e-02;1.901742e-02
3.466548e-01;4.776309e-02;2.560548e-02;1.102583e-02;1.551552e-01;5.486025e-03;3.130676e-02;2.070823e-01;6.144083e-02;3.092102e-02;5.883985e-02;1.871877e-02
3.092057e-01;4.617461e-02;3.360313e-02;7.245931e-03;2.008262e-01;6.591068e-03;1.308129e-02;2.430912e-01;7.551499e-02;1.507017e-02;3.534811e-02;1.424769e-02
2.603163e-01;4.944571e-02;4.628000e-02;1.012257e-02;2.316738e-01;4.031412e-03;3.517681e-02;2.927661e-01;2.709146e-02;7.837206e-03;2.169243e-02;1.356621e-02
2.106965e-01;6.703617e-02;4.521284e-02;1.247881e-02;1.826155e-01;6.755560e-03;5.154188e-02;2.915821e-01;8.624455e-02;1.419019e-02;1.836873e-02;1.327726e-02
2.180839e-01;8.916012e-02;4.595399e-02;5.992654e-03;1.576223e-01;4.442798e-03;4.309755e-02;2.984764e-01;9.076785e-02;2.042589e-02;1.240661e-02;1.356990e-02
2.168656e-01;1.029467e-01;3.576450e-02;7.178011e-03;1.752454e-01;5.744521e-03;3.405802e-02;2.980379e-01;7.878150e-02;1.505049e-02;1.483433e-02;1.549293e-02
2.166715e-01;1.141310e-01;2.717222e-02;5.307726e-03;1.586173e-01;7.743913e-03;4.253936e-02;2.566246e-01;1.139288e-01;1.490899e-02;2.715575e-02;1.519888e-02
1.955366e-01;1.470665e-01;4.960482e-02;8.956770e-03;9.652387e-02;2.118043e-02;2.951166e-02;1.622076e-01;2.346033e-01;1.929101e-02;2.365374e-02;1.186364e-02
1.379457e-01;1.865967e-01;5.707278e-02;9.879264e-03;2.981044e-02;6.929666e-02;1.372330e-02;6.038751e-02;3.635439e-01;4.611311e-02;1.893643e-02;6.694203e-03
7.935394e-02;2.183668e-01;5.927736e-02;7.840536e-03;3.771774e-02;9.965333e-02;1.531110e-02;2.341800e-02;3.700107e-01;7.045557e-02;1.224471e-02;6.350148e-03
6.251297e-02;2.660712e-01;6.105382e-02;9.457814e-03;3.891513e-02;9.487847e-02;1.193003e-02;2.505343e-02;3.527931e-01;5.474611e-02;8.100361e-03;1.448752e-02
5.929291e-02;3.134267e-01;8.658192e-02;1.173552e-02;3.133519e-02;7.869800e-02;9.203220e-03;3.231266e-02;3.209377e-01;2.071591e-02;8.421888e-03;2.733841e-02
4.652872e-02;3.051286e-01;1.456875e-01;1.453686e-02;2.435820e-02;7.401103e-02;1.158485e-02;3.662978e-02;2.580733e-01;3.706169e-02;4.243178e-03;4.215622e-02
2.375285e-02;2.456932e-01;2.744241e-01;9.137666e-03;2.425926e-02;5.210370e-02;1.295379e-02;4.677403e-02;1.701787e-01;9.634332e-02;6.294987e-03;3.808437e-02
2.001751e-02;1.300550e-01;4.135847e-01;1.097296e-02;2.495702e-02;1.326197e-02;2.547635e-02;3.638444e-02;9.837716e-02;2.035494e-01;6.814775e-03;1.654875e-02
2.815063e-02;5.235617e-02;4.267729e-01;3.486913e-02;2.439404e-02;9.920413e-03;3.851847e-02;2.053276e-02;9.610780e-02;2.362051e-01;2.194595e-02;1.022665e-02
4.269869e-02;3.901465e-02;3.094932e-01;1.340200e-01;3.054167e-02;1.927755e-02;4.145310e-02;2.603331e-02;9.827311e-02;1.610023e-01;8.725311e-02;1.093938e-02
3.989634e-02;3.906387e-02;1.579156e-01;2.757913e-01;4.935950e-02;2.017726e-02;2.949199e-02;4.533098e-02;8.074280e-02;5.928344e-02;1.696835e-01;3.326339e-02
2.776893e-02;2.033426e-02;7.627637e-02;2.417786e-01;1.299154e-01;2.983471e-02;2.308479e-02;4.551456e-02;7.951704e-02;5.923707e-02;1.496496e-01;1.170888e-01
4.695846e-02;1.955652e-02;6.329829e-02;9.959947e-02;2.280965e-01;4.517002e-02;3.388035e-02;2.687278e-02;1.144329e-01;6.342439e-02;6.504104e-02;1.936692e-01
1.188673e-01;3.548715e-02;9.473235e-02;3.983742e-02;1.854784e-01;7.351262e-02;4.859623e-02;2.724948e-02;1.031483e-01;6.508522e-02;3.785647e-02;1.701491e-01
2.195018e-01;4.623098e-02;7.051908e-02;3.134407e-02;8.140945e-02;1.123607e-01;1.022970e-01;3.559656e-02;7.404917e-02;8.531057e-02;4.450121e-02;9.687933e-02
2.284972e-01;3.982702e-02;5.090865e-02;3.678842e-02;7.625774e-02;1.155954e-01;1.799876e-01;4.584504e-02;5.817484e-02;8.153727e-02;4.169852e-02;4.488236e-02
9.759819e-02;6.246875e-02;7.512335e-02;5.215637e-02;8.572286e-02;1.343751e-01;2.210516e-01;5.633418e-02;5.426361e-02;7.189895e-02;4.607577e-02;4.293124e-02
9.823451e-02;6.209156e-02;9.568118e-02;5.019780e-02;1.058600e-01;1.193395e-01;1.894108e-01;6.034091e-02;6.298428e-02;6.607780e-02;5.241008e-02;3.737159e-02
1.157115e-01;5.834927e-02;1.440716e-01;5.294458e-02;1.125318e-01;8.205383e-02;1.242685e-01;5.651170e-02;6.977940e-02;5.815699e-02;5.800624e-02;6.761460e-02
1.048693e-01;6.062168e-02;1.941132e-01;7.471377e-02;9.648868e-02;6.093118e-02;9.501290e-02;5.280066e-02;5.242309e-02;7.307630e-02;5.885097e-02;7.609831e-02
9.106778e-02;5.990032e-02;1.869632e-01;8.430059e-02;1.070145e-01;3.817387e-02;1.168347e-01;5.755763e-02;4.558504e-02;9.025516e-02;4.013452e-02;8.221280e-02
5.994112e-02;4.779640e-02;1.503303e-01;9.623331e-02;1.446676e-01;5.399767e-02;1.597093e-01;4.464743e-02;4.451465e-02;8.577494e-02;4.208153e-02;7.030573e-02
2.947744e-02;2.032283e-02;1.853459e-01;9.076467e-02;1.072306e-01;7.960892e-02;1.778703e-01;3.378544e-02;6.107597e-02;8.004668e-02;6.278590e-02;7.168529e-02
6.174250e-02;3.112791e-02;1.682261e-01;5.745754e-02;1.179847e-01;7.716203e-02;1.710329e-01;5.492428e-02;6.431819e-02;5.705713e-02;4.421690e-02;9.474973e-02
8.306807e-02;5.329475e-02;6.748348e-02;4.747516e-02;1.425080e-01;1.292372e-01;2.246382e-01;4.526094e-02;5.967415e-02;5.857241e-02;3.284879e-02;5.593878e-02
1.036957e-01;5.365641e-02;6.078513e-02;4.066563e-02;1.421803e-01;1.827755e-01;2.319399e-01;3.469531e-02;4.003374e-02;4.260831e-02;3.296505e-02;3.399899e-02
1.047404e-01;3.728318e-02;5.428586e-02;5.447792e-02;1.720379e-01;2.302098e-01;1.770712e-01;2.876854e-02;4.121912e-02;4.700252e-02;2.956042e-02;2.334314e-02
7.347208e-02;2.867337e-02;8.477657e-02;4.701719e-02;2.218233e-01;2.307285e-01;1.184104e-01;2.208212e-02;5.118246e-02;5.325696e-02;1.967529e-02;4.890174e-02
8.239318e-02;2.549892e-02;7.871442e-02;4.020008e-02;2.420023e-01;2.074201e-01;7.719831e-02;1.709878e-02;7.448788e-02;4.626705e-02;2.754232e-02;8.117666e-02
6.780642e-02;1.753505e-02;1.128556e-01;4.133749e-02;2.293464e-01;1.474393e-01;1.115674e-01;1.461619e-02;8.343059e-02;6.303371e-02;2.706066e-02;8.397110e-02
2.347140e-02;1.879948e-02;1.971293e-01;6.376111e-02;1.767960e-01;9.705045e-02;1.700049e-01;1.994756e-02;7.394491e-02;6.098144e-02;1.988523e-02;7.822817e-02
4.535501e-02;2.244736e-02;2.738329e-01;5.978319e-02;1.054125e-01;6.164715e-02;1.880865e-01;2.119060e-02;5.631300e-02;5.575968e-02;3.708498e-02;7.308714e-02
7.400671e-02;4.711463e-02;3.165120e-01;5.777777e-02;8.058538e-02;4.739347e-02;1.414084e-01;1.648791e-02;3.793084e-02;5.423755e-02;4.981256e-02;7.673280e-02
1.111046e-01;6.286336e-02;3.035552e-01;3.218470e-02;1.317531e-01;6.678664e-02;6.995691e-02;1.952559e-02;2.409555e-02;5.921525e-02;5.071712e-02;6.824205e-02
9.829704e-02;4.168478e-02;2.709405e-01;5.417053e-02;1.493439e-01;9.019490e-02;7.146974e-02;2.145281e-02;4.055101e-02;5.942118e-02;4.054040e-02;6.193325e-02
8.662917e-02;3.448771e-02;1.516129e-01;5.528640e-02;1.518902e-01;1.134712e-01;1.418534e-01;3.032110e-02;7.520552e-02;8.795349e-02;2.633323e-02;4.495562e-02
1.083300e-01;4.951428e-02;1.569691e-01;4.049589e-02;9.637813e-02;8.701833e-02;1.699531e-01;3.971317e-02;9.123384e-02;6.953207e-02;4.048440e-02;5.037771e-02
8.847452e-02;7.187945e-02;3.331793e-01;6.527931e-02;3.670679e-02;5.044640e-02;1.046104e-01;5.026399e-02;7.000669e-02;6.458177e-02;3.320451e-02;3.136693e-02
4.508493e-02;6.890658e-02;5.054416e-01;6.696174e-02;4.152229e-02;3.534605e-02;3.585681e-02;3.228857e-02;5.345853e-02;7.144814e-02;1.704443e-02;2.664029e-02
2.969703e-02;4.411819e-02;5.459915e-01;1.000351e-01;5.266066e-02;3.568507e-02;2.834770e-02;2.154766e-02;4.258034e-02;5.244827e-02;2.705100e-02;1.983747e-02
4.101237e-02;2.251416e-02;5.089127e-01;1.412861e-01;5.515235e-02;3.428138e-02;3.766648e-02;2.166830e-02;3.444712e-02;4.275629e-02;4.712098e-02;1.318170e-02
6.290448e-02;2.213108e-02;5.230707e-01;1.480075e-01;4.489349e-02;2.382451e-02;3.905312e-02;1.809355e-02;2.464958e-02;3.070810e-02;5.435425e-02;8.309587e-03
6.811780e-02;3.536021e-02;5.688423e-01;1.073494e-01;4.599078e-02;2.822741e-02;2.372869e-02;1.387734e-02;2.371577e-02;3.654613e-02;4.248063e-02;5.763542e-03
5.111868e-02;3.974651e-02;6.076293e-01;5.720279e-02;4.544204e-02;2.823785e-02;5.319513e-02;1.246415e-02;1.573422e-02;4.818869e-02;3.131567e-02;9.724938e-03
3.731275e-02;4.587851e-02;6.540165e-01;4.434121e-02;2.783986e-02;2.409318e-02;4.950251e-02;1.375609e-02;1.606312e-02;5.282732e-02;2.568627e-02;8.682665e-03
3.494194e-02;6.890605e-02;6.695083e-01;4.405478e-02;2.599762e-02;2.309773e-02;3.400760e-02;1.143404e-02;2.352368e-02;3.963860e-02;1.666174e-02;8.227967e-03
2.950657e-02;1.018164e-01;6.363881e-01;4.131982e-02;2.641803e-02;3.325453e-02;2.045787e-02;1.166242e-02;3.893447e-02;3.271768e-02;1.065146e-02;1.687261e-02
4.494904e-02;1.339413e-01;5.898896e-01;3.187837e-02;1.846822e-02;4.428314e-02;1.018519e-02;1.236716e-02;5.750277e-02;2.751788e-02;7.436204e-03;2.158115e-02
5.382937e-02;1.553456e-01;5.645824e-01;3.387801e-02;1.239301e-02;5.684790e-02;1.185458e-02;8.966165e-03;7.034703e-02;1.285028e-02;6.257396e-03;1.284820e-02
6.926183e-02;1.809164e-01;4.959318e-01;4.293944e-02;1.787459e-02;6.248804e-02;1.775647e-02;4.745971e-03;8.527758e-02;7.991535e-03;6.266929e-03;8.549388e-03
1.009006e-01;1.980156e-01;3.854384e-01;4.604680e-02;1.625863e-02;6.750710e-02;4.099892e-02;1.163683e-02;9.935160e-02;9.354723e-03;9.214250e-03;1.527649e-02
7.318696e-02;1.511936e-01;3.664018e-01;4.184271e-02;4.293035e-02;5.668528e-02;5.918017e-02;2.421972e-02;1.267543e-01;2.911435e-02;1.061101e-02;1.787978e-02
6.087780e-02;1.615322e-01;2.658252e-01;3.064227e-02;4.456059e-02;3.497684e-02;5.896439e-02;3.078086e-02;2.438357e-01;4.343076e-02;1.131648e-02;1.325688e-02
8.536317e-02;2.080532e-01;1.383159e-01;1.936116e-02;1.627218e-02;3.591688e-02;3.948068e-02;3.723297e-02;3.639524e-01;4.091321e-02;6.650633e-03;8.487626e-03
8.088166e-02;2.487402e-01;7.959748e-02;2.530584e-02;1.210393e-02;3.096097e-02;2.369355e-02;2.357613e-02;4.365326e-01;2.324101e-02;8.469591e-03;6.897027e-03
7.426909e-02;2.776738e-01;6.690741e-02;2.914483e-02;8.521653e-03;3.797688e-02;1.351440e-02;2.085796e-02;4.434510e-01;1.489899e-02;5.487307e-03;7.296690e-03
7.025281e-02;2.873790e-01;8.752053e-02;2.836778e-02;5.392208e-03;3.734588e-02;4.420799e-03;2.084579e-02;4.177084e-01;2.638019e-02;5.784521e-03;8.601994e-03
6.535639e-02;3.021467e-01;1.141387e-01;2.453150e-02;8.155450e-03;3.596606e-02;6.655484e-03;1.707172e-02;3.827299e-01;2.096003e-02;8.227555e-03;1.406060e-02
5.093107e-02;3.236987e-01;1.243206e-01;1.973370e-02;6.535149e-03;3.334996e-02;7.371127e-03;7.667949e-03;3.712533e-01;2.349682e-02;1.016342e-02;2.147824e-02
3.853526e-02;3.017530e-01;1.290699e-01;1.867505e-02;9.314072e-03;2.903477e-02;7.492160e-03;1.244223e-02;3.834895e-01;2.809161e-02;8.637438e-03;3.346507e-02
3.252003e-02;2.490386e-01;1.516411e-01;1.836791e-02;6.906393e-03;4.808620e-02;7.811574e-03;1.443495e-02;3.827052e-01;3.200052e-02;8.338623e-03;4.814892e-02
1.791901e-02;2.066645e-01;2.113736e-01;1.639434e-02;6.327209e-03;6.742486e-02;9.171841e-03;2.122705e-02;3.271837e-01;5.434845e-02;9.552188e-03;5.241338e-02
1.645402e-02;1.983825e-01;2.787913e-01;1.409901e-02;7.952784e-03;7.410618e-02;1.062211e-02;1.754477e-02;2.395875e-01;8.316334e-02;1.140457e-02;4.789191e-02
1.934578e-02;2.094171e-01;3.050513e-01;1.517703e-02;6.241637e-03;6.854807e-02;1.660974e-02;1.824584e-02;1.859492e-01;9.494259e-02;1.070971e-02;4.976203e-02
3.630946e-02;2.112812e-01;3.073781e-01;2.000492e-02;1.023532e-02;4.219370e-02;1.622312e-02;2.690347e-02;1.768941e-01;8.491919e-02;1.809298e-02;4.956439e-02
7.363865e-02;1.650487e-01;2.750942e-01;2.134024e-02;1.776170e-02;2.733570e-02;2.771424e-02;4.964618e-02;1.925852e-01;7.663721e-02;2.267543e-02;5.052242e-02
8.849159e-02;1.062629e-01;2.241512e-01;3.209659e-02;1.382436e-02;2.672808e-02;4.796915e-02;6.108001e-02;2.587616e-01;7.426454e-02;2.440999e-02;4.195997e-02
5.311837e-02;9.736139e-02;1.748796e-01;3.084056e-02;1.224404e-02;6.143738e-02;4.544576e-02;5.733487e-02;3.735744e-01;3.928122e-02;2.696832e-02;2.751415e-02
4.293577e-02;7.462534e-02;1.752853e-01;3.243248e-02;1.186983e-02;6.462763e-02;2.666267e-02;4.557365e-02;4.425600e-01;3.868888e-02;2.137366e-02;2.336483e-02
5.173336e-02;1.215782e-01;1.722775e-01;3.626258e-02;1.606819e-02;5.303741e-02;2.962034e-02;3.218479e-02;4.017024e-01;4.541386e-02;8.734891e-03;3.138641e-02
4.435798e-02;1.547352e-01;1.913630e-01;3.015397e-02;1.745124e-02;5.854283e-02;3.548063e-02;4.505062e-02;3.349630e-01;5.641978e-02;9.834965e-03;2.164677e-02
3.696552e-02;1.524831e-01;2.427436e-01;2.625891e-02;2.218944e-02;6.975108e-02;4.539254e-02;4.629812e-02;2.365683e-01;6.366730e-02;1.916547e-02;3.851663e-02
2.744590e-02;9.920203e-02;3.146993e-01;3.825771e-02;2.760105e-02;8.914962e-02;6.976802e-02;5.669254e-02;1.634209e-01;5.430489e-02;2.421386e-02;3.524425e-02
4.857647e-02;1.952421e-01;2.471407e-01;4.151794e-02;2.985210e-02;9.857501e-02;7.460377e-02;3.142051e-02;1.283060e-01;5.678941e-02;2.490742e-02;2.306856e-02
5.117032e-02;2.308498e-01;2.042172e-01;4.116884e-02;3.284558e-02;1.164311e-01;6.369948e-02;4.249832e-02;1.118706e-01;4.358657e-02;1.467964e-02;4.698252e-02
4.834068e-02;2.098226e-01;2.056359e-01;4.144589e-02;4.530440e-02;1.149524e-01;4.364338e-02;4.896747e-02;1.125530e-01;2.392348e-02;3.063542e-02;7.477537e-02
6.405724e-02;1.755812e-01;1.554799e-01;2.946835e-02;4.870360e-02;1.196495e-01;7.320892e-02;6.276899e-02;1.131920e-01;4.242488e-02;4.539369e-02;7.007164e-02
6.857031e-02;1.248524e-01;1.087000e-01;3.649006e-02;5.404121e-02;9.145655e-02;1.037770e-01;6.695729e-02;1.613583e-01;5.563941e-02;4.282204e-02;8.533544e-02
5.763461e-02;1.312825e-01;9.040919e-02;4.889844e-02;5.319796e-02;5.171670e-02;7.823163e-02;3.700883e-02;1.968388e-01;1.050249e-01;4.917976e-02;1.005767e-01
7.211672e-02;1.323377e-01;1.570796e-01;4.454210e-02;4.382208e-02;4.044903e-02;6.456297e-02;4.597127e-02;1.689946e-01;1.166821e-01;4.529199e-02;6.814976e-02
1.178867e-01;1.020788e-01;2.463247e-01;3.124297e-02;3.541591e-02;3.421370e-02;8.579506e-02;5.583203e-02;1.271782e-01;8.689005e-02;4.158465e-02;3.555716e-02
1.209535e-01;1.079299e-01;2.326910e-01;4.175813e-02;4.228041e-02;2.785483e-02;9.377421e-02;7.171264e-02;1.241574e-01;6.954184e-02;3.898842e-02;2.835770e-02
1.230423e-01;1.164350e-01;1.868624e-01;4.363289e-02;4.652565e-02;3.365327e-02;9.940450e-02;8.662919e-02;1.308573e-01;5.797909e-02;4.413143e-02;3.084695e-02
9.906403e-02;1.093293e-01;1.510506e-01;3.935817e-02;4.736639e-02;4.559610e-02;1.118806e-01;7.947768e-02;1.626433e-01;7.362981e-02;5.087717e-02;2.972692e-02
4.756929e-02;6.252401e-02;1.618895e-01;2.694591e-02;4.374783e-02;6.897520e-02;1.031824e-01;7.637029e-02;2.371324e-01;8.666153e-02;5.097467e-02;3.402713e-02
8.821161e-02;6.267457e-02;1.779445e-01;2.224345e-02;4.870602e-02;6.946158e-02;6.082847e-02;9.053861e-02;2.306743e-01;7.916562e-02;4.934192e-02;2.020938e-02
1.044519e-01;7.433258e-02;1.880973e-01;2.943214e-02;5.695720e-02;4.359291e-02;7.681874e-02;7.620681e-02;2.124962e-01;5.821176e-02;4.365554e-02;3.574697e-02
8.882149e-02;6.767946e-02;1.792555e-01;4.432899e-02;6.971661e-02;3.859159e-02;1.359852e-01;3.389029e-02;2.018153e-01;5.300174e-02;4.457332e-02;4.234062e-02
7.228093e-02;8.222446e-02;2.119593e-01;5.914681e-02;6.729154e-02;3.457525e-02;1.145018e-01;4.994470e-02;1.643168e-01;6.046557e-02;4.667045e-02;3.662243e-02
4.625382e-02;1.028168e-01;2.526734e-01;5.806814e-02;6.881901e-02;4.861364e-02;6.419035e-02;5.526098e-02;1.201949e-01;1.056417e-01;4.089404e-02;3.657314e-02
7.130017e-02;9.865048e-02;2.201280e-01;2.742984e-02;6.422927e-02;6.469087e-02;3.993339e-02;7.623435e-02;1.392905e-01;1.109632e-01;4.637934e-02;4.077052e-02
1.368572e-01;6.927765e-02;1.579933e-01;1.784079e-02;6.494616e-02;6.391390e-02;5.521344e-02;1.223259e-01;1.156259e-01;8.282942e-02;5.794214e-02;5.523409e-02
1.200773e-01;7.886817e-02;1.485495e-01;3.866402e-02;4.121581e-02;4.862214e-02;1.125758e-01;1.429264e-01;1.270292e-01;5.212593e-02;4.144378e-02;4.790195e-02
6.202487e-02;7.673055e-02;9.362836e-02;6.907790e-02;5.438722e-02;5.097605e-02;1.301881e-01;1.261903e-01;1.567975e-01;8.185507e-02;5.897128e-02;3.917274e-02
9.778994e-02;8.059752e-02;1.394448e-01;9.147971e-02;8.776170e-02;7.088826e-02;6.907998e-02;9.216779e-02;1.006393e-01;6.134791e-02;7.566155e-02;3.314150e-02
6.257651e-02;8.280626e-02;1.359466e-01;8.530833e-02;1.056888e-01;6.401724e-02;1.375260e-01;8.006410e-02;7.792398e-02;5.808101e-02;7.166173e-02;3.839945e-02
6.290229e-02;9.154759e-02;1.181985e-01;7.992711e-02;7.265004e-02;6.694359e-02;1.746045e-01;7.499667e-02;9.694181e-02;4.004436e-02;4.283486e-02;7.840866e-02
5.690829e-02;1.125252e-01;1.034671e-01;9.677010e-02;4.758538e-02;7.078055e-02;1.409373e-01;6.167592e-02;1.352141e-01;3.310759e-02;3.237678e-02;1.086517e-01
4.833088e-02;1.573534e-01;8.299351e-02;1.287087e-01;2.862067e-02;6.492350e-02;7.528561e-02;2.718739e-02;2.016596e-01;2.891394e-02;3.021551e-02;1.258072e-01
5.007419e-02;2.058809e-01;8.291273e-02;1.222611e-01;1.960907e-02;5.516846e-02;3.500699e-02;2.414123e-02;2.469736e-01;2.780516e-02;3.485872e-02;9.530786e-02
5.569004e-02;2.406683e-01;9.882192e-02;8.537834e-02;1.826535e-02;5.524111e-02;2.661050e-02;2.421342e-02;2.694257e-01;3.892295e-02;1.910192e-02;6.766035e-02
3.705870e-02;2.575868e-01;1.361640e-01;4.884119e-02;1.131899e-02;5.358816e-02;1.835380e-02;1.884959e-02;2.978755e-01;4.995549e-02;7.468182e-03;6.293959e-02
1.568477e-02;2.589248e-01;1.596548e-01;1.592245e-02;8.002896e-03;6.509624e-02;2.049041e-02;1.588574e-02;3.049335e-01;4.714833e-02;1.393557e-02;7.432061e-02
1.597871e-02;2.554613e-01;1.627360e-01;2.772774e-02;1.275596e-02;6.917293e-02;2.056300e-02;2.523830e-02;2.646406e-01;4.077554e-02;2.038220e-02;8.456769e-02
2.167046e-02;2.240265e-01;2.253342e-01;2.119045e-02;1.091870e-02;5.017508e-02;1.787640e-02;3.074101e-02;2.052292e-01;8.835901e-02;2.551505e-02;7.896393e-02
2.621841e-02;1.448435e-01;3.401089e-01;1.552280e-02;2.311239e-02;2.698052e-02;2.773281e-02;2.176612e-02;1.021638e-01;2.010082e-01;2.392511e-02;4.661744e-02
3.731898e-02;7.017089e-02;4.127559e-01;2.387759e-02;2.586886e-02;1.439713e-02;3.351140e-02;1.098571e-02;5.051558e-02;2.711797e-01;2.910622e-02;2.031202e-02
4.701590e-02;3.390045e-02;3.654679e-01;5.240330e-02;2.157410e-02;1.116353e-02;3.199122e-02;9.037959e-03;1.091809e-01;2.441639e-01;6.283811e-02;1.126274e-02
4.468775e-02;2.532612e-02;2.914601e-01;1.163542e-01;2.376602e-02;1.154192e-02;2.380443e-02;1.031762e-02;1.448744e-01;1.724809e-01;1.245839e-01;1.080267e-02
2.488020e-02;2.989159e-02;2.522943e-01;1.747376e-01;4.338801e-02;2.851189e-02;2.428585e-02;1.573842e-02;1.315932e-01;6.541395e-02;1.942772e-01;1.498775e-02
1.704069e-02;3.896409e-02;2.317655e-01;1.678292e-01;5.381822e-02;3.925621e-02;2.921049e-02;2.123811e-02;7.970442e-02;7.935358e-02;2.149084e-01;2.691103e-02
4.112800e-02;6.339698e-02;2.802835e-01;1.021939e-01;5.585402e-02;4.059002e-02;3.107671e-02;2.198772e-02;6.642444e-02;8.480603e-02;1.908296e-01;2.142908e-02
7.664142e-02;8.346965e-02;2.785810e-01;6.644499e-02;4.393507e-02;4.218475e-02;3.733063e-02;2.315774e-02;6.223991e-02;9.854817e-02;1.756787e-01;1.178798e-02
8.705655e-02;8.496939e-02;2.329417e-01;6.641976e-02;3.295866e-02;4.369820e-02;3.469974e-02;3.763359e-02;4.895087e-02;1.134306e-01;1.850725e-01;3.216841e-02
4.338469e-02;6.717173e-02;2.047718e-01;6.314940e-02;4.612820e-02;3.699573e-02;7.244991e-02;3.459773e-02;5.971200e-02;1.709595e-01;1.570760e-01;4.360320e-02
3.575027e-02;6.722679e-02;1.789259e-01;8.406550e-02;5.122227e-02;4.267088e-02;5.085738e-02;2.165841e-02;4.950267e-02;2.287762e-01;1.450572e-01;4.428649e-02
3.090500e-02;7.724129e-02;1.523207e-01;8.736430e-02;5.151026e-02;7.388259e-02;4.253688e-02;2.433584e-02;4.260975e-02;2.365122e-01;1.217951e-01;5.898608e-02
3.948118e-02;6.430341e-02;2.069209e-01;6.271777e-02;4.866960e-02;6.194784e-02;6.487502e-02;2.388053e-02;5.347544e-02;2.056488e-01;9.755431e-02;7.052524e-02
3.694303e-02;5.414534e-02;2.101696e-01;6.383367e-02;3.790946e-02;4.486487e-02;6.907723e-02;3.665560e-02;6.466304e-02;1.992587e-01;1.047701e-01;7.770941e-02
3.330712e-02;5.930901e-02;1.396509e-01;8.158514e-02;4.209147e-02;4.431308e-02;5.842100e-02;3.479897e-02;1.030357e-01;2.119891e-01;9.863997e-02;9.285855e-02
2.770740e-02;7.404496e-02;8.339658e-02;8.666222e-02;5.805166e-02;5.128066e-02;8.171055e-02;4.726916e-02;8.069475e-02;2.126387e-01;1.197928e-01;7.675058e-02
5.461695e-02;8.495152e-02;1.622707e-01;5.746684e-02;7.196955e-02;6.354957e-02;8.440687e-02;6.618434e-02;7.031319e-02;1.287803e-01;1.196069e-01;3.588323e-02
7.626610e-02;1.040832e-01;1.250233e-01;3.830104e-02;8.146785e-02;5.354675e-02;9.969661e-02;6.583796e-02;1.076865e-01;1.098293e-01;1.155882e-01;2.267323e-02
7.260413e-02;7.613955e-02;1.372370e-01;6.786378e-02;7.487758e-02;5.536729e-02;8.563900e-02;3.829473e-02;1.269733e-01;1.195979e-01;1.100871e-01;3.531871e-02
6.344894e-02;4.666732e-02;1.890753e-01;9.001853e-02;9.864260e-02;7.017172e-02;9.082606e-02;2.808592e-02;1.051406e-01;9.242130e-02;8.735432e-02;3.814743e-02
5.660624e-02;6.847417e-02;2.602876e-01;9.569070e-02;1.040678e-01;7.206990e-02;1.439124e-01;1.829726e-02;6.137298e-02;5.540912e-02;4.059804e-02;2.321380e-02
6.186795e-02;8.757348e-02;3.450541e-01;7.218353e-02;7.408856e-02;5.350071e-02;1.449222e-01;2.336333e-02;4.349380e-02;5.584041e-02;2.093708e-02;1.717482e-02
4.250687e-02;1.202158e-01;4.411372e-01;5.132961e-02;4.287936e-02;2.988447e-02;1.211034e-01;2.149821e-02;2.675117e-02;6.823512e-02;1.791026e-02;1.654852e-02
7.771266e-02;1.723040e-01;4.469910e-01;2.077086e-02;2.386525e-02;3.193629e-02;8.202440e-02;1.616553e-02;2.317984e-02;6.845738e-02;1.834343e-02;1.824941e-02
1.469569e-01;2.339047e-01;3.525418e-01;2.095862e-02;1.770102e-02;4.048792e-02;4.392938e-02;1.800996e-02;3.508073e-02;4.934433e-02;1.627340e-02;2.481123e-02
1.814767e-01;2.356349e-01;2.927478e-01;2.201678e-02;2.423511e-02;4.297946e-02;7.595830e-02;1.741870e-02;4.188637e-02;3.234800e-02;1.337041e-02;1.992751e-02
1.677667e-01;1.726344e-01;2.661597e-01;2.086785e-02;3.510651e-02;4.420527e-02;1.625432e-01;2.431985e-02;3.708716e-02;3.131761e-02;2.138567e-02;1.660605e-02
1.156734e-01;1.014941e-01;2.836903e-01;2.677643e-02;4.346220e-02;3.281600e-02;1.886190e-01;3.865442e-02;3.948108e-02;6.156536e-02;3.378436e-02;3.398337e-02
8.451935e-02;9.088647e-02;3.307848e-01;3.333230e-02;3.888239e-02;2.147086e-02;1.431444e-01;2.647166e-02;4.544274e-02;8.089150e-02;5.486168e-02;4.931179e-02
1.143051e-01;7.466993e-02;3.391188e-01;4.125992e-02;3.787941e-02;3.780273e-02;1.176973e-01;4.828845e-02;3.928220e-02;8.057077e-02;4.955661e-02;1.956876e-02
1.008755e-01;8.170335e-02;3.063609e-01;5.111987e-02;4.331431e-02;4.134045e-02;1.448129e-01;4.906674e-02;5.719476e-02;7.246328e-02;3.146129e-02;2.028667e-02
8.816443e-02;1.028188e-01;3.299660e-01;3.645956e-02;4.008264e-02;4.100449e-02;1.497574e-01;2.744191e-02;7.914092e-02;6.659516e-02;1.618860e-02;2.238011e-02
1.133949e-01;1.617147e-01;3.764632e-01;2.689686e-02;3.136254e-02;2.762307e-02;7.491894e-02;4.271521e-02;6.736407e-02;4.253108e-02;1.803721e-02;1.697827e-02
1.998551e-01;2.245134e-01;3.227287e-01;2.825071e-02;2.838580e-02;1.631485e-02;3.233884e-02;3.398887e-02;5.365974e-02;1.935492e-02;1.015363e-02;3.045546e-02
3.165663e-01;2.410542e-01;2.205489e-01;2.290010e-02;2.602017e-02;1.399754e-02;3.668649e-02;2.391675e-02;3.560639e-02;1.627825e-02;1.137656e-02;3.504841e-02
3.550081e-01;2.256805e-01;2.020123e-01;1.819539e-02;2.086706e-02;1.127429e-02;4.162344e-02;2.959735e-02;2.506779e-02;1.811150e-02;1.373823e-02;3.882402e-02
3.370472e-01;2.035491e-01;1.966538e-01;1.247182e-02;2.341854e-02;1.610352e-02;5.325597e-02;4.627261e-02;2.814506e-02;1.678299e-02;2.302348e-02;4.327600e-02
2.441757e-01;1.873567e-01;1.706886e-01;2.022503e-02;3.787867e-02;2.610950e-02;7.655849e-02;5.057852e-02;5.847261e-02;3.229133e-02;4.668970e-02;4.897514e-02
1.690175e-01;1.651944e-01;1.564019e-01;3.914557e-02;5.366318e-02;3.032570e-02;9.477391e-02;5.804377e-02;7.203497e-02;5.881132e-02;5.828134e-02;4.430655e-02
3.112084e-01;1.757692e-01;1.160480e-01;2.737581e-02;3.345930e-02;3.521370e-02;6.885274e-02;5.640537e-02;6.342660e-02;5.053872e-02;2.465698e-02;3.704518e-02
2.842995e-01;1.892269e-01;1.440188e-01;2.019505e-02;3.826373e-02;3.667131e-02;7.532835e-02;4.494353e-02;6.086500e-02;4.200514e-02;2.461964e-02;3.956300e-02
2.290644e-01;1.530276e-01;2.009663e-01;3.114705e-02;4.495692e-02;3.787329e-02;7.525425e-02;4.982300e-02;6.161634e-02;3.702014e-02;3.301987e-02;4.623088e-02
1.602153e-01;1.376604e-01;2.746850e-01;4.727667e-02;5.206938e-02;5.411423e-02;8.477188e-02;4.470335e-02;4.415693e-02;3.916699e-02;3.362839e-02;2.755154e-02
1.386320e-01;1.597597e-01;2.742264e-01;6.842383e-02;6.267042e-02;5.031470e-02;7.226428e-02;3.227913e-02;4.186076e-02;4.561046e-02;2.924028e-02;2.471804e-02
1.661736e-01;1.539509e-01;2.412282e-01;8.276163e-02;7.212543e-02;3.792214e-02;6.831653e-02;3.459588e-02;4.063966e-02;4.501044e-02;2.873471e-02;2.854084e-02
1.772292e-01;1.198093e-01;2.180757e-01;7.518700e-02;5.122989e-02;3.536765e-02;8.422809e-02;5.037016e-02;5.535518e-02;5.256066e-02;4.073167e-02;3.985544e-02
1.584276e-01;8.112063e-02;1.912804e-01;6.619748e-02;4.738466e-02;3.959102e-02;1.401414e-01;5.958578e-02;8.695630e-02;4.971632e-02;3.735856e-02;4.223998e-02
1.251785e-01;1.184847e-01;1.510014e-01;8.184780e-02;5.567207e-02;5.944401e-02;1.798304e-01;4.060181e-02;7.289805e-02;4.511915e-02;2.323433e-02;4.668779e-02
9.913190e-02;1.238086e-01;1.902165e-01;6.620868e-02;6.318181e-02;5.629260e-02;1.517486e-01;5.791969e-02;7.058187e-02;4.604345e-02;3.436631e-02;4.049999e-02
1.329875e-01;8.667284e-02;1.581223e-01;3.681832e-02;6.121120e-02;4.445719e-02;1.398218e-01;9.879512e-02;1.108017e-01;4.769549e-02;3.360270e-02;4.901386e-02
1.841999e-01;8.001283e-02;1.219771e-01;2.940726e-02;5.374046e-02;3.447802e-02;1.308277e-01;1.394213e-01;1.215653e-01;4.653731e-02;1.935659e-02;3.847621e-02
2.023160e-01;6.655496e-02;7.544798e-02;3.885913e-02;3.848686e-02;2.797403e-02;1.456226e-01;1.656336e-01;9.304224e-02;5.254027e-02;1.477899e-02;7.874329e-02
1.312858e-01;6.478633e-02;3.679948e-02;6.640901e-02;1.854924e-02;3.104669e-02;2.199352e-01;1.139782e-01;4.710100e-02;5.224268e-02;2.330800e-02;1.945584e-01
6.619169e-02;8.350700e-02;1.628142e-02;8.122080e-02;7.952983e-03;2.821717e-02;3.249308e-01;2.778470e-02;3.540065e-02;4.544798e-02;1.508431e-02;2.679805e-01
4.032866e-02;8.723491e-02;1.999905e-02;6.948846e-02;8.486599e-03;3.718935e-02;3.508882e-01;7.204133e-02;3.138006e-02;4.093114e-02;1.661948e-02;2.254128e-01
3.634809e-02;9.069212e-02;2.041905e-02;6.224555e-02;1.364309e-02;7.840729e-02;3.562783e-01;6.553551e-02;3.262411e-02;3.603363e-02;1.953237e-02;1.882408e-01
5.226066e-02;8.550631e-02;2.147293e-02;5.450545e-02;2.502983e-02;9.736606e-02;3.268662e-01;4.154192e-02;4.614301e-02;4.950552e-02;2.695132e-02;1.728508e-01
6.129864e-02;7.598374e-02;3.944860e-02;4.556269e-02;2.473297e-02;6.424633e-02;3.256705e-01;3.567180e-02;4.745695e-02;6.170053e-02;2.994575e-02;1.882815e-01
1.518423e-01;6.098231e-02;3.288291e-02;5.601971e-02;2.142106e-02;2.666801e-02;3.035405e-01;3.374344e-02;2.604381e-02;4.937290e-02;2.912467e-02;2.083584e-01
1.698199e-01;8.497398e-02;2.701649e-02;6.605451e-02;1.763855e-02;2.333462e-02;2.683147e-01;5.270357e-02;2.481800e-02;4.840441e-02;3.179124e-02;1.851300e-01
1.348011e-01;1.117987e-01;3.306959e-02;5.942179e-02;1.435055e-02;3.268208e-02;2.848829e-01;4.875894e-02;1.348454e-02;5.456116e-02;3.750233e-02;1.746862e-01
7.987043e-02;1.242052e-01;2.263969e-02;4.997059e-02;1.328304e-02;4.276426e-02;3.147384e-01;4.269594e-02;1.851274e-02;4.930875e-02;5.001283e-02;1.919982e-01
4.625190e-02;1.029127e-01;2.973985e-02;5.433301e-02;1.724228e-02;3.771967e-02;2.728574e-01;8.963635e-02;4.269011e-02;3.960187e-02;6.007861e-02;2.069363e-01
1.013368e-01;9.068371e-02;3.385004e-02;6.623267e-02;3.651087e-02;3.167312e-02;1.479642e-01;1.020787e-01;5.126476e-02;7.895200e-02;7.529391e-02;1.841591e-01
1.229708e-01;1.018448e-01;5.262887e-02;4.915733e-02;3.524050e-02;4.331521e-02;1.433945e-01;9.143490e-02;4.677119e-02;7.615695e-02;7.818566e-02;1.588992e-01
1.164389e-01;1.228899e-01;7.540713e-02;4.765182e-02;3.167706e-02;4.845576e-02;1.067910e-01;7.959630e-02;4.241986e-02;6.749227e-02;8.323554e-02;1.779445e-01
4.092972e-02;1.387937e-01;9.443166e-02;6.063702e-02;2.798101e-02;4.396110e-02;1.442894e-01;4.731113e-02;3.408302e-02;5.114026e-02;9.516398e-02;2.212780e-01
8.810207e-02;9.516527e-02;9.019577e-02;7.339298e-02;2.623475e-02;3.814176e-02;1.489803e-01;2.532736e-02;3.134119e-02;4.405229e-02;8.510162e-02;2.539647e-01
1.522948e-01;5.718924e-02;5.169224e-02;8.167890e-02;2.735733e-02;4.589878e-02;1.435347e-01;3.792397e-02;2.429553e-02;4.106762e-02;5.938673e-02;2.776802e-01
2.236646e-01;3.701994e-02;8.226591e-02;7.259566e-02;2.921746e-02;2.908719e-02;1.491676e-01;4.750010e-02;2.463386e-02;2.655258e-02;4.807596e-02;2.302192e-01
3.033768e-01;7.291143e-02;7.105327e-02;6.183096e-02;3.111395e-02;2.421539e-02;1.497242e-01;3.244638e-02;2.907712e-02;2.541826e-02;2.785381e-02;1.709784e-01
3.693719e-01;9.745311e-02;4.597023e-02;5.980136e-02;1.877494e-02;3.026142e-02;1.259782e-01;2.792141e-02;2.894777e-02;2.674296e-02;1.817025e-02;1.506065e-01
3.653710e-01;8.076234e-02;3.534448e-02;5.782078e-02;1.642694e-02;3.790819e-02;1.243187e-01;6.058420e-02;2.458132e-02;3.428248e-02;2.143734e-02;1.411622e-01
3.015146e-01;4.908844e-02;3.525532e-02;7.459471e-02;2.131288e-02;4.279285e-02;1.784608e-01;7.382486e-02;2.253907e-02;4.455721e-02;2.033278e-02;1.357265e-01
2.615438e-01;1.177044e-02;2.527954e-02;8.285424e-02;2.252932e-02;6.074550e-02;2.196333e-01;8.584546e-02;2.669166e-02;5.428714e-02;2.150518e-02;1.273146e-01
2.618696e-01;3.449530e-02;4.525040e-02;5.991950e-02;2.450086e-02;6.362355e-02;1.939445e-01;1.092705e-01;4.907617e-02;4.085540e-02;1.953021e-02;9.766399e-02
2.712493e-01;3.156784e-02;4.780462e-02;5.094275e-02;3.170839e-02;6.544418e-02;1.676324e-01;1.306432e-01;6.796286e-02;3.174759e-02;1.830441e-02;8.499250e-02
2.932764e-01;2.960636e-02;3.480504e-02;4.338422e-02;2.539562e-02;6.363687e-02;1.587339e-01;1.355629e-01;8.458505e-02;2.899233e-02;1.741314e-02;8.460829e-02
2.962498e-01;3.520229e-02;4.508223e-02;3.857628e-02;2.303525e-02;6.214107e-02;1.555051e-01;1.345634e-01;8.353343e-02;2.295893e-02;1.414729e-02;8.900483e-02
2.778359e-01;3.280294e-02;4.659832e-02;4.166208e-02;2.314896e-02;6.192965e-02;1.633210e-01;1.343246e-01;8.539911e-02;2.748977e-02;2.062702e-02;8.486068e-02
2.829218e-01;2.350856e-02;2.391443e-02;4.164536e-02;1.587108e-02;5.548519e-02;1.677837e-01;1.409624e-01;1.195715e-01;2.206505e-02;1.595614e-02;9.031484e-02
3.017348e-01;2.842108e-02;3.924197e-02;3.353727e-02;1.372670e-02;4.558735e-02;1.438435e-01;1.432202e-01;1.400663e-01;1.482499e-02;1.301717e-02;8.277874e-02
3.302661e-01;4.763613e-02;4.581264e-02;2.778850e-02;1.685170e-02;3.494172e-02;1.150239e-01;1.328818e-01;1.262714e-01;2.258193e-02;1.418903e-02;8.575524e-02
3.003349e-01;8.132517e-02;5.920000e-02;3.064553e-02;2.001358e-02;3.847605e-02;1.310303e-01;9.348384e-02;9.939258e-02;3.252035e-02;1.973328e-02;9.384438e-02
2.062184e-01;1.151840e-01;6.398878e-02;4.086874e-02;2.180266e-02;3.640242e-02;1.833272e-01;8.322334e-02;6.657036e-02;5.419486e-02;2.618801e-02;1.020312e-01
1.332511e-01;1.421146e-01;6.120375e-02;3.832581e-02;2.483274e-02;1.903400e-02;1.834926e-01;1.682513e-01;5.194942e-02;6.052535e-02;2.295807e-02;9.406128e-02
3.112738e-01;1.104019e-01;1.100006e-01;2.140947e-02;2.486608e-02;1.553385e-02;7.239144e-02;1.654220e-01;6.820993e-02;2.718076e-02;1.557143e-02;5.773867e-02
4.120879e-01;9.804879e-02;1.078784e-01;2.009323e-02;2.860723e-02;1.395391e-02;1.151804e-02;1.718400e-01;4.690864e-02;1.232398e-02;1.644817e-02;6.029172e-02
4.322680e-01;5.087502e-02;8.379574e-02;1.425364e-02;2.840316e-02;1.375506e-02;5.310437e-02;1.825543e-01;4.756211e-02;1.434676e-02;1.677965e-02;6.230219e-02
4.292668e-01;5.380552e-02;6.846566e-02;1.057751e-02;2.490067e-02;1.300264e-02;6.975710e-02;1.731918e-01;5.214352e-02;1.321228e-02;2.132072e-02;7.035585e-02
4.138792e-01;6.455152e-02;6.941357e-02;9.806139e-03;1.880189e-02;2.061709e-02;9.005480e-02;1.408921e-01;5.669869e-02;1.339357e-02;1.975527e-02;8.213618e-02
3.723789e-01;7.531483e-02;8.323785e-02;1.812777e-02;2.273192e-02;2.718988e-02;1.276730e-01;9.708865e-02;3.788784e-02;2.979454e-02;2.273474e-02;8.584009e-02
2.826340e-01;9.075101e-02;7.391392e-02;2.620866e-02;2.564468e-02;4.455576e-02;1.905469e-01;8.708429e-02;2.319516e-02;3.786133e-02;3.357581e-02;8.402855e-02
8.730550e-02;9.840725e-02;9.613500e-02;2.808553e-02;2.471233e-02;5.765158e-02;2.360898e-01;1.865371e-01;3.253848e-02;3.430576e-02;4.619415e-02;7.203750e-02
2.254007e-01;6.037779e-02;1.094459e-01;2.336645e-02;2.535262e-02;5.131605e-02;1.490971e-01;1.861368e-01;3.248629e-02;3.067595e-02;3.212144e-02;7.422300e-02
3.352909e-01;5.540532e-02;9.640962e-02;2.944780e-02;2.975120e-02;4.976388e-02;9.398989e-02;1.514643e-01;2.440911e-02;2.417888e-02;2.802475e-02;8.186431e-02
3.934868e-01;6.553361e-02;6.112123e-02;2.557722e-02;2.296348e-02;6.429178e-02;9.126381e-02;9.966780e-02;1.723844e-02;3.073065e-02;2.893234e-02;9.919284e-02
3.745035e-01;3.081817e-02;1.233941e-01;3.529056e-02;2.929533e-02;7.211588e-02;1.132044e-01;4.588300e-02;2.904418e-02;2.501264e-02;3.004217e-02;9.139605e-02
3.161616e-01;8.753223e-02;1.308396e-01;4.875335e-02;2.734322e-02;6.064923e-02;1.091976e-01;6.164197e-02;3.787537e-02;2.927066e-02;2.359571e-02;6.713942e-02
2.954239e-01;1.091786e-01;1.174371e-01;5.901757e-02;2.407319e-02;4.533071e-02;1.099498e-01;8.954701e-02;3.197471e-02;2.629356e-02;2.655775e-02;6.521607e-02
2.783688e-01;5.643888e-02;8.745459e-02;6.387052e-02;1.830436e-02;4.139445e-02;1.707041e-01;1.131911e-01;3.833568e-02;2.623533e-02;2.388482e-02;8.181740e-02
2.379164e-01;3.214865e-02;9.494324e-02;7.024764e-02;1.748084e-02;4.286340e-02;1.910988e-01;1.146284e-01;4.779027e-02;3.250444e-02;2.772542e-02;9.065258e-02
2.552785e-01;3.577708e-02;5.202758e-02;6.555916e-02;1.821740e-02;5.533382e-02;1.887428e-01;1.346694e-01;5.204936e-02;2.721987e-02;2.192915e-02;9.319580e-02
2.438205e-01;4.542621e-02;7.691941e-02;4.429664e-02;1.482817e-02;5.607245e-02;2.035625e-01;1.391911e-01;3.910066e-02;2.328959e-02;2.077655e-02;9.271625e-02
2.171082e-01;7.085297e-02;8.811742e-02;4.641268e-02;1.959201e-02;4.563756e-02;2.360913e-01;1.228834e-01;2.121375e-02;1.916617e-02;2.406300e-02;8.886147e-02
1.151088e-01;9.759026e-02;7.114398e-02;5.864654e-02;2.593101e-02;6.292067e-02;2.760927e-01;1.080375e-01;2.853050e-02;3.294815e-02;3.495511e-02;8.809472e-02
1.666371e-01;9.349666e-02;1.098714e-01;3.447649e-02;2.732083e-02;6.643638e-02;2.093308e-01;9.167659e-02;4.570229e-02;4.467529e-02;3.475103e-02;7.562517e-02
2.773800e-01;6.388397e-02;9.582176e-02;3.178435e-02;2.132226e-02;6.204193e-02;1.345642e-01;8.145382e-02;5.193296e-02;4.762261e-02;3.431885e-02;9.787334e-02
2.726538e-01;2.839768e-02;8.324406e-02;6.370011e-02;1.905945e-02;5.708383e-02;1.309344e-01;6.544045e-02;4.515988e-02;6.501548e-02;4.978235e-02;1.195285e-01
2.269343e-01;3.678425e-02;3.968249e-02;1.024558e-01;1.980106e-02;4.799044e-02;1.759062e-01;4.754097e-02;3.950202e-02;7.191531e-02;5.794390e-02;1.335433e-01
9.894408e-02;5.690262e-02;1.025444e-01;1.186234e-01;2.485286e-02;3.427394e-02;2.162938e-01;4.594948e-02;2.420928e-02;5.966100e-02;8.230565e-02;1.354396e-01
1.379132e-01;7.551569e-02;1.203601e-01;6.614865e-02;2.100061e-02;3.666070e-02;1.698288e-01;5.551010e-02;2.776741e-02;5.650117e-02;1.177683e-01;1.150253e-01
2.083215e-01;6.485650e-02;1.211704e-01;3.964651e-02;3.386791e-02;4.196540e-02;8.493794e-02;6.545704e-02;3.572603e-02;9.039992e-02;1.375499e-01;7.610103e-02
1.698914e-01;8.188398e-02;7.864069e-02;3.740624e-02;4.426182e-02;7.317067e-02;1.124455e-01;7.009752e-02;4.055098e-02;1.007054e-01;1.198091e-01;7.113665e-02
1.011885e-01;9.400452e-02;7.855074e-02;3.692176e-02;5.784239e-02;8.854031e-02;1.596055e-01;6.360129e-02;4.301668e-02;1.103675e-01;1.125971e-01;5.376380e-02
4.574568e-02;8.598997e-02;3.020101e-02;5.135981e-02;1.032045e-01;9.979779e-02;1.512270e-01;7.247958e-02;4.461695e-02;1.728453e-01;1.121843e-01;3.034825e-02
4.916947e-02;4.657280e-02;8.982838e-02;4.811265e-02;1.258315e-01;6.920633e-02;1.540374e-01;6.578457e-02;3.610281e-02;1.849525e-01;8.350855e-02;4.689309e-02
7.211576e-02;4.694545e-02;7.384321e-02;6.490143e-02;1.067529e-01;3.623541e-02;1.484830e-01;6.478678e-02;6.931669e-02;1.907852e-01;8.135987e-02;4.447428e-02
7.019701e-02;5.385844e-02;9.352520e-02;8.674865e-02;9.833001e-02;3.025922e-02;1.173224e-01;5.767928e-02;7.674020e-02;1.885058e-01;8.029121e-02;4.654248e-02
1.209785e-01;5.495917e-02;4.855090e-02;6.539507e-02;9.320232e-02;2.766003e-02;1.024837e-01;5.429474e-02;6.891090e-02;1.947544e-01;1.195486e-01;4.926163e-02
1.150855e-01;7.150587e-02;5.161100e-02;5.846581e-02;1.042529e-01;2.926104e-02;9.618264e-02;4.397942e-02;6.041986e-02;2.089050e-01;1.150564e-01;4.527459e-02
6.670314e-02;9.812841e-02;4.752966e-02;6.399313e-02;1.392488e-01;4.507663e-02;8.685278e-02;3.509063e-02;5.862573e-02;2.226999e-01;1.030809e-01;3.297026e-02
3.434562e-02;1.161350e-01;6.147408e-02;6.008708e-02;1.474107e-01;4.648493e-02;9.541528e-02;4.123062e-02;5.191804e-02;2.140644e-01;1.060536e-01;2.538074e-02
2.409047e-02;1.093878e-01;6.305099e-02;5.429443e-02;1.669503e-01;4.096005e-02;6.813234e-02;3.906405e-02;4.542283e-02;2.443632e-01;1.201705e-01;2.411296e-02
4.035784e-02;9.086750e-02;4.843566e-02;3.637210e-02;1.725408e-01;4.565075e-02;8.471192e-02;3.134563e-02;5.567535e-02;2.604649e-01;1.189135e-01;1.466412e-02
3.298806e-02;7.324126e-02;4.307631e-02;3.288741e-02;1.576565e-01;4.077992e-02;1.083022e-01;3.656723e-02;7.347588e-02;2.681699e-01;1.163511e-01;1.650428e-02
2.568025e-02;6.362109e-02;5.499624e-02;4.110567e-02;1.446246e-01;2.661202e-02;9.382997e-02;3.935415e-02;7.458992e-02;2.951134e-01;1.234656e-01;1.700702e-02
1.928239e-02;5.035222e-02;4.674716e-02;4.978115e-02;1.426443e-01;2.309380e-02;1.033140e-01;4.068564e-02;5.857456e-02;3.202580e-01;1.247869e-01;2.047981e-02
4.342479e-02;4.423822e-02;6.327000e-02;6.315622e-02;1.249294e-01;2.399657e-02;9.611992e-02;3.864048e-02;7.573810e-02;3.003180e-01;1.068667e-01;1.930162e-02
3.892450e-02;3.694972e-02;6.224249e-02;7.035698e-02;9.728243e-02;3.012417e-02;9.629650e-02;4.706771e-02;1.081875e-01;2.816589e-01;1.026897e-01;2.821940e-02
2.519718e-02;3.433413e-02;5.345057e-02;8.694917e-02;9.799261e-02;3.518670e-02;7.792183e-02;4.833975e-02;1.183714e-01;2.802196e-01;1.066075e-01;3.542954e-02
5.956151e-02;2.154667e-02;8.910125e-02;9.234244e-02;1.004608e-01;3.850075e-02;5.911864e-02;4.872175e-02;1.020827e-01;2.552440e-01;9.010280e-02;4.321662e-02
