5.655871e-02;3.882532e-02;1.101218e-01;5.468701e-02;8.534186e-02;7.520305e-02;1.531230e-01;3.426895e-02;1.345682e-01;1.014479e-01;8.041155e-02;7.544274e-02
6.497085e-02;3.250282e-02;1.237981e-01;6.312180e-02;5.322818e-02;6.876374e-02;1.890302e-01;4.948038e-02;1.018618e-01;1.005564e-01;5.988177e-02;9.280396e-02
7.746685e-02;5.549240e-02;1.001326e-01;4.939623e-02;7.719874e-02;6.467266e-02;1.752384e-01;6.847107e-02;7.132945e-02;1.098778e-01;8.476440e-02;6.595929e-02
9.063237e-02;5.723060e-02;7.065132e-02;5.440547e-02;9.541433e-02;6.332053e-02;1.801082e-01;6.702555e-02;8.835887e-02;1.106589e-01;9.463473e-02;2.755907e-02
8.799264e-02;4.153838e-02;7.255998e-02;7.014500e-02;7.508729e-02;4.732636e-02;1.742985e-01;1.088320e-01;1.143366e-01;1.161543e-01;3.883077e-02;5.289807e-02
5.692675e-02;3.774316e-02;1.007339e-01;8.917982e-02;5.332915e-02;7.074983e-02;1.442021e-01;1.194804e-01;1.097108e-01;9.011331e-02;7.313368e-02;5.469696e-02
7.476045e-02;5.824775e-02;9.380874e-02;6.971722e-02;4.903051e-02;7.362650e-02;1.472579e-01;1.155663e-01;6.871604e-02;1.232062e-01;9.052757e-02;3.553481e-02
9.381140e-02;7.140800e-02;7.709971e-02;5.296317e-02;4.886653e-02;5.905170e-02;1.418652e-01;9.774493e-02;1.321993e-01;9.948432e-02;6.572528e-02;5.978046e-02
7.623061e-02;7.528538e-02;8.694806e-02;6.066449e-02;3.982560e-02;5.313390e-02;1.340134e-01;1.110196e-01;1.211592e-01;1.168339e-01;6.152134e-02;6.336444e-02
8.543143e-02;8.140952e-02;1.258859e-01;6.299615e-02;4.626093e-02;6.733006e-02;1.422398e-01;8.673462e-02;9.748018e-02;9.289110e-02;5.071937e-02;6.062089e-02
8.511018e-02;5.684875e-02;1.164863e-01;4.335301e-02;7.352045e-02;6.625297e-02;1.421022e-01;7.299554e-02;9.344914e-02;1.004587e-01;9.598408e-02;5.343866e-02
4.743665e-02;5.900738e-02;8.097255e-02;5.794066e-02;1.060293e-01;6.132061e-02;1.589939e-01;1.026518e-01;7.169244e-02;7.392436e-02;1.222228e-01;5.780754e-02
3.245345e-02;6.918661e-02;6.665314e-02;7.335835e-02;1.097651e-01;8.466868e-02;1.582541e-01;1.032059e-01;7.684814e-02;8.409338e-02;9.999523e-02;4.151795e-02
4.615373e-02;5.655265e-02;9.699857e-02;7.541404e-02;8.292182e-02;1.009078e-01;1.517735e-01;5.919398e-02;7.862795e-02;1.040719e-01;9.125020e-02;5.613383e-02
7.161809e-02;6.888992e-02;9.438867e-02;5.724849e-02;7.175115e-02;1.035476e-01;1.267741e-01;7.548209e-02;1.008737e-01;1.035120e-01;8.165929e-02;4.425492e-02
8.361623e-02;9.174629e-02;8.607869e-02;8.220926e-02;8.376144e-02;7.987265e-02;1.223462e-01;6.607486e-02;6.526678e-02;1.091231e-01;8.236054e-02;4.754395e-02
8.829066e-02;7.955618e-02;1.214461e-01;8.602213e-02;9.868696e-02;7.876129e-02;1.062337e-01;6.042607e-02;6.466103e-02;7.854659e-02;8.396345e-02;5.340585e-02
7.577689e-02;6.749233e-02;1.161140e-01;8.418942e-02;1.226142e-01;7.999054e-02;1.146236e-01;7.574572e-02;9.889013e-02;6.692840e-02;6.605393e-02;3.158082e-02
8.265702e-02;7.699232e-02;1.089058e-01;7.204803e-02;1.155885e-01;5.987122e-02;1.023755e-01;5.325942e-02;9.867681e-02;9.866805e-02;8.180270e-02;4.915459e-02
8.626803e-02;8.501293e-02;9.319346e-02;7.972983e-02;6.864181e-02;4.542637e-02;1.019423e-01;5.058498e-02;1.002311e-01;9.526411e-02;1.265528e-01;6.715219e-02
6.645189e-02;9.744672e-02;6.696592e-02;6.700820e-02;4.431535e-02;6.864742e-02;1.035706e-01;6.918029e-02;9.013045e-02;9.549922e-02;1.564802e-01;7.430378e-02
5.369925e-02;1.002830e-01;5.921840e-02;3.889128e-02;4.276887e-02;1.072675e-01;8.624200e-02;7.294745e-02;8.589399e-02;1.012034e-01;1.567122e-01;9.487271e-02
5.730783e-02;8.762951e-02;7.325655e-02;4.819571e-02;4.125645e-02;1.145321e-01;8.852517e-02;4.315092e-02;8.768593e-02;7.832528e-02;1.500056e-01;1.301290e-01
6.614450e-02;6.688886e-02;7.111876e-02;6.102506e-02;8.691499e-02;8.589756e-02;6.677191e-02;3.957348e-02;8.785749e-02;1.399658e-01;1.145926e-01;1.132490e-01
7.200846e-02;5.224931e-02;7.524952e-02;3.616749e-02;9.987448e-02;5.205455e-02;2.578671e-02;4.791842e-02;7.032689e-02;1.561650e-01;1.846352e-01;1.275640e-01
5.621488e-02;8.154398e-02;1.135196e-01;6.149649e-02;1.026837e-01;4.969195e-02;5.800523e-02;6.143497e-02;4.996836e-02;1.187789e-01;1.496681e-01;9.699383e-02
4.653568e-02;1.082658e-01;1.569178e-01;8.370779e-02;8.314731e-02;7.843480e-02;9.215803e-02;6.973006e-02;7.831122e-02;7.697856e-02;6.574688e-02;6.006604e-02
6.322458e-02;8.038143e-02;2.106001e-01;8.619320e-02;6.435381e-02;7.434684e-02;6.115029e-02;4.991606e-02;1.006111e-01;7.004234e-02;4.065502e-02;9.852514e-02
6.036616e-02;7.916728e-02;3.363451e-01;6.180404e-02;3.828426e-02;4.369354e-02;4.726070e-02;3.648435e-02;1.043159e-01;7.914224e-02;4.550454e-02;6.763197e-02
2.853590e-02;8.515671e-02;3.941846e-01;3.858873e-02;5.191616e-02;4.449721e-02;4.146439e-02;3.732763e-02;1.235721e-01;7.989159e-02;4.553835e-02;2.932662e-02
2.562918e-02;8.533849e-02;4.217120e-01;2.940808e-02;4.969779e-02;2.697871e-02;3.225135e-02;3.860189e-02;1.561755e-01;7.417602e-02;3.653615e-02;2.349483e-02
4.695220e-02;9.148715e-02;4.189378e-01;3.442130e-02;4.822112e-02;2.527802e-02;3.861070e-02;2.036635e-02;1.584251e-01;6.150090e-02;3.565580e-02;2.014350e-02
7.054564e-02;8.998267e-02;3.683899e-01;3.796948e-02;4.283456e-02;3.420246e-02;5.854369e-02;3.336589e-02;1.523905e-01;5.586182e-02;3.870999e-02;1.720335e-02
1.004801e-01;9.555795e-02;2.704670e-01;4.455904e-02;3.849826e-02;4.639829e-02;5.373367e-02;6.097798e-02;1.421150e-01;6.861014e-02;6.076692e-02;1.783558e-02
1.152973e-01;7.218248e-02;1.365076e-01;5.312360e-02;4.683676e-02;7.403164e-02;6.613489e-02;8.022850e-02;1.358987e-01;1.024973e-01;9.227767e-02;2.498365e-02
1.186407e-01;5.664201e-02;9.069023e-02;6.551924e-02;5.121427e-02;7.610585e-02;8.283094e-02;8.457046e-02;1.611694e-01;1.050539e-01;5.256510e-02;5.499790e-02
1.501997e-01;7.085511e-02;8.919618e-02;7.305679e-02;5.568449e-02;5.706585e-02;7.448327e-02;6.590752e-02;1.323346e-01;1.151831e-01;4.296860e-02;7.306489e-02
1.061843e-01;8.951014e-02;8.067934e-02;7.738778e-02;8.821677e-02;8.272064e-02;6.772116e-02;5.006577e-02;1.046213e-01;1.369199e-01;3.058581e-02;8.538714e-02
1.007219e-01;9.068191e-02;1.157934e-01;5.490414e-02;8.883241e-02;9.657997e-02;7.940491e-02;4.931053e-02;1.185788e-01;8.655717e-02;5.808299e-02;6.055197e-02
1.030468e-01;7.857387e-02;1.205497e-01;4.279577e-02;5.871742e-02;9.081701e-02;8.809783e-02;8.239188e-02;1.203600e-01;9.227897e-02;8.075228e-02;4.161856e-02
6.778810e-02;6.758628e-02;1.205086e-01;4.699516e-02;5.136161e-02;7.449710e-02;1.026776e-01;8.991433e-02;1.211962e-01;1.303976e-01;8.812476e-02;3.895257e-02
3.958419e-02;4.508361e-02;7.824137e-02;5.226889e-02;6.962298e-02;8.901742e-02;1.399363e-01;8.549047e-02;1.222912e-01;1.372600e-01;9.667127e-02;4.453235e-02
4.669283e-02;9.086042e-02;7.831661e-02;6.433211e-02;7.801147e-02;9.058966e-02;1.427809e-01;7.973471e-02;1.056912e-01;9.578898e-02;8.105303e-02;4.614808e-02
5.138424e-02;1.120336e-01;1.012849e-01;7.694806e-02;7.514779e-02;8.076616e-02;1.308367e-01;7.404243e-02;1.087633e-01;9.067956e-02;5.095389e-02;4.715925e-02
5.225216e-02;7.883711e-02;8.833322e-02;7.468837e-02;8.509620e-02;5.556643e-02;1.457702e-01;9.498852e-02;1.229808e-01;9.191583e-02;3.418128e-02;7.538984e-02
6.053033e-02;5.513477e-02;1.091640e-01;5.683937e-02;1.107717e-01;7.265788e-02;1.411576e-01;8.038370e-02;9.161517e-02;9.216242e-02;4.820823e-02;8.137482e-02
6.923608e-02;6.534944e-02;1.138620e-01;6.466755e-02;1.212222e-01;1.158572e-01;1.125331e-01;5.104230e-02;4.883321e-02;1.062158e-01;5.910903e-02;7.207204e-02
6.998097e-02;6.409875e-02;1.356213e-01;4.228741e-02;1.105745e-01;1.259835e-01;1.039481e-01;6.010094e-02;4.356794e-02;9.060290e-02;6.413808e-02;8.909555e-02
9.467377e-02;6.303913e-02;1.522782e-01;6.650728e-02;8.357238e-02;8.788683e-02;9.925849e-02;6.789426e-02;8.055469e-02;5.055858e-02;6.472638e-02;8.904996e-02
4.378007e-02;4.713305e-02;2.545557e-01;9.687958e-02;9.778029e-02;6.977378e-02;1.299862e-01;5.614790e-02;3.246105e-02;3.665220e-02;7.421247e-02;6.063772e-02
4.853159e-02;6.160298e-02;2.666855e-01;1.413992e-01;9.641024e-02;5.266510e-02;1.071091e-01;4.874504e-02;2.632144e-02;2.805622e-02;8.426780e-02;3.820576e-02
4.211837e-02;5.675322e-02;2.730109e-01;2.219927e-01;1.018774e-01;3.291878e-02;6.058071e-02;4.639783e-02;2.319057e-02;2.005958e-02;1.033903e-01;1.770966e-02
2.339862e-02;3.382290e-02;2.689635e-01;3.278942e-01;1.128028e-01;2.488592e-02;2.643570e-02;3.654285e-02;1.144692e-02;5.510505e-03;1.200296e-01;8.266413e-03
1.470228e-02;1.489929e-02;2.725425e-01;3.833711e-01;1.133069e-01;2.092688e-02;1.150435e-02;3.234965e-02;4.021209e-03;8.233733e-03;1.176965e-01;6.445585e-03
1.197905e-02;8.758890e-03;2.451726e-01;3.776570e-01;1.318551e-01;2.572681e-02;1.147540e-02;4.471589e-02;8.267115e-03;6.484106e-03;1.181727e-01;9.735269e-03
1.031828e-02;9.742679e-03;2.407663e-01;3.523962e-01;1.202670e-01;3.101221e-02;1.536264e-02;7.675285e-02;8.235361e-03;4.840179e-03;1.204434e-01;9.862922e-03
4.945191e-03;1.333058e-02;2.361681e-01;3.258642e-01;1.085949e-01;3.357480e-02;2.057434e-02;1.129674e-01;1.139432e-02;9.238000e-03;1.188264e-01;4.521787e-03
9.926869e-03;1.584818e-02;2.172877e-01;2.740032e-01;1.393197e-01;3.348029e-02;3.033302e-02;1.294296e-01;1.538004e-02;1.078896e-02;1.017741e-01;2.242827e-02
1.096741e-02;2.278522e-02;1.893604e-01;2.265635e-01;2.021478e-01;3.850563e-02;4.402785e-02;9.540848e-02;2.712672e-02;1.617506e-02;6.939350e-02;5.753843e-02
1.333029e-02;1.678245e-02;1.561105e-01;2.023428e-01;2.654071e-01;4.911794e-02;4.033338e-02;4.013401e-02;4.432216e-02;1.519974e-02;3.780070e-02;1.191190e-01
1.612386e-02;1.465686e-02;1.834283e-01;1.642341e-01;2.460039e-01;6.231949e-02;6.974750e-02;1.701952e-02;5.005430e-02;1.700173e-02;2.432569e-02;1.350846e-01
1.776861e-02;1.881912e-02;2.755634e-01;1.153473e-01;1.812583e-01;6.436902e-02;1.109318e-01;2.312682e-02;4.453674e-02;1.663895e-02;2.707672e-02;1.045633e-01
2.168598e-02;1.842626e-02;3.768812e-01;6.459711e-02;1.419793e-01;6.295212e-02;1.212872e-01;2.484213e-02;3.769347e-02;2.933023e-02;4.005944e-02;6.026563e-02
2.694288e-02;8.422024e-03;2.519028e-01;8.689483e-02;2.316905e-01;1.073002e-01;1.352373e-01;1.675552e-02;2.555035e-02;3.722107e-02;3.395369e-02;3.812898e-02
1.120845e-02;1.617716e-02;1.919932e-01;5.606993e-02;2.486683e-01;1.312527e-01;1.959263e-01;1.940766e-02;3.857952e-02;2.223990e-02;2.198249e-02;4.649452e-02
2.253647e-02;1.730485e-02;2.091985e-01;6.429737e-02;2.580342e-01;1.296425e-01;1.467533e-01;2.134667e-02;3.999516e-02;2.324517e-02;1.746301e-02;5.018272e-02
2.396389e-02;2.593936e-02;2.684580e-01;8.860009e-02;2.608145e-01;1.076775e-01;8.345748e-02;1.676232e-02;2.474421e-02;3.781780e-02;1.525474e-02;4.651004e-02
2.436290e-02;3.758347e-02;3.453691e-01;9.303106e-02;1.982663e-01;7.483014e-02;9.349690e-02;2.672857e-02;2.259428e-02;3.870747e-02;1.914200e-02;2.588777e-02
3.075225e-02;4.242334e-02;4.140896e-01;8.492354e-02;1.448902e-01;4.785617e-02;7.745025e-02;4.017419e-02;2.637777e-02;5.430784e-02;1.985583e-02;1.689906e-02
3.520296e-02;4.276457e-02;3.990882e-01;8.480456e-02;1.243710e-01;3.785092e-02;7.575506e-02;3.902653e-02;3.941795e-02;8.583182e-02;1.704513e-02;1.884129e-02
5.161370e-02;5.283449e-02;2.504542e-01;1.026313e-01;1.231913e-01;7.018854e-02;1.100395e-01;3.488232e-02;8.334400e-02;8.479080e-02;2.154106e-02;1.448875e-02
6.609242e-02;5.293594e-02;1.556347e-01;1.199316e-01;1.101250e-01;9.214474e-02;1.174940e-01;4.536564e-02;9.779794e-02;8.192227e-02;3.251994e-02;2.803583e-02
6.411662e-02;4.926405e-02;1.180281e-01;1.036477e-01;1.186170e-01;7.843138e-02;9.496740e-02;6.136776e-02;1.171579e-01;1.068649e-01;5.249375e-02;3.504346e-02
5.083131e-02;5.894054e-02;1.357556e-01;6.863692e-02;1.248009e-01;5.120359e-02;8.373778e-02;6.477500e-02;1.086831e-01;1.872471e-01;3.884315e-02;2.654516e-02
5.818329e-02;8.630119e-02;1.129858e-01;6.531817e-02;1.099026e-01;4.494475e-02;8.313306e-02;4.989729e-02;9.391244e-02;2.169032e-01;3.750577e-02;4.101253e-02
5.628805e-02;8.715413e-02;1.474980e-01;7.515021e-02;7.233250e-02;3.426687e-02;9.114521e-02;5.993244e-02;8.266737e-02;1.780403e-01;6.260004e-02;5.292485e-02
3.958891e-02;7.182994e-02;1.907857e-01;8.398452e-02;7.718225e-02;3.574443e-02;1.266434e-01;9.346011e-02;7.027189e-02;1.029999e-01;5.451594e-02;5.299301e-02
4.364579e-02;6.582867e-02;3.017606e-01;8.454732e-02;8.593803e-02;4.642554e-02;1.073880e-01;6.604472e-02;5.872126e-02;8.219394e-02;2.466418e-02;3.284192e-02
3.897445e-02;2.517180e-02;3.950028e-01;7.795089e-02;1.083402e-01;5.497887e-02;1.536261e-01;2.715046e-02;3.722915e-02;5.186178e-02;1.748542e-02;1.222813e-02
3.527627e-02;2.337575e-02;4.440263e-01;8.203683e-02;1.071427e-01;6.076302e-02;1.700459e-01;1.372277e-02;1.754789e-02;2.331928e-02;1.564275e-02;7.100557e-03
4.103213e-02;4.656086e-02;5.040430e-01;7.996706e-02;8.980180e-02;5.005067e-02;1.205854e-01;1.192254e-02;1.916848e-02;1.784265e-02;1.229762e-02;6.727829e-03
4.608348e-02;6.597687e-02;5.528668e-01;6.923247e-02;5.832922e-02;3.196049e-02;5.980943e-02;2.355090e-02;3.116048e-02;3.467161e-02;1.399623e-02;1.236207e-02
4.537822e-02;6.550472e-02;4.777397e-01;6.336087e-02;4.468253e-02;2.204332e-02;4.515066e-02;4.156086e-02;6.496836e-02;6.734965e-02;2.728929e-02;3.497184e-02
5.547537e-02;5.173212e-02;2.308473e-01;8.514884e-02;6.998584e-02;5.279657e-02;8.957429e-02;5.252766e-02;1.019169e-01;1.044168e-01;5.098906e-02;5.458916e-02
7.443035e-02;4.868646e-02;1.012732e-01;7.376395e-02;6.594776e-02;8.199282e-02;1.391094e-01;6.952178e-02;8.856861e-02;1.376121e-01;6.584504e-02;5.324855e-02
8.547006e-02;3.353880e-02;8.035510e-02;6.351866e-02;6.532675e-02;6.111301e-02;1.491736e-01;7.335375e-02;9.410951e-02;1.437262e-01;8.255632e-02;6.775823e-02
7.694556e-02;5.628207e-02;6.478059e-02;5.451940e-02;6.640283e-02;6.658632e-02;1.087084e-01;8.548281e-02;1.204939e-01;1.178671e-01;1.121977e-01;6.973331e-02
6.993397e-02;5.120401e-02;1.078047e-01;5.405236e-02;5.955795e-02;7.227343e-02;8.093868e-02;8.230971e-02;1.464415e-01;9.996099e-02;1.211667e-01;5.435607e-02
5.090385e-02;3.963958e-02;1.874772e-01;8.160137e-02;6.380706e-02;6.058997e-02;9.042171e-02;8.355054e-02;1.573227e-01;5.432698e-02;9.881430e-02;3.154481e-02
9.795332e-02;6.099588e-02;1.863869e-01;7.660938e-02;7.782913e-02;8.663707e-02;9.109949e-02;6.355894e-02;1.066465e-01;7.395776e-02;2.797478e-02;5.035087e-02
1.035000e-01;8.436767e-02;1.360728e-01;7.264527e-02;6.352966e-02;8.553658e-02;9.762746e-02;8.287166e-02;1.286640e-01;7.077055e-02;2.538471e-02;4.902972e-02
8.741309e-02;8.542001e-02;1.302264e-01;7.500004e-02;5.915122e-02;8.114574e-02;1.116045e-01;9.192720e-02;1.250854e-01;7.327814e-02;3.228025e-02;4.746802e-02
7.656305e-02;7.891491e-02;2.154539e-01;5.989010e-02;5.105967e-02;8.275343e-02;1.287695e-01;5.516868e-02;1.018002e-01;6.823294e-02;2.961412e-02;5.177957e-02
7.115474e-02;6.087581e-02;2.665958e-01;5.547916e-02;6.663819e-02;5.342016e-02;1.485127e-01;2.289735e-02;1.279831e-01;5.922259e-02;2.613023e-02;4.109012e-02
8.331757e-02;8.665256e-02;2.380629e-01;4.737249e-02;4.311079e-02;3.822486e-02;1.074841e-01;3.600447e-02;1.862576e-01;6.641018e-02;3.084825e-02;3.625425e-02
9.570929e-02;1.030984e-01;1.779952e-01;2.892709e-02;2.894243e-02;2.113943e-02;6.577308e-02;8.099401e-02;2.601907e-01;6.490877e-02;4.568894e-02;2.663274e-02
1.329286e-01;1.003458e-01;9.575181e-02;1.118901e-02;3.283887e-02;9.798559e-03;3.578620e-02;1.421219e-01;2.942545e-01;5.273379e-02;7.260160e-02;1.964929e-02
1.688545e-01;7.387886e-02;7.484711e-02;9.696361e-03;4.868814e-02;1.257685e-02;3.992054e-02;2.235145e-01;2.099527e-01;3.549394e-02;8.304687e-02;1.952965e-02
1.847924e-01;6.844909e-02;1.064339e-01;1.510859e-02;5.576005e-02;1.643675e-02;6.738580e-02;2.759998e-01;9.866852e-02;1.805547e-02;7.687258e-02;1.603705e-02
1.599755e-01;7.455103e-02;1.401030e-01;2.071728e-02;5.137048e-02;2.291470e-02;1.243570e-01;2.400183e-01;5.040783e-02;2.868905e-02;6.491794e-02;2.197793e-02
1.346929e-01;5.690801e-02;1.194739e-01;2.232272e-02;4.621477e-02;3.421004e-02;1.872152e-01;1.585781e-01;9.176663e-02;5.554084e-02;7.081831e-02;2.225863e-02
1.670459e-01;2.884211e-02;6.451709e-02;2.515641e-02;6.353685e-02;5.001805e-02;1.519748e-01;8.882580e-02;1.589014e-01;6.690689e-02;9.104896e-02;4.322574e-02
1.505987e-01;4.684628e-02;6.212157e-02;2.392309e-02;5.825064e-02;3.741832e-02;7.502481e-02;1.083238e-01;2.740330e-01;4.332146e-02;6.817244e-02;5.196594e-02
1.417888e-01;4.277286e-02;4.696453e-02;3.051927e-02;5.184142e-02;3.323048e-02;1.488019e-01;2.818741e-02;2.713848e-01;7.013504e-02;8.845552e-02;4.591803e-02
1.127114e-01;5.182675e-02;7.655210e-02;2.849472e-02;4.547317e-02;3.805314e-02;1.627556e-01;2.323070e-01;5.940162e-02;5.181182e-02;1.127928e-01;2.781985e-02
7.851851e-02;4.925676e-02;4.754736e-02;1.975822e-02;3.529030e-02;4.448719e-02;9.512931e-02;2.824148e-01;2.230535e-01;2.093771e-02;8.134536e-02;2.226090e-02
6.544136e-02;4.576870e-02;7.424106e-02;1.905444e-02;4.777660e-02;3.467561e-02;5.600069e-02;2.690690e-01;2.606916e-01;4.320710e-02;5.189780e-02;3.217603e-02
7.088530e-02;3.810680e-02;7.354169e-02;1.515334e-02;6.259837e-02;3.011421e-02;8.255460e-02;2.541252e-01;2.302112e-01;5.353339e-02;4.839907e-02;4.077675e-02
7.435068e-02;5.952537e-02;1.060779e-01;3.535726e-02;6.792092e-02;4.424125e-02;1.747673e-01;1.189366e-01;1.235089e-01;5.622515e-02;6.864233e-02;7.044641e-02
5.035166e-02;6.572260e-02;1.383972e-01;5.671377e-02;6.504251e-02;5.264785e-02;1.720538e-01;6.985721e-02;9.064040e-02;7.931642e-02;7.980607e-02;7.945052e-02
4.032271e-02;4.444196e-02;2.666406e-01;9.668620e-02;6.616713e-02;5.538334e-02;7.195717e-02;5.181383e-02;7.378365e-02;5.306843e-02;1.003073e-01;7.942759e-02
5.942242e-02;4.359664e-02;2.171901e-01;5.968950e-02;7.194889e-02;6.709736e-02;1.688320e-01;5.894377e-02;8.064190e-02;4.656065e-02;6.278396e-02;6.329289e-02
8.322271e-02;5.644969e-02;1.569090e-01;4.084500e-02;5.939470e-02;6.052070e-02;1.679250e-01;1.197241e-01;1.146487e-01;3.158388e-02;4.477968e-02;6.399687e-02
1.224528e-01;6.540305e-02;1.030858e-01;2.411369e-02;4.189952e-02;4.173798e-02;1.074199e-01;2.146610e-01;1.650199e-01;2.003897e-02;3.947651e-02;5.469089e-02
1.791738e-01;5.041324e-02;5.489187e-02;1.026047e-02;3.148565e-02;1.895395e-02;9.308758e-02;2.998693e-01;1.687226e-01;2.459514e-02;3.213634e-02;3.641013e-02
1.825230e-01;3.648202e-02;7.254738e-02;1.383278e-02;3.371509e-02;3.650275e-02;1.950379e-01;2.575048e-01;9.633379e-02;2.045069e-02;2.552357e-02;2.954619e-02
1.626901e-01;4.353986e-02;1.173357e-01;2.267540e-02;3.767112e-02;5.740980e-02;2.357280e-01;1.551019e-01;5.556818e-02;3.633806e-02;4.127526e-02;3.466656e-02
1.481265e-01;5.801179e-02;1.400365e-01;6.039453e-02;5.164102e-02;5.994707e-02;1.410272e-01;6.964886e-02;7.501274e-02;7.359786e-02;7.895298e-02;4.360288e-02
1.659771e-01;1.019927e-01;8.423163e-02;5.796263e-02;4.529167e-02;4.353689e-02;1.420992e-01;9.964295e-02;8.915228e-02;5.941929e-02;6.298395e-02;4.770965e-02
1.993806e-01;7.277615e-02;1.016269e-01;3.089697e-02;2.955129e-02;4.027167e-02;1.813669e-01;1.423131e-01;5.798315e-02;4.876674e-02;2.874939e-02;6.631710e-02
2.652228e-01;4.722320e-02;7.892277e-02;1.315053e-02;2.070895e-02;3.017225e-02;1.634737e-01;1.915548e-01;5.259008e-02;4.417468e-02;2.618616e-02;6.662012e-02
3.238100e-01;6.618264e-02;8.378705e-02;1.761526e-02;2.796774e-02;2.110378e-02;7.993317e-02;2.267421e-01;4.359901e-02;3.653413e-02;1.992820e-02;5.279688e-02
3.796133e-01;6.189371e-02;8.364422e-02;1.641303e-02;2.632032e-02;8.662091e-03;6.865481e-02;2.372368e-01;2.587588e-02;2.472271e-02;1.763340e-02;4.932965e-02
3.765902e-01;8.234991e-02;1.193833e-01;9.710949e-03;2.679965e-02;1.359604e-02;5.649071e-02;1.853960e-01;3.482009e-02;1.916170e-02;2.338829e-02;5.231315e-02
3.373485e-01;1.055175e-01;1.937890e-01;1.218606e-02;2.846308e-02;2.512016e-02;5.042596e-02;1.062923e-01;3.944544e-02;2.199719e-02;2.752136e-02;5.189340e-02
2.569326e-01;1.085158e-01;2.942832e-01;2.571652e-02;2.869977e-02;2.585057e-02;5.959290e-02;4.756714e-02;3.953046e-02;3.168029e-02;3.131910e-02;5.031167e-02
1.880331e-01;9.390078e-02;2.951248e-01;4.299832e-02;3.960657e-02;3.719926e-02;3.223946e-02;5.081348e-02;3.663219e-02;7.647630e-02;5.497783e-02;5.199787e-02
1.279601e-01;5.487996e-02;2.046800e-01;4.643080e-02;6.295663e-02;6.773173e-02;8.811116e-02;3.467298e-02;5.821986e-02;1.242530e-01;7.974777e-02;5.035605e-02
1.060825e-01;5.848907e-02;1.242863e-01;4.699345e-02;6.549042e-02;6.742997e-02;1.323263e-01;6.450479e-02;5.101477e-02;1.420106e-01;8.733094e-02;5.404084e-02
1.036633e-01;7.268196e-02;1.127302e-01;3.770915e-02;7.676978e-02;5.606072e-02;9.799786e-02;9.038486e-02;5.807438e-02;1.651857e-01;8.800285e-02;4.073922e-02
9.931488e-02;6.865278e-02;9.111713e-02;4.796658e-02;7.340133e-02;7.758730e-02;8.540897e-02;1.119019e-01;5.201018e-02;1.710259e-01;7.381316e-02;4.779992e-02
8.669984e-02;4.901020e-02;8.283676e-02;5.730677e-02;7.829505e-02;9.787103e-02;9.814131e-02;1.235413e-01;5.906250e-02;1.711990e-01;4.793913e-02;4.809710e-02
6.012657e-02;3.425131e-02;6.903071e-02;5.311437e-02;8.555555e-02;9.176261e-02;1.260159e-01;1.291445e-01;7.025936e-02;1.967836e-01;4.292280e-02;4.103276e-02
5.827096e-02;5.279415e-02;6.098252e-02;6.715265e-02;7.999831e-02;7.989838e-02;1.097995e-01;1.041538e-01;1.128845e-01;1.729277e-01;4.414080e-02;5.699668e-02
5.209235e-02;5.871533e-02;6.943975e-02;7.053544e-02;7.201193e-02;6.583365e-02;1.331468e-01;9.602858e-02;1.199206e-01;1.533486e-01;5.335923e-02;5.556776e-02
5.721424e-02;6.489550e-02;5.787686e-02;5.145558e-02;5.487381e-02;5.619642e-02;1.475386e-01;8.241064e-02;1.446051e-01;1.795976e-01;3.523882e-02;6.809696e-02
7.561879e-02;7.530492e-02;6.291530e-02;3.692663e-02;6.113124e-02;5.483886e-02;1.221318e-01;7.297537e-02;1.162356e-01;1.854462e-01;4.077257e-02;9.570263e-02
6.740651e-02;8.237572e-02;9.225821e-02;3.070485e-02;7.419130e-02;8.284017e-02;9.717386e-02;7.441945e-02;1.043660e-01;1.637167e-01;3.732669e-02;9.322049e-02
5.260266e-02;9.598650e-02;8.821430e-02;5.439193e-02;6.355281e-02;1.281597e-01;8.399845e-02;7.114064e-02;7.185362e-02;1.520208e-01;3.755621e-02;1.005224e-01
5.093654e-02;8.195266e-02;7.892437e-02;6.836853e-02;3.826924e-02;1.151467e-01;5.546879e-02;7.187311e-02;1.605900e-01;1.476216e-01;5.670946e-02;7.413911e-02
6.757940e-02;6.942157e-02;8.422710e-02;6.092378e-02;5.952442e-02;9.310353e-02;7.804109e-02;1.085491e-01;1.565096e-01;1.259814e-01;5.819967e-02;3.793942e-02
5.769987e-02;6.097768e-02;7.903940e-02;5.429125e-02;8.106803e-02;8.418640e-02;1.092411e-01;9.033705e-02;1.161736e-01;1.592673e-01;5.771517e-02;5.000312e-02
6.528354e-02;4.859599e-02;1.199540e-01;7.082435e-02;7.294162e-02;8.550305e-02;9.778556e-02;6.236418e-02;1.152857e-01;1.474313e-01;5.181586e-02;6.221483e-02
8.894760e-02;5.504819e-02;1.405745e-01;5.555602e-02;4.945002e-02;6.377527e-02;8.385986e-02;1.124771e-01;1.183998e-01;1.106925e-01;4.695217e-02;7.426701e-02
7.687540e-02;5.125846e-02;1.337626e-01;4.825275e-02;3.992695e-02;4.186395e-02;9.314641e-02;1.099749e-01;1.461967e-01;1.142436e-01;6.645666e-02;7.804158e-02
6.376322e-02;4.445673e-02;1.608169e-01;4.375381e-02;4.643544e-02;5.133447e-02;1.463107e-01;5.872634e-02;1.554310e-01;1.063272e-01;6.626420e-02;5.638003e-02
7.265575e-02;4.632854e-02;3.140326e-01;5.284213e-02;6.912360e-02;5.862209e-02;1.602999e-01;5.389564e-02;7.780258e-02;4.886138e-02;2.641150e-02;1.912433e-02
9.543128e-02;9.023838e-02;3.811105e-01;5.148825e-02;7.038978e-02;4.710735e-02;1.366526e-01;2.613788e-02;5.060224e-02;2.249834e-02;1.525581e-02;1.308755e-02
1.054480e-01;1.485683e-01;3.808006e-01;3.463209e-02;4.845738e-02;4.096306e-02;1.144213e-01;1.233268e-02;6.962088e-02;1.991683e-02;1.548520e-02;9.353789e-03
1.281524e-01;2.248970e-01;3.332153e-01;1.450264e-02;2.014054e-02;3.013494e-02;8.413231e-02;1.506723e-02;1.108640e-01;1.963830e-02;1.108359e-02;8.171763e-03
1.433371e-01;2.451238e-01;3.307055e-01;1.327166e-02;8.841011e-03;2.032451e-02;4.495792e-02;2.145774e-02;1.283513e-01;2.195119e-02;1.054207e-02;1.113627e-02
1.302532e-01;2.439494e-01;3.820908e-01;1.768239e-02;1.171833e-02;1.991334e-02;2.906713e-02;1.261755e-02;1.263685e-01;1.185510e-02;7.184777e-03;7.299516e-03
1.399006e-01;2.397535e-01;3.912984e-01;1.877891e-02;1.072815e-02;1.866470e-02;2.749003e-02;9.217402e-03;1.224767e-01;7.462909e-03;6.159839e-03;8.068897e-03
1.197651e-01;2.349170e-01;4.252298e-01;1.892420e-02;1.332088e-02;1.476216e-02;2.336702e-02;8.590507e-03;1.205807e-01;6.808474e-03;6.734860e-03;6.999298e-03
9.978408e-02;2.283259e-01;4.503785e-01;1.963879e-02;5.886565e-03;1.160687e-02;2.206152e-02;1.202630e-02;1.247844e-01;9.675913e-03;7.605174e-03;8.225924e-03
7.686605e-02;2.161731e-01;4.819072e-01;2.106333e-02;7.360186e-03;1.581821e-02;1.987514e-02;9.926834e-03;1.287384e-01;9.733470e-03;6.553026e-03;5.985153e-03
6.766639e-02;2.060630e-01;5.329366e-01;1.995148e-02;7.570982e-03;1.691973e-02;1.228367e-02;4.429367e-03;1.111156e-01;9.632376e-03;4.554589e-03;6.876193e-03
4.923047e-02;1.857367e-01;5.898340e-01;2.161325e-02;6.140177e-03;1.804831e-02;1.870219e-02;5.400631e-03;8.360609e-02;1.062319e-02;3.899697e-03;7.165371e-03
3.267791e-02;1.524034e-01;6.653126e-01;2.314846e-02;8.254977e-03;1.552617e-02;1.439394e-02;1.121278e-02;4.996178e-02;1.457806e-02;5.198936e-03;7.331005e-03
2.947818e-02;1.055185e-01;7.285017e-01;2.764365e-02;1.198031e-02;1.265791e-02;2.002739e-02;1.272152e-02;2.286014e-02;2.065042e-02;3.711764e-03;4.248485e-03
1.086713e-02;6.005132e-02;7.750844e-01;4.082678e-02;1.856815e-02;1.329787e-02;3.205898e-02;1.309297e-02;7.879295e-03;2.399170e-02;1.872207e-03;2.409242e-03
8.341420e-03;4.436722e-02;7.731910e-01;5.042386e-02;2.816543e-02;1.494929e-02;2.399864e-02;9.548904e-03;1.348612e-02;2.545363e-02;5.053224e-03;3.021311e-03
1.566086e-02;3.509512e-02;7.681092e-01;5.207228e-02;2.281125e-02;9.135853e-03;4.489737e-02;8.955361e-03;1.334646e-02;2.019307e-02;7.159523e-03;2.563641e-03
1.785963e-02;2.369369e-02;7.374700e-01;5.910919e-02;4.162445e-02;1.443564e-02;4.616030e-02;1.210337e-02;9.767435e-03;2.058784e-02;1.237088e-02;4.817510e-03
9.370604e-03;1.454844e-02;7.098212e-01;9.356852e-02;6.771372e-02;1.784173e-02;1.914886e-02;1.350667e-02;1.232341e-02;1.888412e-02;1.892040e-02;4.352398e-03
1.125117e-02;1.591528e-02;6.650782e-01;1.149198e-01;8.795029e-02;2.367862e-02;2.045799e-02;1.418043e-02;1.225268e-02;6.341935e-03;2.209708e-02;5.876515e-03
1.044978e-02;1.018042e-02;6.477943e-01;1.235527e-01;9.983845e-02;2.702440e-02;1.905788e-02;9.907776e-03;1.631546e-02;6.845049e-03;2.333985e-02;5.693939e-03
1.813723e-02;7.945181e-03;6.647468e-01;1.059071e-01;8.353226e-02;2.413379e-02;3.228760e-02;9.959498e-03;1.921593e-02;1.234822e-02;1.839292e-02;3.393464e-03
2.328921e-02;1.553090e-02;7.200348e-01;7.900688e-02;5.286381e-02;1.650931e-02;3.117359e-02;6.686884e-03;1.541492e-02;2.410272e-02;1.019660e-02;5.190329e-03
1.828413e-02;3.060054e-02;7.434445e-01;5.610930e-02;3.283126e-02;1.090563e-02;3.268156e-02;7.523567e-03;1.767817e-02;3.515046e-02;8.509256e-03;6.281581e-03
9.730494e-03;5.210510e-02;7.463357e-01;4.401729e-02;2.207293e-02;1.183575e-02;2.517591e-02;1.030586e-02;1.838630e-02;4.202146e-02;1.362989e-02;4.383308e-03
1.996982e-02;6.621782e-02;7.670815e-01;3.640984e-02;1.242710e-02;1.237226e-02;2.303666e-02;1.111246e-02;8.851367e-03;2.917247e-02;9.368907e-03;3.979838e-03
2.511384e-02;4.844332e-02;7.415158e-01;4.180108e-02;1.909682e-02;1.645636e-02;3.285490e-02;1.463266e-02;2.348608e-02;2.047007e-02;8.257979e-03;7.871094e-03
1.417423e-02;2.812638e-02;6.671129e-01;5.560555e-02;2.923849e-02;2.796836e-02;4.732639e-02;2.179309e-02;4.733881e-02;4.305497e-02;8.901848e-03;9.358939e-03
9.509790e-03;5.663802e-02;6.048031e-01;4.283012e-02;1.659204e-02;1.575401e-02;4.073513e-02;2.429722e-02;8.036634e-02;8.794951e-02;1.458264e-02;5.942021e-03
1.752484e-02;7.468677e-02;5.726245e-01;2.679202e-02;1.093122e-02;1.348505e-02;2.286546e-02;1.609337e-02;9.643281e-02;1.198601e-01;1.314906e-02;1.555484e-02
1.761930e-02;8.763340e-02;5.764593e-01;2.380917e-02;1.398632e-02;7.914539e-03;2.886374e-02;1.111999e-02;9.411654e-02;1.139051e-01;7.301786e-03;1.727078e-02
1.216728e-02;7.717221e-02;5.955466e-01;2.474555e-02;1.534604e-02;1.599069e-02;2.454053e-02;1.174627e-02;7.754256e-02;1.174225e-01;1.157932e-02;1.620043e-02
1.262444e-02;6.490105e-02;5.971543e-01;2.370952e-02;1.857939e-02;1.783901e-02;2.922400e-02;1.273966e-02;5.685003e-02;1.396091e-01;1.506253e-02;1.170698e-02
1.846708e-02;5.926998e-02;6.007048e-01;2.426163e-02;1.734927e-02;7.728660e-03;4.038788e-02;7.507198e-03;4.885667e-02;1.434732e-01;2.178160e-02;1.021206e-02
1.640172e-02;3.688880e-02;6.086304e-01;3.109670e-02;2.583219e-02;5.586774e-03;5.048642e-02;9.281536e-03;3.193305e-02;1.527958e-01;2.138479e-02;9.681895e-03
3.083895e-02;2.660138e-02;6.138585e-01;3.629603e-02;2.677157e-02;7.161519e-03;5.810681e-02;1.021567e-02;1.585335e-02;1.499737e-01;1.770207e-02;6.620400e-03
4.363431e-02;1.443151e-02;6.293939e-01;4.681639e-02;3.067211e-02;9.384149e-03;5.464385e-02;7.643665e-03;1.150161e-02;1.277807e-01;1.674694e-02;7.350944e-03
3.639938e-02;2.174898e-02;6.235425e-01;5.944820e-02;3.629928e-02;1.139453e-02;4.947616e-02;1.318969e-02;6.966171e-03;9.601847e-02;3.757736e-02;7.939192e-03
1.587305e-02;2.015383e-02;6.291631e-01;6.555822e-02;4.552835e-02;1.595272e-02;4.980375e-02;2.108587e-02;1.051685e-02;7.798680e-02;3.577957e-02;1.259794e-02
1.749508e-02;1.130140e-02;6.579335e-01;6.505224e-02;4.784563e-02;1.935225e-02;4.867001e-02;2.021027e-02;8.583140e-03;6.850069e-02;1.931449e-02;1.574132e-02
2.341789e-02;2.518824e-02;6.450053e-01;5.429007e-02;3.459625e-02;2.293683e-02;4.603248e-02;1.996314e-02;2.095671e-02;7.590756e-02;1.305250e-02;1.865305e-02
1.865034e-02;4.402483e-02;6.098861e-01;4.629565e-02;2.675538e-02;3.474640e-02;3.533211e-02;3.252148e-02;5.687360e-02;6.321777e-02;1.668457e-02;1.501176e-02
3.322734e-02;5.941055e-02;5.147169e-01;4.502242e-02;3.362159e-02;4.843570e-02;4.315502e-02;4.766529e-02;9.907459e-02;3.298260e-02;2.674102e-02;1.594707e-02
3.934027e-02;5.940258e-02;4.494755e-01;3.608911e-02;3.079072e-02;4.634927e-02;6.131329e-02;5.968545e-02;9.528567e-02;4.435114e-02;4.868321e-02;2.923379e-02
7.608541e-02;5.648271e-02;3.634440e-01;3.711945e-02;5.394373e-02;2.191775e-02;8.657971e-02;5.512888e-02;6.544504e-02;8.301335e-02;4.774507e-02;5.309488e-02
9.682746e-02;4.137455e-02;2.734083e-01;4.123304e-02;8.750794e-02;4.529073e-02;1.116180e-01;5.370509e-02;3.451570e-02;1.085490e-01;4.055568e-02;6.541444e-02
7.142548e-02;5.651300e-02;2.067843e-01;5.046129e-02;9.049977e-02;8.278415e-02;1.138614e-01;3.081825e-02;1.119073e-01;8.217262e-02;4.953532e-02;5.323719e-02
6.084814e-02;5.821962e-02;1.400603e-01;2.374205e-02;7.191428e-02;8.430935e-02;1.646042e-01;5.685094e-02;1.455502e-01;9.585530e-02;6.409412e-02;3.395141e-02
5.483368e-02;4.070925e-02;1.101260e-01;3.028028e-02;5.917358e-02;6.748743e-02;1.871248e-01;6.973225e-02;1.424384e-01;1.171842e-01;8.041333e-02;4.049673e-02
6.653442e-02;5.543142e-02;1.172356e-01;4.659437e-02;6.571722e-02;6.743448e-02;1.795056e-01;7.819843e-02;1.097719e-01;8.781993e-02;8.107034e-02;4.468632e-02
7.722438e-02;5.390457e-02;1.157297e-01;4.876342e-02;7.440808e-02;6.435738e-02;1.742627e-01;8.189049e-02;7.280151e-02;9.328328e-02;8.466992e-02;5.870456e-02
1.035665e-01;5.952416e-02;1.140123e-01;6.804077e-02;5.843800e-02;5.088572e-02;1.326224e-01;5.436562e-02;1.133741e-01;9.798866e-02;8.639112e-02;6.079068e-02
1.039840e-01;6.079036e-02;7.973910e-02;9.495194e-02;5.307176e-02;5.533367e-02;1.402440e-01;6.932838e-02;1.039710e-01;9.172565e-02;9.478174e-02;5.207836e-02
5.610613e-02;6.488281e-02;7.979458e-02;9.860010e-02;7.164931e-02;4.901691e-02;1.613440e-01;7.417880e-02;9.024468e-02;1.066372e-01;6.303728e-02;8.450826e-02
6.182248e-02;6.330425e-02;9.704406e-02;8.966450e-02;8.331145e-02;5.555897e-02;1.417938e-01;5.967753e-02;1.232705e-01;1.012485e-01;3.367425e-02;8.962961e-02
6.713203e-02;6.627956e-02;1.218032e-01;7.221121e-02;7.909656e-02;4.927874e-02;1.038556e-01;3.736532e-02;1.356858e-01;1.196167e-01;6.427799e-02;8.339720e-02
4.980903e-02;7.575497e-02;9.566613e-02;6.455094e-02;8.617596e-02;5.069446e-02;1.265063e-01;4.167555e-02;1.056168e-01;1.262919e-01;8.333651e-02;9.392147e-02
7.118174e-02;8.089986e-02;1.145143e-01;5.384221e-02;9.449308e-02;4.992797e-02;1.562454e-01;7.115722e-02;8.113278e-02;9.036809e-02;6.331889e-02;7.291844e-02
8.370581e-02;6.860109e-02;1.081865e-01;4.162103e-02;1.069075e-01;5.066529e-02;1.609056e-01;7.879523e-02;8.430023e-02;9.091534e-02;7.405669e-02;5.133975e-02
8.047826e-02;7.244981e-02;8.899558e-02;3.155672e-02;1.232286e-01;5.921197e-02;1.827078e-01;7.201716e-02;8.495748e-02;1.020960e-01;5.012894e-02;5.217168e-02
6.785800e-02;7.116798e-02;1.151026e-01;4.135853e-02;1.125810e-01;5.580415e-02;2.174518e-01;7.983094e-02;5.806940e-02;7.875145e-02;4.349606e-02;5.852809e-02
7.421851e-02;4.976258e-02;1.594423e-01;5.863762e-02;7.573035e-02;6.863678e-02;1.763223e-01;7.224609e-02;7.004003e-02;8.068467e-02;6.072525e-02;5.355352e-02
8.405997e-02;5.441552e-02;1.273399e-01;6.268968e-02;7.436004e-02;9.597984e-02;1.708366e-01;6.547614e-02;9.317670e-02;8.149023e-02;4.981149e-02;4.036386e-02
7.052095e-02;4.846881e-02;1.528873e-01;5.080721e-02;7.789827e-02;1.004181e-01;1.104101e-01;6.855708e-02;1.140872e-01;7.789831e-02;7.689167e-02;5.115496e-02
5.761702e-02;4.900846e-02;1.723899e-01;4.240640e-02;8.185114e-02;8.600605e-02;1.395361e-01;7.957344e-02;9.470357e-02;7.745133e-02;6.565951e-02;5.379704e-02
6.508849e-02;5.504736e-02;1.357302e-01;4.133394e-02;1.084897e-01;9.380628e-02;1.687300e-01;9.353998e-02;3.892190e-02;1.053605e-01;4.959178e-02;4.435981e-02
5.848487e-02;6.562907e-02;7.493724e-02;4.764437e-02;1.398026e-01;1.077509e-01;1.063069e-01;9.880524e-02;7.818016e-02;1.005737e-01;7.194653e-02;4.993844e-02
5.035434e-02;5.001761e-02;1.096118e-01;4.778058e-02;1.059096e-01;1.078143e-01;8.100393e-02;8.522403e-02;1.012409e-01;1.172545e-01;7.837804e-02;6.541027e-02
7.687902e-02;5.116499e-02;1.469417e-01;4.686996e-02;6.057849e-02;9.549592e-02;1.096904e-01;7.978839e-02;1.008323e-01;1.026910e-01;7.195688e-02;5.711100e-02
9.033097e-02;4.782239e-02;1.880774e-01;5.465254e-02;4.803361e-02;6.721398e-02;1.472446e-01;7.597467e-02;9.237605e-02;8.290367e-02;6.539331e-02;3.997684e-02
8.649357e-02;5.639641e-02;2.067693e-01;5.711909e-02;4.832470e-02;5.528595e-02;1.443532e-01;6.889298e-02;8.310910e-02;8.086980e-02;8.066162e-02;3.172439e-02
9.305874e-02;7.771157e-02;1.834794e-01;5.521044e-02;5.712668e-02;3.416033e-02;1.677534e-01;5.891284e-02;7.908967e-02;8.197195e-02;8.069873e-02;3.082629e-02
4.819133e-02;7.459148e-02;3.827102e-01;4.959327e-02;5.867999e-02;4.257844e-02;1.175080e-01;2.271826e-02;4.602449e-02;5.747766e-02;6.310115e-02;3.682571e-02
8.447488e-02;7.517570e-02;4.839850e-01;3.913526e-02;4.728412e-02;3.868221e-02;8.505197e-02;2.330710e-02;3.497097e-02;3.091326e-02;3.324366e-02;2.377588e-02
1.262168e-01;7.147851e-02;4.353222e-01;3.231648e-02;4.535935e-02;3.282212e-02;8.781867e-02;2.591879e-02;3.228940e-02;3.794126e-02;3.929186e-02;3.322453e-02
2.157735e-01;5.654529e-02;2.956882e-01;2.736375e-02;4.408618e-02;2.701768e-02;8.921359e-02;4.138548e-02;2.349772e-02;4.851911e-02;5.908423e-02;7.182527e-02
3.356946e-01;3.225475e-02;6.592599e-02;1.931894e-02;3.138699e-02;2.154786e-02;1.258584e-01;5.234416e-02;2.963791e-02;5.747753e-02;9.180954e-02;1.367434e-01
2.922586e-01;5.906174e-02;1.589470e-01;1.738007e-02;2.641413e-02;2.359598e-02;1.144348e-01;4.429155e-02;2.827034e-02;4.553253e-02;7.294542e-02;1.168678e-01
2.293606e-01;4.932463e-02;1.647505e-01;2.615383e-02;4.729458e-02;4.254523e-02;1.624755e-01;3.130039e-02;3.168157e-02;4.832575e-02;6.314372e-02;1.036437e-01
2.681068e-01;7.471530e-02;6.952322e-02;4.679456e-02;5.132873e-02;4.811521e-02;2.199192e-01;4.390619e-02;3.630863e-02;3.207381e-02;3.948076e-02;6.972761e-02
3.032670e-01;9.992007e-02;9.185162e-02;4.835448e-02;4.775197e-02;4.170679e-02;1.882671e-01;5.091882e-02;2.779514e-02;3.097975e-02;2.428873e-02;4.489857e-02
3.417381e-01;1.170393e-01;6.535946e-02;4.773967e-02;4.466719e-02;3.723319e-02;1.359423e-01;7.159772e-02;2.437427e-02;4.222192e-02;2.198876e-02;5.009815e-02
2.899064e-01;8.227774e-02;8.580312e-02;5.592110e-02;3.725692e-02;4.035625e-02;1.206572e-01;1.222075e-01;2.709371e-02;5.347908e-02;2.643733e-02;5.860367e-02
2.037678e-01;3.029678e-02;6.746674e-02;6.361637e-02;2.948829e-02;4.213994e-02;1.603168e-01;2.070246e-01;3.449719e-02;6.246658e-02;3.171185e-02;6.720703e-02
1.522983e-01;3.310100e-02;7.291564e-02;5.200030e-02;2.349281e-02;3.558411e-02;1.588479e-01;2.718745e-01;4.209619e-02;6.712690e-02;3.296470e-02;5.769769e-02
1.291234e-01;3.051888e-02;6.322295e-02;5.287614e-02;2.454665e-02;2.811182e-02;1.568794e-01;2.934598e-01;4.451118e-02;6.964999e-02;3.401984e-02;7.307985e-02
1.322246e-01;2.993121e-02;6.455511e-02;4.896238e-02;1.510779e-02;2.753839e-02;2.000014e-01;2.313335e-01;2.242088e-02;9.232802e-02;3.278502e-02;1.028118e-01
1.535443e-01;2.943204e-02;4.582647e-02;6.292506e-02;1.426444e-02;3.268841e-02;2.251439e-01;1.316873e-01;2.276473e-02;1.098105e-01;4.227176e-02;1.296411e-01
1.352230e-01;3.261457e-02;4.403589e-02;8.867858e-02;1.721200e-02;3.114996e-02;2.026236e-01;6.510042e-02;3.521422e-02;1.071961e-01;4.735868e-02;1.935929e-01
1.143803e-01;5.038347e-02;4.604845e-02;1.161527e-01;1.770755e-02;2.521872e-02;1.930218e-01;2.905241e-02;4.310672e-02;1.067230e-01;5.407965e-02;2.041252e-01
1.138992e-01;6.905144e-02;5.346747e-02;1.168046e-01;1.657266e-02;2.093359e-02;2.236022e-01;5.177582e-02;3.268370e-02;1.013681e-01;4.306252e-02;1.567786e-01
1.130214e-01;6.414749e-02;5.094104e-02;9.877592e-02;1.100812e-02;2.866242e-02;2.691189e-01;6.877451e-02;1.948276e-02;8.151862e-02;4.369543e-02;1.508533e-01
8.067396e-02;5.577908e-02;5.088111e-02;8.364370e-02;1.673113e-02;5.878310e-02;3.036772e-01;7.209292e-02;2.133113e-02;6.240724e-02;4.526769e-02;1.487318e-01
8.177849e-02;7.379326e-02;9.509779e-02;6.263487e-02;2.820112e-02;7.800939e-02;2.665420e-01;4.232421e-02;3.392546e-02;5.837515e-02;5.235241e-02;1.269658e-01
8.404666e-02;8.712476e-02;1.035368e-01;4.029605e-02;5.449992e-02;8.543053e-02;2.161528e-01;5.260415e-02;5.772175e-02;6.977494e-02;6.507969e-02;8.373199e-02
6.769542e-02;5.500868e-02;1.617330e-01;4.320111e-02;7.571760e-02;7.104763e-02;1.273182e-01;8.772427e-02;9.974559e-02;7.533296e-02;7.119415e-02;6.428137e-02
6.668203e-02;4.094635e-02;1.847853e-01;4.752798e-02;6.454342e-02;5.721075e-02;1.705859e-01;7.432657e-02;8.455533e-02;7.315196e-02;7.197515e-02;6.370924e-02
7.201279e-02;3.516199e-02;1.364963e-01;3.758334e-02;6.508248e-02;5.048201e-02;2.486271e-01;4.783923e-02;6.508259e-02;7.170103e-02;8.943599e-02;8.049526e-02
9.493234e-02;3.937476e-02;1.471346e-01;3.569679e-02;4.680532e-02;4.573120e-02;1.948464e-01;2.962244e-02;6.134744e-02;7.927489e-02;1.183767e-01;1.068571e-01
6.668688e-02;6.960442e-02;1.646627e-01;5.540818e-02;5.919382e-02;6.417627e-02;1.432402e-01;5.209308e-02;7.106897e-02;7.626957e-02;9.689097e-02;8.070496e-02
1.430515e-01;7.396577e-02;1.822903e-01;5.178771e-02;4.813711e-02;6.301369e-02;1.251328e-01;5.083977e-02;6.181016e-02;7.159090e-02;6.422839e-02;6.415194e-02
1.966485e-01;6.326618e-02;1.555109e-01;4.122880e-02;3.693905e-02;4.585455e-02;1.227979e-01;4.156565e-02;6.905559e-02;6.920423e-02;7.590477e-02;8.202384e-02
1.612849e-01;6.472982e-02;1.057101e-01;4.475215e-02;3.860895e-02;4.590327e-02;1.414033e-01;5.362837e-02;6.547590e-02;7.131275e-02;9.363793e-02;1.135525e-01
7.541209e-02;7.488938e-02;1.502665e-01;3.970321e-02;3.977878e-02;5.343450e-02;1.272121e-01;4.959150e-02;5.778568e-02;1.117464e-01;1.076292e-01;1.125506e-01
6.716471e-02;8.545920e-02;1.566644e-01;4.288719e-02;3.139981e-02;5.179279e-02;1.000151e-01;5.789519e-02;3.856138e-02;1.452616e-01;1.264960e-01;9.640269e-02
1.233977e-01;6.121358e-02;1.163196e-01;4.014789e-02;3.237588e-02;5.118245e-02;9.281810e-02;7.530691e-02;6.718318e-02;1.315187e-01;1.364455e-01;7.209066e-02
1.006683e-01;7.833791e-02;1.099853e-01;4.843492e-02;3.291849e-02;5.321626e-02;1.148200e-01;6.204110e-02;8.430100e-02;1.139894e-01;1.427282e-01;5.855906e-02
8.161154e-02;5.952015e-02;8.881082e-02;6.529013e-02;3.551352e-02;4.484034e-02;1.402660e-01;5.206998e-02;9.893034e-02;1.066041e-01;1.505460e-01;7.599711e-02
6.143631e-02;4.649536e-02;1.524245e-01;4.233458e-02;3.375829e-02;3.224228e-02;1.191287e-01;7.135373e-02;1.047084e-01;1.035981e-01;1.281865e-01;1.043333e-01
1.413645e-01;7.878787e-02;2.284605e-01;2.507761e-02;3.575725e-02;3.012906e-02;6.556527e-02;8.294060e-02;6.509636e-02;9.042431e-02;7.747282e-02;7.892390e-02
