5.908123e-02;5.121504e-02;1.440480e-01;8.245924e-02;9.457464e-02;7.347722e-02;1.435185e-01;4.389916e-02;6.225003e-02;1.175126e-01;9.725920e-02;3.070521e-02
6.548905e-02;5.526486e-02;1.406945e-01;5.784735e-02;1.130924e-01;5.003333e-02;1.879872e-01;6.293046e-02;8.365326e-02;9.827753e-02;5.512364e-02;2.960638e-02
1.056181e-01;4.097072e-02;1.328443e-01;5.838609e-02;9.175693e-02;7.151703e-02;1.870553e-01;5.954024e-02;8.074222e-02;8.224197e-02;4.392954e-02;4.539751e-02
1.193065e-01;8.475007e-02;1.409802e-01;6.738252e-02;5.460295e-02;6.565451e-02;1.559770e-01;7.473145e-02;7.746261e-02;4.863642e-02;6.467941e-02;4.583633e-02
8.122642e-02;7.872513e-02;1.467649e-01;5.308526e-02;8.654901e-02;7.304924e-02;1.060498e-01;6.859287e-02;1.354182e-01;5.081460e-02;7.583351e-02;4.389107e-02
6.759828e-02;8.262583e-02;1.298833e-01;5.010135e-02;9.188380e-02;8.115055e-02;9.607286e-02;5.307082e-02;1.231914e-01;8.318222e-02;8.866017e-02;5.257944e-02
1.098578e-01;8.085899e-02;1.129572e-01;5.028985e-02;6.496166e-02;6.143834e-02;1.334631e-01;6.153297e-02;7.975399e-02;9.550137e-02;8.155116e-02;6.783359e-02
1.247378e-01;5.416422e-02;1.076388e-01;3.984908e-02;5.400104e-02;5.528191e-02;1.986773e-01;5.800708e-02;7.747030e-02;9.919549e-02;7.732537e-02;5.365163e-02
5.923240e-02;5.884731e-02;1.634556e-01;5.437609e-02;5.500072e-02;4.951407e-02;1.878593e-01;4.500150e-02;9.510318e-02;6.795919e-02;9.642582e-02;6.722483e-02
7.225199e-02;6.412838e-02;3.894729e-01;6.144798e-02;7.429732e-02;5.201345e-02;1.297216e-01;3.353058e-02;4.169132e-02;3.314426e-02;2.597325e-02;2.232697e-02
4.518117e-02;8.358479e-02;5.089839e-01;5.234993e-02;5.317216e-02;2.573233e-02;8.055409e-02;1.862938e-02;6.310770e-02;4.728254e-02;1.345035e-02;7.971681e-03
3.670160e-02;1.044941e-01;5.552506e-01;4.455465e-02;3.356938e-02;1.850936e-02;3.539121e-02;1.382174e-02;9.543351e-02;4.585338e-02;8.798360e-03;7.622111e-03
4.680540e-02;1.347744e-01;5.290416e-01;3.140735e-02;1.822538e-02;1.185976e-02;1.444119e-02;1.703770e-02;1.523822e-01;3.107312e-02;7.598919e-03;5.352993e-03
5.651626e-02;1.762466e-01;4.545752e-01;1.884624e-02;8.039220e-03;1.019585e-02;1.497167e-02;1.977796e-02;2.136162e-01;1.159422e-02;1.001720e-02;5.603442e-03
7.849527e-02;1.969007e-01;4.177377e-01;1.549051e-02;8.402408e-03;8.703725e-03;1.500143e-02;8.581145e-03;2.264300e-01;1.160900e-02;5.959658e-03;6.688464e-03
1.037389e-01;2.038353e-01;3.950308e-01;1.430995e-02;1.292741e-02;1.139904e-02;1.436928e-02;9.901037e-03;2.085690e-01;1.087573e-02;7.530921e-03;7.512581e-03
1.145318e-01;2.111356e-01;3.767966e-01;1.436418e-02;9.817556e-03;1.288391e-02;1.698636e-02;1.760477e-02;1.932277e-01;1.385446e-02;1.252717e-02;6.269847e-03
1.263697e-01;2.183561e-01;3.724832e-01;1.499700e-02;1.038919e-02;1.376040e-02;2.133438e-02;1.257269e-02;1.840042e-01;6.385242e-03;1.148256e-02;7.865360e-03
1.331296e-01;2.140647e-01;3.766022e-01;1.545022e-02;6.566088e-03;1.538779e-02;2.032131e-02;1.487859e-02;1.722966e-01;1.033115e-02;1.099572e-02;9.976017e-03
1.086521e-01;2.125776e-01;4.275491e-01;1.682178e-02;7.729215e-03;1.842308e-02;1.756418e-02;8.750640e-03;1.528790e-01;1.334320e-02;7.040841e-03;8.669264e-03
8.403595e-02;1.994204e-01;4.841871e-01;1.706019e-02;6.620692e-03;2.268127e-02;1.814606e-02;1.169849e-02;1.267324e-01;1.098630e-02;1.029878e-02;8.132407e-03
6.640982e-02;1.737764e-01;5.456497e-01;2.214160e-02;8.347512e-03;2.491998e-02;9.384168e-03;7.834990e-03;1.074979e-01;1.474586e-02;8.777077e-03;1.051497e-02
3.671288e-02;1.352008e-01;6.513878e-01;2.971829e-02;8.580903e-03;1.664812e-02;1.247084e-02;9.649029e-03;6.797446e-02;1.474457e-02;6.800226e-03;1.011214e-02
1.261771e-02;9.070542e-02;7.457385e-01;3.329126e-02;1.694236e-02;1.058522e-02;1.505686e-02;9.278838e-03;3.015188e-02;2.284375e-02;5.521401e-03;7.266772e-03
9.323463e-03;5.838800e-02;7.758896e-01;3.816181e-02;2.585258e-02;9.972317e-03;1.222931e-02;8.204846e-03;1.619694e-02;3.513382e-02;6.730616e-03;3.916669e-03
8.038376e-03;3.580324e-02;7.590767e-01;5.730112e-02;3.208721e-02;1.117004e-02;1.396697e-02;7.140800e-03;1.619962e-02;3.913954e-02;1.511243e-02;4.963960e-03
1.096499e-02;2.734317e-02;7.079372e-01;8.196495e-02;4.398119e-02;1.304675e-02;2.827358e-02;1.169493e-02;1.160519e-02;3.630706e-02;2.194957e-02;4.931340e-03
8.465012e-03;1.636123e-02;6.485626e-01;1.314244e-01;7.331659e-02;1.888883e-02;2.066775e-02;1.370496e-02;8.026776e-03;2.487574e-02;3.072293e-02;4.983265e-03
1.012836e-02;1.711914e-02;5.465456e-01;1.708958e-01;1.065088e-01;3.564911e-02;2.429749e-02;2.410752e-02;6.571570e-03;9.659536e-03;4.102749e-02;7.489517e-03
1.065981e-02;2.471649e-02;4.711438e-01;1.818326e-01;1.336091e-01;4.309780e-02;1.916854e-02;4.224268e-02;8.017392e-03;8.117249e-03;4.862592e-02;8.768643e-03
1.046611e-02;3.515686e-02;4.402276e-01;1.636796e-01;1.578597e-01;4.718359e-02;2.665395e-02;5.146463e-02;7.916382e-03;7.961536e-03;4.312592e-02;8.304191e-03
5.015959e-03;4.367731e-02;4.385408e-01;1.471923e-01;1.820850e-01;5.038795e-02;2.405819e-02;4.467750e-02;9.238385e-03;9.966521e-03;3.270338e-02;1.245664e-02
3.165940e-03;3.982928e-02;4.428572e-01;1.298853e-01;2.090332e-01;6.139702e-02;3.525712e-02;3.140286e-02;6.991252e-03;1.225361e-02;1.959963e-02;8.327539e-03
1.206550e-02;2.601993e-02;4.054998e-01;1.008185e-01;2.427161e-01;7.941128e-02;5.283706e-02;2.179968e-02;1.322383e-02;1.395935e-02;1.512386e-02;1.652507e-02
1.957334e-02;1.221635e-02;2.871551e-01;7.235534e-02;2.556458e-01;1.159954e-01;1.504835e-01;1.227955e-02;2.137457e-02;1.652722e-02;1.471923e-02;2.167455e-02
1.187790e-02;1.144940e-02;2.032439e-01;4.883623e-02;2.560582e-01;1.373966e-01;2.499159e-01;1.351897e-02;2.358560e-02;1.711781e-02;1.036828e-02;1.663125e-02
1.232500e-02;2.332588e-02;1.828293e-01;5.111208e-02;2.692803e-01;1.357443e-01;2.321585e-01;1.777301e-02;3.253894e-02;1.448713e-02;1.013028e-02;1.829538e-02
1.445201e-02;3.768356e-02;3.629851e-01;8.381964e-02;2.340961e-01;1.009514e-01;6.294490e-02;2.287114e-02;2.211832e-02;1.774548e-02;1.959009e-02;2.074219e-02
1.254234e-02;3.881188e-02;4.430758e-01;9.875943e-02;1.466192e-01;6.176892e-02;7.033415e-02;3.390843e-02;2.613850e-02;1.919954e-02;3.547600e-02;1.336575e-02
1.563859e-02;3.235444e-02;4.357108e-01;8.258076e-02;1.304232e-01;5.220119e-02;9.451655e-02;3.283349e-02;3.543904e-02;2.834762e-02;3.951005e-02;2.044421e-02
3.332263e-02;3.955308e-02;3.305753e-01;5.073261e-02;1.450080e-01;8.038070e-02;1.263416e-01;3.986066e-02;4.165627e-02;4.119542e-02;3.181009e-02;3.956366e-02
5.170999e-02;6.403680e-02;2.103847e-01;3.868755e-02;1.627814e-01;1.125814e-01;1.034128e-01;5.476550e-02;5.741228e-02;7.165399e-02;2.372105e-02;4.885262e-02
6.099761e-02;6.247151e-02;1.541134e-01;4.428796e-02;1.443128e-01;1.213175e-01;1.270535e-01;6.523948e-02;7.328784e-02;7.393765e-02;3.719137e-02;3.578940e-02
8.120370e-02;5.028620e-02;2.094911e-01;6.734093e-02;1.144114e-01;7.656073e-02;1.138526e-01;3.713439e-02;8.368732e-02;6.072984e-02;5.247318e-02;5.282861e-02
6.941341e-02;7.300760e-02;1.582218e-01;8.718611e-02;1.249748e-01;6.767095e-02;1.271961e-01;2.411293e-02;9.623478e-02;7.321845e-02;4.775174e-02;5.101136e-02
9.122989e-02;9.530065e-02;1.497489e-01;8.988629e-02;1.098245e-01;5.174714e-02;1.423589e-01;5.580154e-02;7.420571e-02;6.368170e-02;4.262672e-02;3.358811e-02
1.129630e-01;1.015405e-01;8.717892e-02;6.228863e-02;8.418234e-02;6.179237e-02;1.665567e-01;1.035878e-01;8.450840e-02;6.863672e-02;4.929407e-02;1.747057e-02
8.155419e-02;7.716569e-02;1.294696e-01;4.213859e-02;8.822972e-02;7.631776e-02;1.371863e-01;1.111704e-01;7.699766e-02;5.746921e-02;6.441798e-02;5.788277e-02
5.433876e-02;4.957914e-02;1.007484e-01;5.943053e-02;1.091586e-01;7.770107e-02;1.147332e-01;9.380797e-02;6.458905e-02;6.909877e-02;1.196423e-01;8.717210e-02
6.639522e-02;5.210979e-02;1.494157e-01;6.657001e-02;8.865160e-02;5.154241e-02;1.666697e-01;9.446540e-02;6.640430e-02;6.077300e-02;8.894318e-02;4.805974e-02
9.180983e-02;6.840802e-02;1.500885e-01;6.113471e-02;7.187399e-02;6.378103e-02;1.522290e-01;8.486729e-02;7.459299e-02;7.522943e-02;7.701539e-02;2.896992e-02
1.146407e-01;7.587941e-02;9.089845e-02;6.719652e-02;8.684172e-02;7.677668e-02;1.120414e-01;8.291621e-02;6.913982e-02;8.179763e-02;1.064360e-01;3.543537e-02
1.197224e-01;8.670422e-02;1.175861e-01;7.085903e-02;1.069126e-01;9.233379e-02;5.411845e-02;7.310856e-02;6.260969e-02;5.858942e-02;1.060339e-01;5.142181e-02
9.566327e-02;6.391951e-02;1.073827e-01;4.900058e-02;7.315917e-02;7.576930e-02;1.484237e-01;9.451501e-02;9.340654e-02;8.606658e-02;5.991792e-02;5.277579e-02
6.512910e-02;5.035853e-02;1.047665e-01;5.305693e-02;7.596654e-02;4.073669e-02;1.641563e-01;1.086197e-01;1.201314e-01;1.066057e-01;4.235016e-02;6.812241e-02
1.009566e-01;4.606044e-02;7.011298e-02;7.206246e-02;9.759551e-02;5.334853e-02;1.378803e-01;1.099710e-01;6.272102e-02;9.026016e-02;9.245323e-02;6.657770e-02
1.124798e-01;5.052850e-02;1.032455e-01;6.196093e-02;6.966934e-02;6.645884e-02;1.232888e-01;1.226633e-01;6.266838e-02;9.137156e-02;8.428195e-02;5.138310e-02
8.764900e-02;4.643667e-02;1.321374e-01;5.559207e-02;3.954858e-02;6.794649e-02;1.300330e-01;1.409836e-01;8.414216e-02;1.136291e-01;5.847520e-02;4.342670e-02
5.328505e-02;5.862368e-02;1.386505e-01;5.896045e-02;4.452557e-02;6.857575e-02;1.537025e-01;1.301481e-01;1.194408e-01;1.041380e-01;3.756149e-02;3.238802e-02
6.410206e-02;6.322174e-02;1.134674e-01;5.224421e-02;3.145983e-02;6.962707e-02;1.804892e-01;8.798377e-02;1.391990e-01;9.844129e-02;5.373602e-02;4.602845e-02
6.414849e-02;6.693416e-02;1.083306e-01;3.903988e-02;4.898142e-02;6.004584e-02;1.773587e-01;6.657572e-02;1.251564e-01;1.143562e-01;7.388915e-02;5.518333e-02
4.935019e-02;6.501351e-02;9.752297e-02;5.770852e-02;6.755045e-02;5.862072e-02;1.389118e-01;1.139784e-01;9.867610e-02;1.112546e-01;8.724456e-02;5.416817e-02
4.518116e-02;7.249040e-02;1.152628e-01;5.592951e-02;4.745130e-02;4.550787e-02;1.257336e-01;1.361404e-01;1.169568e-01;7.303491e-02;1.121757e-01;5.413568e-02
6.693967e-02;6.242427e-02;1.337281e-01;4.563895e-02;5.979772e-02;4.842096e-02;1.381490e-01;1.061727e-01;1.083187e-01;6.215467e-02;1.099378e-01;5.831743e-02
8.889034e-02;5.201738e-02;1.435827e-01;4.856066e-02;4.526467e-02;7.220051e-02;1.728291e-01;7.769606e-02;1.016194e-01;5.484636e-02;7.651465e-02;6.597819e-02
1.180371e-01;6.198948e-02;1.454945e-01;3.701208e-02;6.032795e-02;5.741710e-02;2.086201e-01;7.119983e-02;1.139194e-01;4.093112e-02;4.726962e-02;3.778162e-02
1.274323e-01;6.397020e-02;1.178407e-01;4.641878e-02;7.158954e-02;5.870881e-02;1.714114e-01;5.048245e-02;1.344550e-01;4.612003e-02;5.838797e-02;5.318288e-02
1.262622e-01;6.083980e-02;8.855214e-02;3.027125e-02;7.109609e-02;7.686128e-02;1.491568e-01;6.590886e-02;1.302481e-01;6.218931e-02;8.002745e-02;5.858681e-02
1.194342e-01;7.731882e-02;1.157157e-01;4.879186e-02;6.099249e-02;7.303685e-02;1.988371e-01;2.733289e-02;9.134780e-02;6.745940e-02;6.521771e-02;5.451523e-02
9.072398e-02;8.808143e-02;1.511811e-01;5.998554e-02;7.248648e-02;6.798890e-02;1.935506e-01;5.464363e-02;3.659216e-02;7.829460e-02;5.640530e-02;5.006634e-02
8.854686e-02;7.299615e-02;1.153934e-01;6.749848e-02;6.394141e-02;6.713746e-02;1.196695e-01;5.428025e-02;9.223428e-02;8.647326e-02;8.802342e-02;8.380553e-02
9.814846e-02;8.189226e-02;1.065831e-01;7.665407e-02;6.782029e-02;6.783716e-02;8.966540e-02;6.440704e-02;9.933231e-02;7.554504e-02;8.412472e-02;8.799015e-02
1.000220e-01;8.602323e-02;1.072214e-01;7.761017e-02;6.782721e-02;6.434511e-02;8.022161e-02;6.788556e-02;1.031556e-01;7.182477e-02;8.350253e-02;9.036069e-02
1.041556e-01;8.195582e-02;1.054510e-01;7.676344e-02;6.530581e-02;5.682951e-02;7.446215e-02;6.908732e-02;1.209709e-01;6.989547e-02;8.372468e-02;9.139824e-02
1.355270e-01;5.228456e-02;7.001296e-02;7.075495e-02;5.777236e-02;3.685095e-02;5.285039e-02;8.881967e-02;1.642174e-01;1.052017e-01;9.373098e-02;7.197712e-02
7.059821e-02;4.960588e-02;7.069574e-02;6.695464e-02;5.468808e-02;6.434210e-02;1.188806e-01;1.131364e-01;5.939068e-02;1.169570e-01;1.306847e-01;8.406600e-02
7.808799e-02;4.086770e-02;5.082453e-02;7.606471e-02;6.452850e-02;5.900873e-02;1.514995e-01;9.679001e-02;1.070728e-01;9.939350e-02;8.749811e-02;8.836395e-02
7.803646e-02;4.599899e-02;4.643811e-02;8.607444e-02;7.164092e-02;5.891813e-02;1.647380e-01;9.292527e-02;1.095900e-01;9.258092e-02;6.405228e-02;8.900644e-02
6.127340e-02;5.602969e-02;6.582823e-02;1.002956e-01;7.094745e-02;6.171867e-02;1.729680e-01;9.868242e-02;1.160880e-01;7.575272e-02;3.452782e-02;8.588801e-02
4.582056e-02;5.810151e-02;9.217617e-02;9.981057e-02;4.920027e-02;6.142439e-02;1.596937e-01;1.247477e-01;1.579644e-01;3.623061e-02;4.440065e-02;7.042946e-02
6.208769e-02;5.336289e-02;1.046345e-01;7.226373e-02;4.687701e-02;7.326794e-02;1.361692e-01;1.238735e-01;1.602440e-01;7.514542e-02;5.389024e-02;3.818389e-02
5.302037e-02;6.752180e-02;2.787799e-01;4.700861e-02;8.456568e-02;6.343433e-02;1.403221e-01;5.038902e-02;6.314830e-02;6.603299e-02;5.581667e-02;2.996022e-02
8.281016e-02;6.811228e-02;2.653098e-01;4.586510e-02;5.430790e-02;4.625909e-02;1.163814e-01;8.668558e-02;8.878171e-02;5.983225e-02;5.671147e-02;2.894327e-02
1.324006e-01;7.198377e-02;1.937647e-01;3.853759e-02;4.980074e-02;2.917254e-02;9.537090e-02;1.512235e-01;1.105548e-01;4.944117e-02;4.529468e-02;3.245505e-02
2.029037e-01;5.747462e-02;1.032771e-01;2.084073e-02;4.745436e-02;2.026883e-02;8.558828e-02;2.557917e-01;1.124238e-01;2.753439e-02;3.307898e-02;3.336350e-02
2.346342e-01;3.429608e-02;4.525248e-02;1.791509e-02;3.887782e-02;1.804313e-02;1.461290e-01;3.211852e-01;5.051441e-02;2.497975e-02;2.397063e-02;4.420219e-02
1.687525e-01;3.078350e-02;5.061387e-02;3.257073e-02;2.528508e-02;3.905447e-02;2.501625e-01;2.324369e-01;3.494292e-02;4.358127e-02;2.621025e-02;6.560607e-02
1.171907e-01;4.044446e-02;9.514188e-02;3.531620e-02;2.856014e-02;5.939578e-02;2.629781e-01;1.622794e-01;4.747522e-02;5.784825e-02;3.735324e-02;5.601667e-02
9.236851e-02;4.826165e-02;9.003237e-02;2.918452e-02;4.093162e-02;7.369909e-02;2.256137e-01;1.609751e-01;5.081081e-02;8.477952e-02;6.037387e-02;4.296924e-02
7.113555e-02;5.342776e-02;1.308081e-01;3.134574e-02;3.665788e-02;4.893440e-02;1.610618e-01;1.369681e-01;7.539823e-02;1.035684e-01;9.778216e-02;5.291192e-02
1.571819e-01;4.103540e-02;1.509325e-01;2.193751e-02;3.480633e-02;3.695333e-02;1.959967e-01;1.065557e-01;5.994475e-02;6.077210e-02;7.431611e-02;5.956773e-02
2.035042e-01;3.494661e-02;9.775765e-02;1.775062e-02;2.548421e-02;3.702902e-02;2.234325e-01;1.156613e-01;5.566961e-02;5.000368e-02;6.427304e-02;7.448754e-02
2.523751e-01;5.374782e-02;1.456977e-01;2.556894e-02;2.898120e-02;2.762350e-02;1.773783e-01;8.010388e-02;2.898662e-02;3.189213e-02;5.509453e-02;9.255029e-02
2.685138e-01;6.253866e-02;1.484457e-01;4.638026e-02;3.145093e-02;4.275681e-02;6.287459e-02;1.114662e-01;3.926907e-02;3.662165e-02;4.602553e-02;1.036569e-01
2.060259e-01;4.812953e-02;1.001386e-01;5.011523e-02;1.819940e-02;5.057305e-02;1.636250e-01;1.618797e-01;3.974725e-02;3.395678e-02;4.023466e-02;8.737495e-02
1.359200e-01;3.408247e-02;6.284660e-02;5.532874e-02;1.023089e-02;3.861789e-02;3.075255e-01;1.488026e-01;1.983490e-02;3.839291e-02;5.626914e-02;9.214845e-02
1.159467e-01;3.936209e-02;6.582025e-02;5.567783e-02;1.628718e-02;2.159191e-02;3.317421e-01;1.051384e-01;1.569100e-02;3.979699e-02;7.262780e-02;1.203178e-01
5.146995e-02;6.447430e-02;7.109767e-02;4.380444e-02;3.210264e-02;4.149159e-02;3.033456e-01;7.204427e-02;3.205173e-02;5.340623e-02;1.064848e-01;1.282268e-01
1.254124e-01;6.637709e-02;9.621364e-02;2.347143e-02;3.268844e-02;4.266599e-02;2.288312e-01;3.862025e-02;2.468939e-02;7.289352e-02;1.350046e-01;1.131320e-01
1.611756e-01;3.975905e-02;1.191074e-01;1.207704e-02;2.892655e-02;4.054227e-02;1.585448e-01;6.684619e-02;2.753521e-02;8.160409e-02;1.605235e-01;1.033583e-01
9.553811e-02;3.331804e-02;2.074027e-01;2.058711e-02;3.249805e-02;4.450694e-02;8.128227e-02;5.512834e-02;5.001424e-02;1.127369e-01;1.722364e-01;9.475097e-02
5.516955e-02;2.730895e-02;1.907243e-01;2.635064e-02;4.680098e-02;4.270133e-02;4.796052e-02;7.482995e-02;8.122949e-02;1.429417e-01;1.806017e-01;8.338090e-02
5.428109e-02;5.469833e-02;1.083577e-01;3.214459e-02;3.691189e-02;7.512481e-02;1.196452e-01;4.828182e-02;1.035049e-01;1.258812e-01;1.371758e-01;1.039928e-01
8.069729e-02;5.059377e-02;1.035807e-01;4.330711e-02;5.639837e-02;8.789371e-02;1.309788e-01;7.449159e-02;1.311816e-01;9.464147e-02;7.978608e-02;6.644952e-02
8.157983e-02;6.107299e-02;1.167260e-01;5.150199e-02;6.705272e-02;8.856493e-02;1.279554e-01;7.752392e-02;1.237110e-01;9.213080e-02;6.274144e-02;4.943901e-02
8.981417e-02;9.977940e-02;2.036987e-01;5.518482e-02;8.429665e-02;8.003451e-02;1.542787e-01;3.129582e-02;7.962869e-02;6.510637e-02;3.490096e-02;2.198123e-02
1.455571e-01;1.240762e-01;2.525363e-01;6.080531e-02;7.557377e-02;5.459501e-02;1.586625e-01;3.331507e-02;2.840237e-02;2.900177e-02;1.917005e-02;1.830464e-02
2.164786e-01;1.671742e-01;1.919525e-01;6.022891e-02;6.908268e-02;5.135065e-02;1.269513e-01;3.515103e-02;2.655338e-02;2.039929e-02;1.658852e-02;1.808888e-02
2.980351e-01;2.035636e-01;1.690201e-01;5.598982e-02;5.026183e-02;4.735717e-02;4.792216e-02;3.519056e-02;3.908291e-02;2.212601e-02;1.644547e-02;1.500527e-02
3.319325e-01;1.621656e-01;1.319897e-01;4.926188e-02;4.265507e-02;3.934924e-02;1.025352e-01;3.805742e-02;3.404368e-02;2.334169e-02;1.914772e-02;2.552037e-02
3.558939e-01;1.051863e-01;1.057874e-01;4.724393e-02;4.676436e-02;2.008243e-02;1.570856e-01;5.136549e-02;2.154032e-02;1.292753e-02;2.169450e-02;5.442828e-02
3.149121e-01;6.634929e-02;8.194932e-02;4.625623e-02;5.135451e-02;2.380517e-02;2.102543e-01;5.069671e-02;1.706414e-02;2.482600e-02;2.962090e-02;8.291133e-02
2.082935e-01;4.975633e-02;4.787641e-02;5.373618e-02;4.301376e-02;3.213267e-02;2.690093e-01;3.488329e-02;3.005948e-02;4.881505e-02;7.786784e-02;1.045562e-01
5.835601e-02;3.137027e-02;1.326225e-01;4.433592e-02;3.595872e-02;4.219537e-02;2.408537e-01;2.639842e-02;4.378117e-02;8.841431e-02;1.484463e-01;1.072674e-01
8.195779e-02;2.682724e-02;1.357946e-01;3.220031e-02;3.797831e-02;5.049081e-02;1.574859e-01;2.484160e-02;4.605759e-02;1.326246e-01;1.766407e-01;9.710047e-02
9.895729e-02;5.365765e-02;1.558373e-01;4.013383e-02;4.283883e-02;2.994906e-02;1.199980e-01;4.436617e-02;5.329222e-02;1.370256e-01;1.497003e-01;7.424384e-02
5.733181e-02;6.033045e-02;1.857024e-01;6.183258e-02;5.973166e-02;3.029531e-02;1.289533e-01;6.369118e-02;6.168177e-02;1.083947e-01;1.059382e-01;7.611664e-02
1.622583e-01;5.001251e-02;1.111724e-01;5.796998e-02;5.673893e-02;2.988639e-02;1.681989e-01;6.429078e-02;6.883480e-02;9.648133e-02;5.778081e-02;7.637489e-02
1.755579e-01;4.622269e-02;1.245472e-01;6.393000e-02;3.560304e-02;3.272694e-02;1.443586e-01;2.015871e-02;1.033921e-01;8.633609e-02;7.143544e-02;9.573128e-02
1.614477e-01;3.607556e-02;1.265842e-01;6.578258e-02;3.338458e-02;4.324062e-02;1.009776e-01;5.734970e-02;1.140677e-01;8.369282e-02;8.764663e-02;8.975028e-02
1.516639e-01;5.126204e-02;8.760027e-02;6.220291e-02;6.619582e-02;5.230320e-02;8.948644e-02;7.764202e-02;7.753444e-02;1.055586e-01;9.664783e-02;8.190247e-02
1.328427e-01;8.549704e-02;1.322948e-01;6.626029e-02;6.907935e-02;6.086722e-02;6.070463e-02;8.122488e-02;9.926660e-02;8.003634e-02;7.196745e-02;5.995874e-02
5.911269e-02;4.599874e-02;7.846733e-02;7.781798e-02;7.196333e-02;8.453424e-02;1.363865e-01;1.021152e-01;1.059282e-01;8.859377e-02;7.722050e-02;7.186154e-02
3.705284e-02;3.216771e-02;8.323430e-02;7.559490e-02;6.794696e-02;8.534713e-02;1.501138e-01;1.172615e-01;1.349116e-01;8.007792e-02;7.172493e-02;6.456642e-02
3.283572e-02;3.054095e-02;8.727778e-02;6.955247e-02;6.243914e-02;9.214185e-02;1.596932e-01;1.384007e-01;1.421446e-01;7.088499e-02;6.244102e-02;5.164756e-02
3.853173e-02;3.401443e-02;9.662561e-02;6.281254e-02;6.663492e-02;9.933083e-02;1.736150e-01;1.473836e-01;1.350003e-01;5.838091e-02;5.152455e-02;3.614557e-02
3.140576e-02;5.534003e-02;1.668708e-01;8.225428e-02;8.344267e-02;8.828404e-02;1.590708e-01;1.116199e-01;9.914478e-02;5.665356e-02;3.773247e-02;2.818088e-02
7.381466e-02;8.464191e-02;3.219904e-01;7.974050e-02;8.583812e-02;6.005609e-02;1.467113e-01;4.241581e-02;2.415367e-02;3.484489e-02;2.359122e-02;2.220148e-02
9.173185e-02;8.526500e-02;2.964205e-01;6.970194e-02;7.854602e-02;6.224049e-02;1.669766e-01;4.396831e-02;2.603951e-02;3.082973e-02;2.749597e-02;2.078401e-02
1.030881e-01;8.586222e-02;2.679701e-01;6.323232e-02;7.013097e-02;6.654293e-02;1.721988e-01;5.207331e-02;3.184339e-02;3.595274e-02;3.218547e-02;1.891967e-02
1.057325e-01;7.276001e-02;2.107193e-01;7.109307e-02;6.346874e-02;8.724715e-02;1.572489e-01;7.239259e-02;2.240205e-02;5.880291e-02;4.847546e-02;2.965739e-02
6.406295e-02;5.932862e-02;1.206830e-01;7.442681e-02;6.591597e-02;9.776016e-02;1.314873e-01;1.032940e-01;8.929203e-02;9.804578e-02;4.930867e-02;4.639473e-02
8.870304e-02;7.130118e-02;2.498231e-01;8.165311e-02;6.915081e-02;8.108286e-02;8.739978e-02;6.160286e-02;8.152699e-02;7.363322e-02;2.618215e-02;2.794086e-02
1.515074e-01;1.324849e-01;3.243669e-01;6.956290e-02;6.322423e-02;4.185052e-02;6.064273e-02;4.057611e-02;4.102705e-02;3.802301e-02;1.585295e-02;2.088132e-02
2.389626e-01;1.653033e-01;2.631316e-01;4.284661e-02;5.579283e-02;1.912534e-02;5.099571e-02;5.995222e-02;4.608075e-02;2.141222e-02;1.407199e-02;2.232493e-02
3.373478e-01;1.890616e-01;1.821926e-01;1.666833e-02;4.826685e-02;9.062788e-03;3.107138e-02;7.448243e-02;5.432808e-02;2.009736e-02;1.541679e-02;2.200393e-02
3.137485e-01;2.353157e-01;1.767443e-01;1.519186e-02;3.435665e-02;1.581628e-02;2.325923e-02;5.307391e-02;7.854875e-02;2.456523e-02;1.321628e-02;1.616341e-02
2.110517e-01;2.839984e-01;1.972231e-01;2.985095e-02;2.474503e-02;4.779913e-02;1.476953e-02;2.080286e-02;1.259866e-01;2.066111e-02;9.643814e-03;1.346781e-02
1.050218e-01;2.770403e-01;2.964761e-01;3.565054e-02;1.243612e-02;7.638018e-02;1.660097e-02;1.977468e-02;1.278478e-01;1.575703e-02;4.097231e-03;1.291716e-02
5.174981e-02;2.398191e-01;4.464301e-01;2.894884e-02;1.090026e-02;6.369340e-02;1.051971e-02;2.453038e-02;8.934875e-02;1.751290e-02;3.290567e-03;1.325612e-02
2.807355e-02;1.928491e-01;5.820764e-01;2.162406e-02;1.842902e-02;2.676108e-02;1.304565e-02;2.174355e-02;4.913499e-02;3.072772e-02;3.241512e-03;1.229332e-02
1.391120e-02;1.548460e-01;6.698018e-01;2.655674e-02;2.401694e-02;1.678739e-02;1.520008e-02;1.252844e-02;1.717770e-02;3.959308e-02;2.954397e-03;6.626221e-03
1.722497e-02;1.353570e-01;7.224721e-01;2.792204e-02;1.730782e-02;1.336861e-02;1.105977e-02;8.218759e-03;3.994667e-03;3.740810e-02;2.556264e-03;3.109956e-03
6.056991e-03;1.244168e-01;7.506849e-01;2.525996e-02;1.555248e-02;9.713090e-03;1.383583e-02;1.233688e-02;7.520712e-03;2.802799e-02;3.381900e-03;3.212517e-03
1.065048e-02;1.247389e-01;7.588501e-01;2.578919e-02;1.437570e-02;6.049853e-03;1.348633e-02;1.106165e-02;1.021309e-02;1.867588e-02;3.135035e-03;2.973796e-03
2.093518e-02;1.432427e-01;7.435790e-01;2.315781e-02;8.710783e-03;5.332712e-03;1.133941e-02;1.305471e-02;9.051206e-03;1.394685e-02;3.458958e-03;4.190701e-03
3.283521e-02;1.508835e-01;7.235668e-01;2.032384e-02;1.062567e-02;4.894579e-03;1.433506e-02;1.567335e-02;7.434852e-03;1.149947e-02;2.461246e-03;5.466422e-03
1.721987e-02;1.220691e-01;7.477815e-01;2.759952e-02;1.869235e-02;5.139091e-03;1.577930e-02;1.554863e-02;7.013871e-03;1.835795e-02;2.222022e-03;2.576841e-03
6.707776e-03;8.080962e-02;7.669740e-01;3.750530e-02;2.279498e-02;5.055260e-03;2.628477e-02;1.220300e-02;1.178961e-02;2.430624e-02;1.642824e-03;3.926589e-03
1.043642e-02;4.336096e-02;7.866092e-01;4.362937e-02;2.361537e-02;7.170117e-03;3.503679e-02;8.733192e-03;6.558508e-03;2.586550e-02;3.160190e-03;5.824317e-03
1.571116e-02;4.283268e-02;7.771842e-01;4.081187e-02;2.177409e-02;8.554864e-03;4.033297e-02;8.576083e-03;8.693286e-03;2.512458e-02;5.077895e-03;5.326253e-03
9.334241e-03;3.470996e-02;7.709517e-01;4.266006e-02;2.335367e-02;1.156139e-02;4.624116e-02;1.283839e-02;1.049314e-02;2.720431e-02;8.006398e-03;2.645617e-03
1.157428e-02;4.059755e-02;7.456312e-01;3.976209e-02;2.343349e-02;1.471654e-02;4.223769e-02;1.640919e-02;1.501467e-02;3.448404e-02;1.143866e-02;4.700638e-03
2.627591e-02;8.560769e-02;7.084769e-01;3.480623e-02;1.624845e-02;1.174216e-02;2.519033e-02;1.792584e-02;2.117466e-02;3.379719e-02;1.357978e-02;5.174882e-03
4.955246e-02;1.269550e-01;6.634228e-01;2.451720e-02;1.507958e-02;1.191661e-02;2.301843e-02;1.364159e-02;2.795195e-02;2.483427e-02;9.387041e-03;9.723059e-03
5.563107e-02;1.250217e-01;6.442957e-01;2.486062e-02;1.884106e-02;1.646742e-02;4.173513e-02;1.200334e-02;2.667282e-02;1.180735e-02;9.889515e-03;1.277429e-02
3.933048e-02;8.300321e-02;6.746034e-01;3.163686e-02;2.807181e-02;2.637253e-02;4.649796e-02;1.622165e-02;2.201640e-02;1.291861e-02;9.934747e-03;9.392400e-03
1.965782e-02;5.766768e-02;7.147856e-01;3.208633e-02;1.941515e-02;2.411300e-02;4.721283e-02;1.827825e-02;2.287748e-02;2.078249e-02;1.281599e-02;1.030729e-02
2.971520e-02;6.632575e-02;7.054036e-01;3.814496e-02;2.786546e-02;2.299828e-02;3.781486e-02;1.190314e-02;1.910334e-02;1.954158e-02;1.190676e-02;9.277077e-03
2.569539e-02;6.978425e-02;6.345064e-01;4.472480e-02;4.678196e-02;4.612885e-02;2.929649e-02;1.502966e-02;2.892259e-02;3.251440e-02;1.443641e-02;1.217873e-02
4.373950e-02;6.748372e-02;4.635842e-01;4.506744e-02;7.276413e-02;8.406115e-02;3.494539e-02;4.703044e-02;5.225595e-02;5.419424e-02;1.904898e-02;1.582485e-02
5.035586e-02;5.183540e-02;2.505063e-01;7.899585e-02;1.039626e-01;8.595578e-02;5.751688e-02;1.203918e-01;6.657305e-02;7.059984e-02;2.886053e-02;3.444612e-02
4.683528e-02;4.220420e-02;1.498657e-01;9.125548e-02;1.166419e-01;4.708074e-02;9.752673e-02;1.262335e-01;1.016511e-01;7.264283e-02;6.336122e-02;4.470120e-02
5.884360e-02;3.694059e-02;1.338264e-01;9.830472e-02;1.089847e-01;4.757243e-02;1.236986e-01;5.697202e-02;1.234210e-01;9.132604e-02;8.240034e-02;3.770954e-02
6.464692e-02;3.420945e-02;9.617629e-02;1.006562e-01;1.117822e-01;5.330655e-02;1.363476e-01;7.141643e-02;9.303624e-02;1.222456e-01;6.233779e-02;5.383864e-02
6.565193e-02;2.876627e-02;1.025571e-01;8.161169e-02;1.047197e-01;6.998400e-02;1.239789e-01;8.005373e-02;6.969050e-02;1.164639e-01;7.992940e-02;7.659283e-02
5.642671e-02;3.220587e-02;1.137220e-01;7.395411e-02;9.305977e-02;1.087421e-01;1.411929e-01;7.408711e-02;4.437139e-02;1.081869e-01;7.914349e-02;7.490754e-02
5.530988e-02;4.429752e-02;1.028139e-01;8.435689e-02;1.062667e-01;1.015452e-01;1.263457e-01;7.953872e-02;6.293052e-02;1.305040e-01;4.654024e-02;5.955073e-02
5.801746e-02;7.947844e-02;1.150007e-01;6.064496e-02;1.014088e-01;9.154172e-02;9.660082e-02;1.173303e-01;7.521021e-02;1.356060e-01;1.697978e-02;5.218085e-02
5.237707e-02;1.074424e-01;9.102525e-02;6.723870e-02;9.052309e-02;9.005769e-02;1.112677e-01;1.178707e-01;6.221935e-02;1.375161e-01;3.173981e-02;4.072201e-02
5.516994e-02;1.097384e-01;8.294678e-02;8.834479e-02;8.255631e-02;8.669815e-02;1.379749e-01;6.859843e-02;7.954770e-02;1.187353e-01;5.458549e-02;3.510376e-02
4.670223e-02;1.027759e-01;9.703520e-02;7.365605e-02;9.426887e-02;5.526861e-02;1.448527e-01;5.809920e-02;1.148480e-01;8.795074e-02;5.361320e-02;7.092924e-02
8.258320e-02;1.062014e-01;1.151121e-01;9.451103e-02;8.378884e-02;3.549236e-02;1.027144e-01;8.013486e-02;1.002385e-01;7.576159e-02;4.901926e-02;7.444243e-02
1.095168e-01;1.018255e-01;8.689065e-02;1.296493e-01;6.421387e-02;5.755740e-02;9.448024e-02;7.030708e-02;7.651343e-02;9.307871e-02;5.672898e-02;5.923803e-02
8.668633e-02;7.959457e-02;7.054061e-02;1.176268e-01;5.391153e-02;8.768828e-02;8.738656e-02;7.555439e-02;9.079904e-02;1.301074e-01;6.296789e-02;5.713656e-02
6.873751e-02;5.618147e-02;7.995249e-02;1.053512e-01;4.905740e-02;9.200208e-02;8.035780e-02;1.323008e-01;1.463345e-01;1.215035e-01;4.790392e-02;2.031732e-02
7.170817e-02;7.596828e-02;8.316185e-02;9.890982e-02;6.412851e-02;6.167089e-02;9.611063e-02;1.252558e-01;1.668448e-01;6.197509e-02;6.173975e-02;3.252639e-02
6.508327e-02;5.930239e-02;1.123999e-01;6.305146e-02;7.812497e-02;6.783734e-02;9.538103e-02;8.187892e-02;1.719021e-01;7.525346e-02;7.525319e-02;5.453204e-02
7.821497e-02;4.212031e-02;1.395338e-01;3.736239e-02;7.156397e-02;7.639133e-02;1.134208e-01;5.539944e-02;1.658074e-01;1.015402e-01;6.410728e-02;5.453808e-02
9.162629e-02;4.384306e-02;1.164237e-01;3.900022e-02;4.386853e-02;8.359049e-02;1.511026e-01;4.642728e-02;1.588376e-01;8.956036e-02;5.644472e-02;7.927520e-02
4.200932e-02;5.547585e-02;1.130397e-01;4.209955e-02;6.922988e-02;7.608223e-02;1.560099e-01;8.255181e-02;1.217607e-01;8.513126e-02;7.638974e-02;8.021995e-02
4.998387e-02;5.134749e-02;1.686194e-01;8.686223e-02;7.845089e-02;6.986287e-02;1.057137e-01;9.235019e-02;1.047065e-01;7.075080e-02;6.054681e-02;6.080528e-02
8.145785e-02;7.125796e-02;1.244230e-01;1.052827e-01;5.687308e-02;5.358991e-02;1.042671e-01;6.839850e-02;1.068098e-01;8.591830e-02;7.400493e-02;6.771687e-02
1.062652e-01;7.843662e-02;8.319408e-02;7.615294e-02;5.797354e-02;4.440454e-02;1.306856e-01;4.841205e-02;1.256769e-01;1.122675e-01;6.597777e-02;7.055327e-02
1.013962e-01;1.006312e-01;1.035626e-01;5.580007e-02;4.735631e-02;7.716139e-02;8.231581e-02;3.280251e-02;1.580534e-01;1.157158e-01;6.719528e-02;5.800934e-02
9.876027e-02;1.248077e-01;9.830042e-02;7.778084e-02;5.524926e-02;8.322110e-02;5.365183e-02;4.003185e-02;1.569204e-01;9.376505e-02;7.431608e-02;4.319512e-02
1.039022e-01;1.037028e-01;1.051466e-01;7.625242e-02;5.931782e-02;8.404218e-02;1.279454e-01;3.560313e-02;1.360198e-01;6.654517e-02;7.035133e-02;3.117123e-02
8.150647e-02;7.104670e-02;9.916834e-02;5.531835e-02;8.391545e-02;7.546040e-02;1.793622e-01;7.355560e-02;1.118707e-01;8.449475e-02;5.244131e-02;3.185974e-02
6.314030e-02;6.642517e-02;1.038153e-01;6.035208e-02;7.957464e-02;4.617278e-02;1.771188e-01;1.048355e-01;1.139118e-01;8.421995e-02;4.832743e-02;5.210621e-02
4.591667e-02;4.922166e-02;1.347950e-01;4.940549e-02;7.862405e-02;3.386095e-02;1.684448e-01;9.749588e-02;1.025751e-01;9.537767e-02;8.132382e-02;6.295888e-02
6.627871e-02;3.649439e-02;8.237948e-02;5.066614e-02;1.023356e-01;4.856344e-02;1.552506e-01;8.170398e-02;9.047195e-02;9.237745e-02;1.275298e-01;6.594852e-02
7.765677e-02;3.404196e-02;1.049013e-01;6.162396e-02;8.983785e-02;5.648244e-02;1.100467e-01;5.875949e-02;1.254088e-01;9.036209e-02;1.347607e-01;5.611793e-02
8.668780e-02;5.044569e-02;1.210746e-01;6.717733e-02;6.712529e-02;7.214797e-02;9.063154e-02;4.006707e-02;1.640985e-01;8.696166e-02;9.653787e-02;5.704473e-02
7.199787e-02;5.409255e-02;1.013563e-01;7.740432e-02;6.808671e-02;7.793339e-02;1.365678e-01;5.140696e-02;1.710080e-01;8.765347e-02;5.385234e-02;4.864034e-02
4.899111e-02;2.990753e-02;1.831909e-01;5.970855e-02;6.451286e-02;5.925247e-02;1.813973e-01;4.016297e-02;1.540571e-01;8.336023e-02;5.411494e-02;4.134405e-02
5.715488e-02;3.595668e-02;2.492386e-01;3.307291e-02;5.875071e-02;5.007180e-02;1.388729e-01;6.911261e-02;1.374390e-01;6.767828e-02;5.846548e-02;4.418608e-02
9.060282e-02;5.965960e-02;3.635083e-01;4.848617e-02;5.284863e-02;5.688333e-02;9.881467e-02;4.621632e-02;6.355784e-02;6.054319e-02;3.862620e-02;2.025296e-02
7.542811e-02;7.688782e-02;3.910407e-01;6.478862e-02;7.224699e-02;5.431836e-02;1.309444e-01;2.411183e-02;3.891219e-02;2.953400e-02;2.184159e-02;1.994526e-02
9.363609e-02;8.786093e-02;3.396768e-01;6.810184e-02;7.794748e-02;5.339326e-02;1.430537e-01;2.475322e-02;4.801813e-02;2.507859e-02;2.156820e-02;1.691174e-02
1.428928e-01;9.277268e-02;2.567172e-01;6.530612e-02;7.835333e-02;5.258282e-02;1.526306e-01;4.751474e-02;5.321948e-02;2.248430e-02;1.741571e-02;1.811019e-02
2.122037e-01;6.607609e-02;1.453635e-01;4.721830e-02;5.961187e-02;4.240086e-02;1.882082e-01;9.616555e-02;4.378977e-02;3.169909e-02;2.797251e-02;3.929054e-02
2.162928e-01;3.689537e-02;1.124749e-01;3.390979e-02;3.418659e-02;3.902655e-02;2.244417e-01;1.276272e-01;3.170910e-02;4.308705e-02;3.936216e-02;6.098675e-02
1.490680e-01;4.994235e-02;9.663493e-02;3.107033e-02;2.299735e-02;4.390969e-02;2.707600e-01;9.985251e-02;4.444139e-02;4.801561e-02;6.476498e-02;7.854276e-02
8.507678e-02;3.239443e-02;1.015129e-01;2.702948e-02;2.487712e-02;3.519809e-02;3.267439e-01;5.855210e-02;4.657037e-02;5.734413e-02;1.001927e-01;1.045080e-01
9.627223e-02;2.207135e-02;9.334963e-02;1.952219e-02;2.565777e-02;3.880786e-02;3.309771e-01;2.666305e-02;3.150025e-02;6.553753e-02;1.260354e-01;1.236057e-01
1.043644e-01;2.588279e-02;7.736295e-02;1.440552e-02;2.250361e-02;4.070845e-02;3.230550e-01;4.981826e-02;1.969680e-02;6.766804e-02;1.324337e-01;1.221006e-01
7.295175e-02;1.887828e-02;1.140714e-01;2.179888e-02;2.585797e-02;5.066206e-02;2.676506e-01;3.790469e-02;2.601145e-02;9.961455e-02;1.587909e-01;1.058075e-01
8.066263e-02;2.209703e-02;9.094396e-02;3.108004e-02;3.914191e-02;6.141645e-02;1.950070e-01;3.191638e-02;3.753967e-02;1.202104e-01;1.908909e-01;9.909364e-02
7.767083e-02;2.644099e-02;1.439210e-01;4.152259e-02;4.290202e-02;6.438479e-02;1.317449e-01;3.415434e-02;5.040247e-02;1.306423e-01;1.695669e-01;8.664682e-02
7.596885e-02;4.524542e-02;1.525415e-01;3.085260e-02;3.671663e-02;5.001755e-02;1.340967e-01;3.539592e-02;6.539506e-02;1.400847e-01;1.550047e-01;7.868034e-02
1.128915e-01;7.758116e-02;1.263201e-01;5.193675e-02;5.473938e-02;7.018464e-02;1.261357e-01;6.101890e-02;8.759585e-02;9.133756e-02;8.525184e-02;5.500661e-02
9.430637e-02;7.663240e-02;1.099108e-01;5.925375e-02;7.127175e-02;7.829145e-02;1.221874e-01;7.989659e-02;1.083615e-01;8.582156e-02;6.412593e-02;4.994055e-02
9.146098e-02;6.841090e-02;1.113902e-01;5.947160e-02;7.470272e-02;7.299767e-02;1.156418e-01;8.182493e-02;1.152051e-01;9.682711e-02;6.526693e-02;4.680016e-02
7.948614e-02;5.336115e-02;1.096762e-01;5.897310e-02;7.886112e-02;5.856023e-02;1.056764e-01;7.412769e-02;1.294680e-01;1.336034e-01;7.552572e-02;4.268085e-02
7.462673e-02;5.924715e-02;6.842114e-02;3.874976e-02;9.744003e-02;6.352097e-02;1.289281e-01;4.428611e-02;1.587600e-01;1.517214e-01;7.118448e-02;4.311408e-02
6.555607e-02;6.896544e-02;6.288906e-02;5.278039e-02;6.566732e-02;5.586917e-02;1.359188e-01;7.754982e-02;1.702138e-01;1.794394e-01;3.844527e-02;2.670543e-02
5.688611e-02;5.882734e-02;7.931791e-02;4.620699e-02;7.784802e-02;6.490790e-02;1.086094e-01;8.609326e-02;1.352276e-01;2.215222e-01;4.185230e-02;2.270103e-02
4.609305e-02;3.640490e-02;6.830195e-02;4.548945e-02;9.092793e-02;7.511795e-02;1.577135e-01;1.056331e-01;1.082228e-01;1.824731e-01;6.391840e-02;1.970388e-02
4.528970e-02;5.821863e-02;8.012846e-02;5.238329e-02;8.933977e-02;4.984780e-02;1.874737e-01;1.102501e-01;8.552871e-02;1.287206e-01;6.826553e-02;4.455378e-02
5.377080e-02;8.223660e-02;1.456849e-01;1.001709e-01;1.060063e-01;5.617569e-02;1.646667e-01;9.422594e-02;4.023005e-02;6.034432e-02;4.688367e-02;4.960427e-02
8.339445e-02;7.923339e-02;1.133063e-01;1.099369e-01;9.338117e-02;5.885058e-02;1.473734e-01;6.504451e-02;6.179339e-02;1.095984e-01;3.639721e-02;4.169023e-02
8.823033e-02;5.266153e-02;1.169314e-01;1.163690e-01;5.679214e-02;6.292069e-02;1.238826e-01;6.683008e-02;9.217844e-02;1.640022e-01;2.176503e-02;3.743650e-02
6.313656e-02;4.649479e-02;1.216017e-01;8.987450e-02;6.587339e-02;8.470362e-02;1.254961e-01;9.265510e-02;1.077616e-01;1.341240e-01;3.589783e-02;3.238088e-02
4.600064e-02;4.735308e-02;1.302226e-01;7.411288e-02;4.899347e-02;7.954629e-02;1.441011e-01;1.066583e-01;1.177569e-01;1.059127e-01;6.335133e-02;3.599070e-02
4.734155e-02;7.116835e-02;9.743779e-02;6.498562e-02;5.368019e-02;6.463696e-02;1.408278e-01;1.396942e-01;1.243572e-01;1.025760e-01;6.827844e-02;2.501592e-02
4.927855e-02;7.839011e-02;5.241905e-02;6.003354e-02;5.165324e-02;7.339356e-02;1.102339e-01;1.273930e-01;1.446929e-01;1.569036e-01;3.673941e-02;5.886924e-02
5.728398e-02;6.872373e-02;7.216667e-02;7.222809e-02;5.203672e-02;1.066118e-01;8.276869e-02;7.639932e-02;1.495533e-01;1.640885e-01;2.936404e-02;6.877502e-02
7.414979e-02;6.060581e-02;8.206991e-02;5.177702e-02;7.479674e-02;1.039644e-01;1.008806e-01;1.310909e-01;8.189832e-02;1.285481e-01;5.130637e-02;5.891191e-02
7.062335e-02;5.742821e-02;8.112086e-02;4.500749e-02;7.217809e-02;1.047647e-01;1.510339e-01;1.479576e-01;8.596502e-02;9.636999e-02;5.434535e-02;3.320544e-02
9.043482e-02;5.783491e-02;6.602430e-02;9.895483e-02;4.686931e-02;1.036047e-01;1.181363e-01;1.296779e-01;9.955551e-02;1.038807e-01;5.992388e-02;2.510297e-02
7.585285e-02;4.587928e-02;6.521717e-02;1.308112e-01;8.913222e-02;7.540896e-02;7.338503e-02;1.118909e-01;1.235105e-01;1.191143e-01;6.491147e-02;2.488610e-02
6.422681e-02;5.269823e-02;8.111709e-02;9.810033e-02;9.241336e-02;5.885427e-02;1.029403e-01;8.418565e-02;1.300313e-01;1.385489e-01;5.872707e-02;3.815664e-02
5.502465e-02;5.616890e-02;1.115676e-01;7.806636e-02;7.424179e-02;6.331742e-02;1.087469e-01;8.878103e-02;1.254079e-01;1.191275e-01;7.361387e-02;4.593609e-02
4.894532e-02;5.103510e-02;1.290318e-01;8.936568e-02;6.882413e-02;7.711501e-02;1.106523e-01;1.064712e-01;1.031536e-01;8.811071e-02;8.208933e-02;4.520581e-02
6.077887e-02;6.085040e-02;1.175247e-01;8.517361e-02;7.269476e-02;8.082391e-02;1.361397e-01;1.220361e-01;7.153922e-02;6.732906e-02;7.145946e-02;5.365020e-02
1.020160e-01;8.303932e-02;5.459405e-02;8.175411e-02;6.796142e-02;9.377273e-02;1.550961e-01;7.956427e-02;8.091866e-02;9.219367e-02;7.474396e-02;3.434568e-02
1.075290e-01;7.016362e-02;1.158166e-01;8.075388e-02;8.943310e-02;7.357180e-02;1.784258e-01;6.319826e-02;9.124716e-02;6.445213e-02;4.994405e-02;1.546456e-02
3.761500e-02;3.788286e-02;1.367313e-01;4.329779e-02;7.224285e-02;9.034479e-02;2.955237e-01;8.899299e-02;8.141458e-02;5.538580e-02;3.520461e-02;2.536369e-02
3.610253e-02;3.104495e-02;1.267833e-01;4.089094e-02;6.236190e-02;9.742367e-02;2.799496e-01;1.057255e-01;9.538599e-02;5.661033e-02;3.843045e-02;2.929080e-02
3.710489e-02;2.085598e-02;1.522129e-01;4.131038e-02;5.250749e-02;1.035580e-01;2.528166e-01;9.414016e-02;1.181346e-01;6.140028e-02;3.840773e-02;2.755091e-02
3.655521e-02;3.913590e-02;2.181374e-01;3.458400e-02;2.758345e-02;9.187216e-02;2.090237e-01;4.941258e-02;1.370912e-01;1.008575e-01;3.646438e-02;1.928256e-02
3.518562e-02;4.116968e-02;2.499348e-01;3.448344e-02;3.475862e-02;4.480345e-02;2.267651e-01;5.534358e-02;7.772761e-02;1.431393e-01;4.160178e-02;1.508710e-02
3.813514e-02;3.971279e-02;2.223610e-01;2.816964e-02;3.761784e-02;4.843994e-02;2.022443e-01;8.363004e-02;8.458129e-02;1.417808e-01;4.172971e-02;3.159750e-02
4.561837e-02;2.665524e-02;2.603370e-01;3.280208e-02;4.468006e-02;5.327078e-02;1.969022e-01;6.506237e-02;3.762032e-02;1.740600e-01;3.836781e-02;2.462385e-02
4.982072e-02;3.044971e-02;2.666774e-01;3.443801e-02;3.778017e-02;3.756567e-02;2.126101e-01;3.639913e-02;6.658982e-02;1.701545e-01;3.370735e-02;2.380746e-02
6.313675e-02;2.180484e-02;2.742299e-01;4.154199e-02;2.714670e-02;2.819624e-02;2.553554e-01;6.077697e-02;3.383487e-02;1.542938e-01;3.282810e-02;6.854375e-03
7.295073e-02;1.727248e-02;2.713785e-01;4.206951e-02;2.097063e-02;2.241830e-02;2.867189e-01;5.525441e-02;2.386532e-02;1.280940e-01;4.300159e-02;1.600558e-02
6.050806e-02;1.367145e-02;2.325451e-01;5.518332e-02;2.475922e-02;1.900624e-02;2.567935e-01;1.091402e-01;3.769364e-02;9.625793e-02;7.446221e-02;1.997904e-02
3.826038e-02;1.910174e-02;1.888038e-01;8.040391e-02;3.928514e-02;3.425952e-02;1.974531e-01;1.703078e-01;4.428698e-02;6.065601e-02;1.064836e-01;2.069792e-02
2.145712e-02;2.244294e-02;1.655486e-01;9.815034e-02;5.559438e-02;4.211030e-02;1.637446e-01;2.311022e-01;4.537960e-02;2.121511e-02;1.150342e-01;1.822072e-02
2.245239e-02;2.280574e-02;1.598166e-01;1.077480e-01;6.210655e-02;3.950879e-02;1.313300e-01;2.614295e-01;4.308438e-02;1.585591e-02;1.137066e-01;2.015557e-02
1.308661e-02;3.491133e-02;1.776872e-01;1.239747e-01;6.766443e-02;3.938419e-02;8.595440e-02;2.674608e-01;4.972951e-02;1.513194e-02;1.122671e-01;1.274783e-02
5.781901e-03;4.160924e-02;2.182296e-01;1.549362e-01;8.593627e-02;4.270429e-02;3.618251e-02;2.457664e-01;2.129920e-02;2.117287e-02;1.117585e-01;1.462308e-02
5.564405e-03;3.564326e-02;2.830319e-01;1.672650e-01;8.154753e-02;4.333750e-02;5.520842e-02;1.882837e-01;1.755157e-02;1.629029e-02;9.208788e-02;1.418856e-02
1.574242e-02;2.637304e-02;3.722717e-01;1.495394e-01;7.931394e-02;4.404391e-02;5.929055e-02;1.280476e-01;1.233394e-02;2.188538e-02;7.471403e-02;1.644422e-02
1.741803e-02;2.710658e-02;4.614412e-01;1.118213e-01;6.623990e-02;3.790371e-02;8.431634e-02;7.860395e-02;1.199027e-02;3.635316e-02;5.488301e-02;1.192264e-02
