7.243136e-02;4.654270e-02;1.466984e-01;5.090495e-02;9.384943e-02;7.585916e-02;1.552248e-01;5.474069e-02;8.412923e-02;9.459424e-02;7.409220e-02;5.093284e-02
7.115190e-02;6.335833e-02;1.242378e-01;5.596904e-02;7.610279e-02;7.372960e-02;1.298266e-01;3.295900e-02;1.188567e-01;1.153949e-01;6.970038e-02;6.871304e-02
6.002887e-02;7.009547e-02;1.440396e-01;6.944262e-02;8.570179e-02;5.286781e-02;1.193200e-01;3.792221e-02;1.288880e-01;1.094539e-01;6.112160e-02;6.111820e-02
8.124974e-02;1.060558e-01;1.807604e-01;7.350978e-02;6.178540e-02;3.986735e-02;8.045366e-02;5.353827e-02;1.113072e-01;1.015322e-01;7.434686e-02;3.559342e-02
7.810451e-02;1.165512e-01;1.718468e-01;5.277519e-02;5.212281e-02;3.344771e-02;7.386620e-02;5.159057e-02;1.279544e-01;1.097666e-01;8.903899e-02;4.293495e-02
6.234273e-02;1.182095e-01;1.515550e-01;3.474171e-02;5.189965e-02;2.897059e-02;9.900735e-02;4.827770e-02;1.594021e-01;9.669603e-02;1.052091e-01;4.368844e-02
3.847216e-02;8.741233e-02;1.540258e-01;3.755651e-02;6.013338e-02;3.767180e-02;1.134650e-01;4.959159e-02;1.926294e-01;6.704026e-02;1.163186e-01;4.568313e-02
5.309433e-02;4.295299e-02;1.315053e-01;2.471226e-02;7.802937e-02;4.787921e-02;1.048130e-01;5.774399e-02;2.322585e-01;7.658947e-02;1.099705e-01;4.045108e-02
1.061034e-01;6.638539e-02;6.758216e-02;3.006986e-02;6.275090e-02;3.391633e-02;1.389414e-01;1.053045e-01;1.955608e-01;9.244232e-02;6.808726e-02;3.285573e-02
1.445084e-01;6.202278e-02;6.139647e-02;2.900802e-02;3.350713e-02;1.511980e-02;1.781671e-01;1.460819e-01;1.446406e-01;8.789951e-02;5.196986e-02;4.567830e-02
1.246923e-01;3.060425e-02;5.321214e-02;3.636897e-02;3.307550e-02;1.920442e-02;2.230716e-01;1.416123e-01;1.318119e-01;9.384509e-02;6.101530e-02;5.148612e-02
7.539058e-02;2.415866e-02;4.848178e-02;4.797558e-02;4.549948e-02;3.734550e-02;2.581730e-01;9.187130e-02;1.601700e-01;9.222700e-02;6.830928e-02;5.039778e-02
8.578243e-02;1.812184e-02;3.928823e-02;4.035515e-02;5.067302e-02;4.362543e-02;2.283209e-01;1.148690e-01;1.803720e-01;9.697207e-02;7.152592e-02;3.009397e-02
1.063502e-01;4.018676e-02;7.499233e-02;3.275098e-02;4.442633e-02;3.334207e-02;1.460564e-01;1.622943e-01;1.563028e-01;8.782703e-02;7.481946e-02;4.065132e-02
1.048689e-01;4.423016e-02;8.544376e-02;3.550352e-02;4.747705e-02;2.899839e-02;1.228319e-01;1.586260e-01;1.251371e-01;1.122653e-01;7.782758e-02;5.679031e-02
6.689858e-02;5.076709e-02;8.620986e-02;5.774507e-02;5.897234e-02;3.755936e-02;1.354312e-01;1.432349e-01;6.990329e-02;1.595555e-01;9.592041e-02;3.780242e-02
5.687338e-02;3.701733e-02;6.467669e-02;5.316468e-02;8.219668e-02;3.231602e-02;1.469090e-01;1.073351e-01;1.367128e-01;1.585544e-01;9.732915e-02;2.691481e-02
7.262421e-02;5.032055e-02;7.292010e-02;5.125425e-02;7.828873e-02;2.287959e-02;1.401700e-01;1.069834e-01;1.308621e-01;1.657893e-01;9.017341e-02;1.773428e-02
8.665101e-02;4.512764e-02;8.496995e-02;2.762144e-02;6.368628e-02;2.906557e-02;1.428399e-01;1.129723e-01;1.334794e-01;1.620757e-01;7.666636e-02;3.484446e-02
1.133035e-01;4.362166e-02;9.055609e-02;3.314547e-02;7.466264e-02;4.243596e-02;1.310632e-01;8.025720e-02;1.555410e-01;1.032119e-01;8.827121e-02;4.393010e-02
1.087078e-01;6.474660e-02;7.790478e-02;4.519239e-02;5.295979e-02;4.219135e-02;1.383810e-01;1.210259e-01;1.366763e-01;9.329648e-02;8.413143e-02;3.478619e-02
9.383141e-02;5.157176e-02;7.054961e-02;5.040507e-02;4.115088e-02;4.901282e-02;1.259356e-01;1.395980e-01;1.305390e-01;1.056096e-01;8.315840e-02;5.863784e-02
6.428280e-02;3.586370e-02;9.167917e-02;3.806709e-02;4.622782e-02;4.990172e-02;1.314569e-01;1.369512e-01;1.631715e-01;1.028557e-01;6.838426e-02;7.115811e-02
6.144940e-02;4.201572e-02;1.000578e-01;2.629876e-02;4.222982e-02;5.831953e-02;1.763912e-01;1.174376e-01;1.531586e-01;8.704180e-02;6.340758e-02;7.219223e-02
5.105000e-02;4.801252e-02;9.872964e-02;3.436025e-02;5.258400e-02;6.567153e-02;1.952726e-01;9.467047e-02;1.477159e-01;1.015375e-01;6.782036e-02;4.257518e-02
7.757321e-02;4.838458e-02;1.226415e-01;5.569570e-02;6.027053e-02;6.897300e-02;1.569991e-01;1.057051e-01;1.151310e-01;9.918702e-02;5.174933e-02;3.769006e-02
9.155893e-02;9.931075e-02;2.072156e-01;6.041808e-02;5.278784e-02;4.921364e-02;1.656713e-01;7.989559e-02;9.184233e-02;4.879710e-02;2.378200e-02;2.950686e-02
8.464766e-02;1.351847e-01;2.835380e-01;4.788648e-02;4.315053e-02;3.772445e-02;1.284203e-01;5.620894e-02;8.684787e-02;5.825073e-02;1.563832e-02;2.250190e-02
5.834782e-02;1.598236e-01;4.142974e-01;3.673122e-02;2.205053e-02;2.018002e-02;7.723002e-02;3.703807e-02;6.948091e-02;7.818632e-02;1.392297e-02;1.271114e-02
1.647086e-02;1.581756e-01;5.704323e-01;1.885034e-02;6.202697e-03;9.234646e-03;2.628097e-02;1.466993e-02;5.979429e-02;1.053432e-01;6.003832e-03;8.541373e-03
1.265527e-02;1.413680e-01;6.207009e-01;1.246347e-02;3.243855e-03;4.910007e-03;1.483034e-02;1.019193e-02;5.795304e-02;1.110776e-01;4.021090e-03;6.584554e-03
9.175252e-03;1.239452e-01;6.473030e-01;1.134784e-02;5.789076e-03;4.127291e-03;1.084091e-02;1.003408e-02;4.737985e-02;1.190424e-01;5.122824e-03;5.892328e-03
1.645422e-02;9.668963e-02;6.281183e-01;1.385676e-02;7.890243e-03;4.499822e-03;2.049556e-02;6.960211e-03;4.200669e-02;1.551394e-01;4.634982e-03;3.254115e-03
1.386894e-02;6.148956e-02;5.831664e-01;2.965841e-02;8.729026e-03;5.094155e-03;2.911502e-02;4.999322e-03;3.941353e-02;2.069207e-01;1.562889e-02;1.916054e-03
1.742235e-02;3.251757e-02;4.865276e-01;7.276171e-02;1.432333e-02;9.259255e-03;2.733633e-02;1.868283e-02;6.414025e-02;2.003227e-01;5.378103e-02;2.924957e-03
2.307255e-02;2.471006e-02;3.570508e-01;1.294765e-01;2.222555e-02;1.469178e-02;2.589714e-02;5.630599e-02;1.007623e-01;1.198023e-01;1.230789e-01;2.926040e-03
1.559678e-02;2.150963e-02;3.044188e-01;1.650963e-01;2.382687e-02;1.820971e-02;1.906224e-02;7.867729e-02;9.755889e-02;6.435510e-02;1.858702e-01;5.818238e-03
9.066080e-03;3.124944e-02;2.285796e-01;2.116072e-01;3.830943e-02;2.696114e-02;1.792098e-02;8.172971e-02;6.255485e-02;5.156147e-02;2.284500e-01;1.201001e-02
6.766496e-03;4.733711e-02;1.997454e-01;2.194918e-01;7.750017e-02;2.642054e-02;1.088110e-02;7.636788e-02;2.073965e-02;4.856084e-02;2.108974e-01;5.529170e-02
1.593742e-02;3.791127e-02;2.476955e-01;1.698918e-01;1.101213e-01;2.600407e-02;5.830686e-02;5.333869e-02;2.228035e-02;4.825072e-02;1.235299e-01;8.673213e-02
3.431014e-02;4.745747e-02;2.932252e-01;1.179094e-01;1.016838e-01;4.328410e-02;1.078076e-01;4.501011e-02;2.437283e-02;4.074830e-02;6.336804e-02;8.082297e-02
4.403608e-02;7.337365e-02;3.149898e-01;6.471839e-02;6.750483e-02;5.056143e-02;1.190630e-01;4.444224e-02;3.584736e-02;7.575107e-02;6.436704e-02;4.534500e-02
3.009731e-02;8.331130e-02;3.281687e-01;5.810170e-02;7.758911e-02;4.863711e-02;5.016152e-02;5.705010e-02;3.273326e-02;1.016908e-01;9.918769e-02;3.327139e-02
3.640345e-02;4.848171e-02;3.864906e-01;8.372829e-02;5.826967e-02;2.605106e-02;5.961726e-02;7.342662e-02;2.225150e-02;7.025806e-02;1.028790e-01;3.214275e-02
4.273630e-02;4.278586e-02;4.432111e-01;6.188131e-02;4.610130e-02;1.996328e-02;5.862691e-02;7.864542e-02;2.822892e-02;5.557275e-02;9.229162e-02;2.995526e-02
5.111599e-02;7.290361e-02;3.643287e-01;5.257896e-02;5.914104e-02;2.963034e-02;7.502859e-02;6.237157e-02;4.324950e-02;7.667415e-02;7.602790e-02;3.694966e-02
5.327515e-02;8.400257e-02;2.615505e-01;6.930640e-02;5.995059e-02;2.756125e-02;7.213195e-02;9.375967e-02;5.841975e-02;9.460789e-02;6.888931e-02;5.654504e-02
5.171066e-02;5.478259e-02;2.437208e-01;1.082945e-01;5.609111e-02;1.907997e-02;5.283190e-02;1.140980e-01;5.491462e-02;1.037994e-01;6.656990e-02;7.410652e-02
4.635198e-02;4.634424e-02;2.183154e-01;1.371902e-01;7.071032e-02;1.812711e-02;7.057709e-02;7.660024e-02;5.549632e-02;9.445035e-02;1.086762e-01;5.716057e-02
4.307021e-02;4.454893e-02;2.894549e-01;1.015089e-01;6.649983e-02;2.434969e-02;4.119758e-02;8.414379e-02;3.375846e-02;9.994181e-02;1.372537e-01;3.427224e-02
3.383630e-02;3.694390e-02;2.855257e-01;7.763798e-02;5.240907e-02;3.233904e-02;7.033067e-02;1.172735e-01;4.179156e-02;7.408449e-02;1.250889e-01;5.273888e-02
3.229867e-02;3.457803e-02;2.294053e-01;1.028580e-01;7.627797e-02;3.638255e-02;7.930210e-02;9.739688e-02;5.760330e-02;8.418211e-02;1.130525e-01;5.666257e-02
3.105780e-02;4.875704e-02;2.112942e-01;1.493631e-01;9.435038e-02;3.583154e-02;5.431820e-02;7.352266e-02;6.183759e-02;8.195443e-02;1.080883e-01;4.962476e-02
3.242750e-02;4.355336e-02;2.498554e-01;1.639670e-01;8.047848e-02;3.173590e-02;4.448534e-02;6.520372e-02;4.462074e-02;9.622824e-02;9.778085e-02;4.966349e-02
4.755918e-02;3.886103e-02;2.293826e-01;1.306213e-01;4.888475e-02;4.724256e-02;5.771447e-02;8.165663e-02;5.648451e-02;1.163504e-01;8.153525e-02;6.370734e-02
5.239096e-02;3.819298e-02;1.974598e-01;8.195958e-02;5.455987e-02;4.717299e-02;5.472640e-02;7.543669e-02;3.749837e-02;1.959806e-01;8.231592e-02;8.230580e-02
3.765581e-02;5.545050e-02;2.473799e-01;6.188879e-02;6.110059e-02;3.763533e-02;1.144438e-01;6.156573e-02;4.758706e-02;1.624101e-01;4.639690e-02;6.648542e-02
8.425119e-02;5.650382e-02;2.262200e-01;5.260557e-02;6.104252e-02;6.418895e-02;1.936299e-01;5.257025e-02;6.229521e-02;6.755982e-02;3.681381e-02;4.231898e-02
1.303386e-01;7.132607e-02;1.505072e-01;4.130419e-02;5.257471e-02;6.596579e-02;2.017548e-01;4.133737e-02;6.854430e-02;6.282713e-02;5.359162e-02;5.992816e-02
1.489792e-01;1.050675e-01;8.305054e-02;3.767852e-02;3.670496e-02;5.627529e-02;2.047835e-01;5.236166e-02;6.496609e-02;5.566271e-02;6.027941e-02;9.419073e-02
8.737160e-02;9.980392e-02;7.950602e-02;3.096562e-02;3.629816e-02;6.327388e-02;2.093735e-01;6.853206e-02;1.069219e-01;4.493773e-02;5.744755e-02;1.155680e-01
8.083411e-02;5.999562e-02;1.162454e-01;2.701381e-02;4.463094e-02;6.946539e-02;1.900022e-01;6.001014e-02;1.362399e-01;4.448711e-02;7.402828e-02;9.704717e-02
9.920289e-02;1.040882e-01;1.104923e-01;3.280147e-02;4.559074e-02;5.573189e-02;2.017387e-01;5.027374e-02;9.582738e-02;5.735256e-02;5.762917e-02;8.927103e-02
1.465257e-01;1.218865e-01;4.865822e-02;4.234058e-02;4.802615e-02;5.142312e-02;2.206683e-01;6.116945e-02;7.434887e-02;6.340759e-02;4.314524e-02;7.840033e-02
1.533615e-01;1.072890e-01;8.178294e-02;4.410311e-02;5.911141e-02;4.600369e-02;1.665770e-01;8.123929e-02;6.241411e-02;6.163962e-02;6.984249e-02;6.663587e-02
5.839457e-02;6.460861e-02;1.664140e-01;4.388377e-02;4.447071e-02;4.378224e-02;1.431931e-01;8.482180e-02;5.865237e-02;8.034474e-02;1.026922e-01;1.087418e-01
1.101428e-01;5.484904e-02;1.524932e-01;4.855492e-02;3.486344e-02;4.676817e-02;1.070223e-01;7.255781e-02;7.968234e-02;1.039253e-01;7.612404e-02;1.130166e-01
5.875812e-02;8.306852e-02;1.390237e-01;7.113994e-02;5.053854e-02;4.855267e-02;1.431860e-01;6.260411e-02;1.272074e-01;6.666102e-02;6.998453e-02;7.927549e-02
5.772892e-02;6.783223e-02;1.676281e-01;6.429738e-02;6.391329e-02;6.174972e-02;1.743856e-01;5.364333e-02;9.336007e-02;4.692532e-02;5.671827e-02;9.181777e-02
1.367389e-01;8.205938e-02;1.414270e-01;5.103280e-02;7.758298e-02;4.520111e-02;1.342501e-01;5.630516e-02;5.160130e-02;6.818885e-02;4.878632e-02;1.068261e-01
1.210219e-01;1.139954e-01;1.057581e-01;3.855344e-02;7.673915e-02;5.703245e-02;1.477596e-01;5.379035e-02;6.438047e-02;4.944877e-02;6.317702e-02;1.083434e-01
8.111768e-02;1.005497e-01;1.329146e-01;5.456049e-02;7.807931e-02;9.120230e-02;1.363184e-01;7.756456e-02;6.532364e-02;5.547981e-02;6.217338e-02;6.471610e-02
8.719102e-02;5.298099e-02;1.361155e-01;5.426505e-02;6.643917e-02;6.002667e-02;1.819233e-01;1.119976e-01;1.137698e-01;5.961589e-02;3.629375e-02;3.938135e-02
8.214089e-02;8.614413e-02;1.507202e-01;3.856232e-02;3.749112e-02;4.306426e-02;1.573166e-01;8.703762e-02;1.890412e-01;5.969264e-02;2.527669e-02;4.351232e-02
1.081586e-01;1.080258e-01;1.387190e-01;2.881926e-02;3.031008e-02;3.070980e-02;1.207063e-01;4.004326e-02;2.582769e-01;6.560457e-02;2.929095e-02;4.133543e-02
1.594687e-01;9.957206e-02;8.992345e-02;1.556261e-02;4.352333e-02;1.540411e-02;6.649248e-02;1.162859e-01;2.740258e-01;4.678399e-02;4.149553e-02;3.146202e-02
2.028632e-01;6.998871e-02;5.778974e-02;8.008017e-03;7.449962e-02;1.075247e-02;3.952509e-02;2.264864e-01;2.185397e-01;1.896508e-02;4.788108e-02;2.470092e-02
2.044504e-01;3.407598e-02;4.789077e-02;4.575891e-03;8.419734e-02;8.798308e-03;1.185624e-01;2.814426e-01;1.237000e-01;1.434721e-02;5.120219e-02;2.675694e-02
1.594767e-01;3.158370e-02;4.440962e-02;1.271610e-02;7.019749e-02;2.765687e-02;2.054910e-01;2.590994e-01;1.105170e-01;1.498831e-02;3.344100e-02;3.042269e-02
1.235940e-01;4.001424e-02;4.261729e-02;2.223003e-02;5.110649e-02;5.304615e-02;2.778243e-01;1.706990e-01;1.287657e-01;2.559033e-02;2.988517e-02;3.462724e-02
1.517708e-01;3.528576e-02;2.850661e-02;1.849503e-02;2.829151e-02;3.992183e-02;2.670481e-01;1.718352e-01;1.603086e-01;3.578825e-02;2.873823e-02;3.401005e-02
1.676333e-01;4.019310e-02;5.260899e-02;1.101434e-02;4.452094e-02;1.180458e-02;1.166675e-01;2.812540e-01;1.939425e-01;2.243601e-02;3.509853e-02;2.282627e-02
1.873934e-01;4.560596e-02;4.614361e-02;1.216380e-02;5.936804e-02;1.832102e-02;8.745112e-02;2.541580e-01;1.781927e-01;3.430350e-02;4.677693e-02;3.012186e-02
1.655906e-01;5.604752e-02;4.442722e-02;1.689160e-02;7.319478e-02;1.828697e-02;1.401386e-01;1.913386e-01;1.528258e-01;4.072051e-02;6.798301e-02;3.255488e-02
1.233021e-01;5.415029e-02;7.111399e-02;1.310917e-02;8.649706e-02;1.998324e-02;1.236019e-01;2.637028e-01;1.029358e-01;2.890685e-02;8.785991e-02;2.483706e-02
1.366372e-01;4.985721e-02;6.880226e-02;1.091557e-02;1.061425e-01;2.515496e-02;5.824406e-02;2.777435e-01;9.897673e-02;3.606796e-02;9.039749e-02;4.106059e-02
1.278701e-01;3.087912e-02;7.907497e-02;2.154638e-02;9.395748e-02;3.335845e-02;7.046354e-02;2.042649e-01;1.772581e-01;3.985586e-02;7.552008e-02;4.595099e-02
1.083999e-01;3.260311e-02;1.264754e-01;5.167415e-02;5.153432e-02;5.726052e-02;1.401254e-01;1.554005e-01;1.720546e-01;4.005088e-02;3.751512e-02;2.690609e-02
9.835816e-02;6.079144e-02;1.762522e-01;5.769480e-02;5.767834e-02;6.604765e-02;1.891496e-01;9.589437e-02;9.946276e-02;3.982713e-02;3.387164e-02;2.497190e-02
1.157574e-01;8.627946e-02;1.874209e-01;5.222341e-02;5.607255e-02;6.853590e-02;1.617880e-01;7.256833e-02;8.099087e-02;3.225594e-02;5.259744e-02;3.350975e-02
1.225766e-01;1.214519e-01;1.624960e-01;4.902253e-02;4.590436e-02;6.249290e-02;1.189749e-01;6.288312e-02;1.010428e-01;3.831743e-02;7.548921e-02;3.934804e-02
8.417998e-02;1.550518e-01;1.484096e-01;3.202137e-02;3.873897e-02;3.731881e-02;1.251287e-01;6.790695e-02;1.361616e-01;9.345524e-02;5.768145e-02;2.394551e-02
1.030286e-01;1.784138e-01;1.941228e-01;3.494269e-02;3.293391e-02;4.319672e-02;7.798894e-02;6.047956e-02;1.643586e-01;7.652567e-02;1.762394e-02;1.638481e-02
8.150607e-02;2.014005e-01;2.195411e-01;2.880734e-02;1.663510e-02;5.136213e-02;5.075861e-02;5.757679e-02;2.040991e-01;5.349871e-02;1.010896e-02;2.470555e-02
5.180989e-02;2.178293e-01;2.172881e-01;1.647205e-02;7.880691e-03;5.184754e-02;3.428865e-02;5.415733e-02;2.635733e-01;4.378957e-02;8.630510e-03;3.243305e-02
3.672553e-02;2.150050e-01;2.200681e-01;1.299393e-02;6.373790e-03;4.282681e-02;1.556853e-02;4.843864e-02;3.150923e-01;5.036252e-02;5.596939e-03;3.094781e-02
3.545113e-02;2.244803e-01;2.336467e-01;1.240783e-02;5.468553e-03;4.267930e-02;8.863717e-03;4.155592e-02;3.109026e-01;5.340526e-02;6.263361e-03;2.487543e-02
1.986303e-02;2.646072e-01;2.449144e-01;1.108564e-02;1.439009e-02;5.338515e-02;1.280850e-02;3.944726e-02;2.648473e-01;5.232919e-02;3.433456e-03;1.888880e-02
3.501750e-02;3.324699e-01;2.706832e-01;1.681930e-02;2.062355e-02;4.086606e-02;1.124488e-02;2.857442e-02;1.896667e-01;3.595237e-02;5.059624e-03;1.302257e-02
7.229213e-02;3.669235e-01;3.098302e-01;1.270974e-02;1.578263e-02;2.868847e-02;1.323352e-02;1.796233e-02;1.232525e-01;2.444811e-02;5.627336e-03;9.249509e-03
6.531368e-02;2.707788e-01;4.097689e-01;2.581205e-02;1.200388e-02;2.298685e-02;1.582985e-02;1.541978e-02;7.328076e-02;5.975986e-02;1.357419e-02;1.547143e-02
4.065554e-02;1.510458e-01;4.648928e-01;6.983587e-02;2.297104e-02;1.873882e-02;2.306116e-02;1.490322e-02;6.619170e-02;7.856185e-02;3.354167e-02;1.560056e-02
3.600039e-02;9.807377e-02;3.981993e-01;1.251430e-01;3.106882e-02;2.803749e-02;2.461055e-02;1.973830e-02;1.130184e-01;5.513789e-02;5.657121e-02;1.440084e-02
2.822678e-02;6.530931e-02;3.112388e-01;1.792129e-01;4.312352e-02;3.092759e-02;3.782507e-02;2.169595e-02;1.632708e-01;3.912069e-02;7.244603e-02;7.602488e-03
1.342694e-02;4.711040e-02;3.718272e-01;1.720461e-01;5.519275e-02;5.059130e-02;3.233004e-02;1.666421e-02;1.541103e-01;1.907550e-02;5.967631e-02;7.948908e-03
1.367127e-02;5.359253e-02;3.939775e-01;1.511489e-01;5.600652e-02;5.862155e-02;2.072448e-02;1.189554e-02;1.399936e-01;3.986996e-02;4.666783e-02;1.383031e-02
1.608696e-02;7.653180e-02;4.825928e-01;8.402125e-02;4.684495e-02;6.534851e-02;3.413915e-02;1.769449e-02;1.106283e-01;2.113363e-02;2.829879e-02;1.667939e-02
4.182336e-02;1.284603e-01;5.203944e-01;4.618399e-02;3.407297e-02;5.518694e-02;2.891701e-02;1.141298e-02;6.450331e-02;2.741231e-02;2.035603e-02;2.127632e-02
5.237937e-02;1.801909e-01;4.774394e-01;4.763878e-02;2.544385e-02;5.117969e-02;2.963117e-02;2.285840e-02;3.347961e-02;1.922862e-02;3.329401e-02;2.723619e-02
3.883781e-02;1.858464e-01;3.490940e-01;6.603659e-02;4.390219e-02;6.624868e-02;4.938689e-02;4.937803e-02;4.138566e-02;3.141353e-02;4.352700e-02;3.494322e-02
3.655084e-02;1.540821e-01;2.274501e-01;1.056976e-01;7.850346e-02;7.051690e-02;7.000604e-02;5.983995e-02;6.624959e-02;4.333275e-02;4.139734e-02;4.637336e-02
4.745734e-02;1.276726e-01;2.942117e-01;9.014704e-02;7.785869e-02;6.483489e-02;5.875152e-02;5.238071e-02;5.881096e-02;5.240503e-02;3.514115e-02;4.032839e-02
5.189277e-02;1.052047e-01;2.560437e-01;5.257737e-02;7.531600e-02;7.252899e-02;9.646555e-02;4.466184e-02;8.497182e-02;6.754508e-02;5.150819e-02;4.128396e-02
5.731579e-02;6.500099e-02;1.979734e-01;7.308386e-02;7.199708e-02;5.640293e-02;1.364069e-01;5.881792e-02;7.129377e-02;9.578080e-02;8.114851e-02;3.477810e-02
4.571848e-02;4.844357e-02;2.826488e-01;8.363688e-02;5.194609e-02;4.118992e-02;1.169691e-01;4.788546e-02;3.916273e-02;1.308363e-01;8.948344e-02;2.207916e-02
5.692959e-02;6.879245e-02;3.588991e-01;6.783250e-02;3.137114e-02;2.026507e-02;8.156569e-02;2.285783e-02;5.289531e-02;1.462161e-01;8.054297e-02;1.183224e-02
9.450582e-02;1.151242e-01;3.155118e-01;3.539833e-02;3.176037e-02;2.544607e-02;6.346985e-02;2.186746e-02;9.532427e-02;1.218385e-01;6.102173e-02;1.873162e-02
9.986262e-02;1.442349e-01;2.474789e-01;3.093904e-02;3.197793e-02;3.138023e-02;7.226936e-02;4.373892e-02;1.114332e-01;9.252341e-02;6.683652e-02;2.732498e-02
5.943439e-02;1.053383e-01;2.254924e-01;5.676094e-02;5.087235e-02;4.891371e-02;1.271308e-01;5.930331e-02;9.263934e-02;6.224576e-02;8.812913e-02;2.373957e-02
5.074748e-02;5.961742e-02;2.144472e-01;6.438362e-02;6.417789e-02;6.147468e-02;1.443209e-01;4.965711e-02;1.075789e-01;8.597884e-02;8.743197e-02;1.018399e-02
6.726738e-02;7.445583e-02;2.763793e-01;4.845897e-02;5.963629e-02;4.801621e-02;8.532171e-02;3.798251e-02;1.324292e-01;8.135176e-02;7.088328e-02;1.781762e-02
6.277747e-02;4.326251e-02;3.725956e-01;4.656547e-02;4.789306e-02;2.627888e-02;5.160992e-02;5.426102e-02;1.020794e-01;1.035781e-01;6.598432e-02;2.311419e-02
6.953865e-02;7.763339e-02;3.146691e-01;6.497941e-02;7.362032e-02;3.006891e-02;8.742877e-02;4.843001e-02;4.095796e-02;1.052238e-01;4.762534e-02;3.982428e-02
8.184232e-02;9.510919e-02;1.780622e-01;5.355986e-02;8.904320e-02;5.155627e-02;1.237506e-01;3.722812e-02;6.852544e-02;8.750480e-02;6.268466e-02;7.113332e-02
6.185310e-02;7.275602e-02;2.155963e-01;4.537123e-02;5.485465e-02;4.931954e-02;1.566107e-01;5.004767e-02;1.259102e-01;7.369990e-02;5.490340e-02;3.907738e-02
5.053761e-02;1.092102e-01;2.349087e-01;3.921625e-02;3.293870e-02;3.993009e-02;1.116838e-01;4.629335e-02;1.663888e-01;1.012303e-01;3.194019e-02;3.572187e-02
4.402891e-02;1.674751e-01;2.136634e-01;2.479895e-02;1.625857e-02;2.981342e-02;6.472747e-02;3.441906e-02;2.565050e-01;9.072689e-02;1.620814e-02;4.137511e-02
5.839416e-02;2.076767e-01;1.558137e-01;1.824099e-02;1.175883e-02;2.184150e-02;2.377343e-02;2.917034e-02;3.651740e-01;5.701322e-02;1.116136e-02;3.998179e-02
9.580179e-02;1.979153e-01;1.191787e-01;1.380619e-02;1.200790e-02;1.475218e-02;1.684510e-02;7.351019e-02;3.748719e-01;3.876482e-02;1.405176e-02;2.849431e-02
1.239696e-01;1.692266e-01;1.033183e-01;9.924435e-03;1.205992e-02;1.435117e-02;3.021003e-02;1.125596e-01;3.260858e-01;6.126199e-02;1.471903e-02;2.231343e-02
1.380255e-01;1.489458e-01;8.830141e-02;1.212239e-02;1.860578e-02;1.683433e-02;7.567222e-02;1.283199e-01;2.619308e-01;7.235532e-02;1.368448e-02;2.520189e-02
1.044050e-01;1.375685e-01;1.253505e-01;1.365210e-02;3.103812e-02;2.881166e-02;9.416710e-02;1.054951e-01;2.432821e-01;5.939863e-02;2.395822e-02;3.287283e-02
1.196085e-01;1.361729e-01;1.732917e-01;2.357212e-02;3.512866e-02;3.267934e-02;7.500405e-02;2.486496e-02;2.617986e-01;3.121449e-02;4.294870e-02;4.371594e-02
2.277938e-01;1.573225e-01;1.673797e-01;1.836986e-02;2.785842e-02;1.727448e-02;5.630855e-02;2.902235e-02;1.781136e-01;4.989917e-02;3.323582e-02;3.742169e-02
2.652418e-01;1.913641e-01;1.355479e-01;1.231211e-02;3.157820e-02;1.418343e-02;4.713435e-02;6.434043e-02;1.173081e-01;6.578176e-02;2.879770e-02;2.641011e-02
2.889804e-01;2.102405e-01;9.472960e-02;1.104961e-02;3.464207e-02;9.363625e-03;4.323803e-02;1.004636e-01;1.030885e-01;6.413069e-02;2.231587e-02;1.775752e-02
3.199348e-01;2.333511e-01;7.975268e-02;1.349179e-02;3.134578e-02;1.372591e-02;4.310492e-02;8.986307e-02;7.521715e-02;6.617499e-02;1.802868e-02;1.600909e-02
3.212256e-01;2.385378e-01;1.394029e-01;1.487134e-02;2.676439e-02;1.448188e-02;3.782891e-02;7.046746e-02;3.482284e-02;5.828420e-02;1.448184e-02;2.883077e-02
2.850827e-01;2.012219e-01;1.918368e-01;1.106123e-02;2.916378e-02;8.997404e-03;3.627436e-02;6.795984e-02;6.038230e-02;5.013486e-02;1.646541e-02;4.141945e-02
1.958402e-01;1.656579e-01;1.904796e-01;1.460876e-02;3.423024e-02;2.048674e-02;5.807649e-02;8.709712e-02;1.023125e-01;5.459369e-02;3.123658e-02;4.538015e-02
8.009596e-02;1.480577e-01;1.686237e-01;2.553939e-02;2.766058e-02;3.751100e-02;7.686138e-02;1.165722e-01;1.755011e-01;5.466251e-02;3.891150e-02;5.000287e-02
1.797025e-01;1.184447e-01;1.248176e-01;2.568052e-02;2.727224e-02;4.003895e-02;6.047497e-02;8.851252e-02;2.308801e-01;3.617613e-02;2.092763e-02;4.707203e-02
1.995090e-01;1.136800e-01;8.657395e-02;2.867057e-02;3.854666e-02;3.478564e-02;6.163082e-02;8.868187e-02;2.388895e-01;3.644868e-02;1.956584e-02;5.301744e-02
1.973781e-01;1.048034e-01;8.178532e-02;4.257147e-02;5.475118e-02;3.897963e-02;7.505046e-02;7.198334e-02;1.948643e-01;5.121081e-02;3.052531e-02;5.609658e-02
1.777569e-01;1.052604e-01;8.361989e-02;4.326604e-02;7.279682e-02;3.940310e-02;9.843170e-02;1.208761e-01;1.368919e-01;5.607304e-02;3.712109e-02;2.850299e-02
1.452998e-01;8.312643e-02;1.149489e-01;4.612440e-02;7.384393e-02;3.687328e-02;1.082288e-01;1.475909e-01;1.471780e-01;3.995740e-02;3.918709e-02;1.764108e-02
1.418412e-01;7.264852e-02;8.816873e-02;4.061475e-02;9.051752e-02;4.697324e-02;9.238297e-02;1.237778e-01;1.741624e-01;6.073776e-02;3.734989e-02;3.082514e-02
1.543380e-01;9.976397e-02;5.830617e-02;5.227755e-02;9.769667e-02;4.393871e-02;9.651817e-02;1.043688e-01;1.506347e-01;6.234863e-02;3.355082e-02;4.625781e-02
1.269451e-01;1.123169e-01;8.261833e-02;5.337318e-02;7.316825e-02;4.398020e-02;1.009373e-01;5.996810e-02;1.992234e-01;6.199868e-02;3.720847e-02;4.826207e-02
7.230046e-02;1.095991e-01;1.071189e-01;3.818554e-02;3.334887e-02;2.516333e-02;1.070444e-01;9.161827e-02;2.503048e-01;6.785728e-02;5.165976e-02;4.579941e-02
7.002360e-02;8.931939e-02;1.238642e-01;4.296352e-02;2.883856e-02;2.939090e-02;1.086260e-01;7.289137e-02;2.754959e-01;6.715444e-02;5.251177e-02;3.892028e-02
1.551425e-01;7.554862e-02;1.382818e-01;3.665274e-02;2.283940e-02;2.777587e-02;9.339602e-02;4.420969e-02;2.681766e-01;4.930141e-02;5.429363e-02;3.438161e-02
1.784640e-01;1.012067e-01;1.595446e-01;3.153459e-02;3.865636e-02;1.712154e-02;5.633864e-02;3.180297e-02;2.548124e-01;5.434198e-02;3.566157e-02;4.051464e-02
1.705348e-01;8.959144e-02;1.131832e-01;3.709278e-02;3.471639e-02;2.460917e-02;8.332270e-02;3.939184e-02;2.598536e-01;5.868014e-02;2.963689e-02;5.938695e-02
1.646428e-01;9.239813e-02;5.368842e-02;4.363399e-02;3.135346e-02;4.316686e-02;1.040806e-01;8.421044e-02;2.163586e-01;6.434628e-02;4.169179e-02;6.042870e-02
1.902766e-01;9.834678e-02;6.067295e-02;6.052902e-02;4.224817e-02;5.700693e-02;7.631926e-02;8.545604e-02;1.768430e-01;5.795694e-02;4.118410e-02;5.316021e-02
1.786907e-01;1.151676e-01;9.280929e-02;7.461332e-02;8.935090e-02;5.039429e-02;6.283180e-02;7.799678e-02;8.753512e-02;8.232283e-02;5.067851e-02;3.760878e-02
1.167565e-01;7.678575e-02;6.958707e-02;5.426027e-02;1.134737e-01;8.603489e-02;2.093995e-01;6.058005e-02;5.941704e-02;6.911764e-02;5.422633e-02;3.036129e-02
3.639434e-02;2.946940e-02;1.607096e-01;4.957802e-02;1.066544e-01;8.236863e-02;3.248687e-01;6.539030e-02;3.408871e-02;4.352737e-02;4.552910e-02;2.142140e-02
1.516340e-02;2.330851e-02;2.262509e-01;7.675520e-02;1.020388e-01;7.254128e-02;2.762425e-01;8.333047e-02;2.100517e-02;3.694426e-02;5.327284e-02;1.314670e-02
1.042160e-02;1.545479e-02;2.832712e-01;1.314199e-01;9.758634e-02;4.388653e-02;1.634422e-01;1.157883e-01;2.036438e-02;2.857742e-02;7.855105e-02;1.123639e-02
6.321665e-03;1.084685e-02;3.120773e-01;1.820672e-01;1.047482e-01;3.388479e-02;6.639401e-02;1.413630e-01;1.739298e-02;1.722998e-02;9.784284e-02;9.831228e-03
6.357062e-03;1.015538e-02;3.064781e-01;1.968150e-01;1.315925e-01;3.927484e-02;2.040443e-02;1.417300e-01;1.557804e-02;2.753281e-02;9.135636e-02;1.272546e-02
8.636417e-03;8.026937e-03;2.604994e-01;1.715537e-01;1.809453e-01;4.841148e-02;5.830009e-02;1.133478e-01;1.527986e-02;4.659578e-02;6.592949e-02;2.247390e-02
1.345236e-02;6.163184e-03;2.083806e-01;1.103320e-01;2.399779e-01;6.659611e-02;1.244019e-01;7.393189e-02;4.828678e-02;4.069362e-02;2.942903e-02;3.835471e-02
1.399820e-02;7.079443e-03;1.634634e-01;6.251703e-02;2.826758e-01;9.407371e-02;1.420743e-01;4.454791e-02;1.197499e-01;1.729604e-02;9.045226e-03;4.347906e-02
1.811316e-02;6.725467e-03;1.020367e-01;4.261070e-02;2.496613e-01;1.335781e-01;2.220198e-01;3.507598e-02;1.395358e-01;1.316683e-02;1.432426e-02;2.315177e-02
3.403318e-02;8.175947e-03;9.275740e-02;3.624844e-02;1.970380e-01;2.044808e-01;2.821647e-01;3.043748e-02;8.377145e-02;8.782095e-03;1.379993e-02;8.310644e-03
4.912158e-02;9.006806e-03;8.176354e-02;3.202183e-02;1.493651e-01;2.293313e-01;3.585607e-01;2.983214e-02;2.985057e-02;1.604648e-02;7.035871e-03;8.064108e-03
5.409695e-02;1.178862e-02;7.967424e-02;3.182843e-02;1.602938e-01;2.481805e-01;3.279269e-01;2.860667e-02;1.817035e-02;2.135672e-02;8.857612e-03;9.219150e-03
3.037239e-02;1.116328e-02;1.150730e-01;3.843035e-02;2.145970e-01;2.670174e-01;2.239578e-01;2.992423e-02;2.414845e-02;1.682430e-02;1.045187e-02;1.803989e-02
2.282124e-02;5.739806e-03;1.070068e-01;3.649717e-02;2.391955e-01;2.377502e-01;2.567223e-01;3.749992e-02;2.852091e-02;8.469163e-03;1.169383e-02;8.083243e-03
3.657890e-02;6.721822e-03;6.795321e-02;2.907166e-02;2.165825e-01;2.157152e-01;3.396021e-01;2.431812e-02;2.501355e-02;8.904943e-03;8.458007e-03;2.108002e-02
3.163111e-02;9.091578e-03;3.637894e-02;2.535893e-02;2.181868e-01;2.245705e-01;3.693491e-01;2.039534e-02;1.796351e-02;1.703709e-02;8.354271e-03;2.168290e-02
2.294241e-02;8.351102e-03;1.614898e-02;2.298790e-02;2.060981e-01;2.219560e-01;4.236604e-01;2.374722e-02;1.504719e-02;1.853693e-02;8.952842e-03;1.157094e-02
1.481016e-02;9.333629e-03;5.536662e-02;3.326562e-02;2.321971e-01;2.099937e-01;3.738860e-01;2.052954e-02;1.779906e-02;1.481375e-02;7.798695e-03;1.020609e-02
1.032350e-02;1.419570e-02;9.096771e-02;4.445740e-02;2.577695e-01;1.979464e-01;3.069113e-01;2.735316e-02;1.760473e-02;1.659511e-02;5.434291e-03;1.044131e-02
1.131275e-02;1.496426e-02;1.184635e-01;4.968380e-02;2.787434e-01;1.782880e-01;2.644856e-01;2.209478e-02;2.419283e-02;1.463846e-02;7.427008e-03;1.570574e-02
1.303982e-02;1.394330e-02;1.351150e-01;4.701470e-02;3.077154e-01;1.701736e-01;2.215893e-01;1.723908e-02;2.453809e-02;1.424293e-02;1.021693e-02;2.517178e-02
1.212617e-02;1.000068e-02;1.455565e-01;4.908213e-02;3.043896e-01;1.477712e-01;2.205599e-01;2.196390e-02;2.711393e-02;1.231470e-02;8.951748e-03;4.016957e-02
1.901121e-02;1.883183e-02;2.182463e-01;5.762329e-02;2.394545e-01;1.382057e-01;1.705913e-01;2.345199e-02;3.035755e-02;2.058922e-02;9.636221e-03;5.400093e-02
4.547946e-02;2.640489e-02;1.452442e-01;5.636494e-02;2.075406e-01;1.743700e-01;1.410476e-01;3.524015e-02;4.744166e-02;2.542909e-02;1.381957e-02;8.161786e-02
4.710414e-02;2.253249e-02;4.309519e-02;4.359701e-02;2.367003e-01;1.882629e-01;1.398591e-01;3.532647e-02;5.809946e-02;3.429127e-02;1.703161e-02;1.341002e-01
3.109610e-02;1.822480e-02;5.423546e-02;4.211855e-02;2.706426e-01;1.414713e-01;8.047775e-02;2.249237e-02;5.750817e-02;3.419911e-02;2.610741e-02;2.214264e-01
2.927464e-02;1.826065e-02;7.812259e-02;4.508976e-02;2.869203e-01;7.785308e-02;6.954222e-02;1.362005e-02;4.431516e-02;2.377480e-02;2.395069e-02;2.892760e-01
4.193366e-02;2.340767e-02;1.110395e-01;6.175856e-02;2.612808e-01;5.720769e-02;8.272725e-02;1.778370e-02;3.260311e-02;1.779622e-02;2.665881e-02;2.658030e-01
6.150007e-02;2.679884e-02;1.239025e-01;8.104578e-02;2.744125e-01;7.260787e-02;4.961433e-02;1.376257e-02;3.345954e-02;2.148879e-02;1.647652e-02;2.249307e-01
4.994036e-02;2.267125e-02;1.491204e-01;1.169327e-01;2.881194e-01;6.834663e-02;7.006763e-02;2.156337e-02;4.709122e-02;2.748862e-02;2.465568e-02;1.140027e-01
4.020942e-02;2.964555e-02;1.604217e-01;1.643887e-01;2.971769e-01;6.821201e-02;5.843366e-02;2.139339e-02;4.548880e-02;3.183597e-02;4.347542e-02;3.931839e-02
2.722017e-02;3.512235e-02;2.017592e-01;2.021677e-01;2.787601e-01;5.617823e-02;3.731979e-02;1.099803e-02;3.991367e-02;3.177013e-02;3.378668e-02;4.500401e-02
1.198323e-02;3.094362e-02;2.185402e-01;2.218671e-01;2.382292e-01;4.876012e-02;3.952938e-02;1.354839e-02;2.770306e-02;4.138171e-02;4.207894e-02;6.543515e-02
1.133313e-02;2.786373e-02;2.501868e-01;2.322783e-01;1.998228e-01;4.369626e-02;2.164296e-02;1.834813e-02;2.316870e-02;4.328484e-02;4.906480e-02;7.930946e-02
1.068578e-02;1.968135e-02;3.013971e-01;2.364289e-01;1.629992e-01;7.157591e-02;1.942674e-02;2.244751e-02;1.768810e-02;2.986450e-02;4.885345e-02;5.895140e-02
6.963919e-03;1.036457e-02;3.764594e-01;2.101267e-01;1.282668e-01;9.982634e-02;3.039233e-02;1.866211e-02;1.967913e-02;1.690588e-02;5.398506e-02;2.836773e-02
7.126801e-03;9.158477e-03;4.437210e-01;1.776486e-01;9.950022e-02;9.847040e-02;3.266142e-02;1.138349e-02;1.408755e-02;2.301978e-02;6.063164e-02;2.259071e-02
1.623356e-02;6.398582e-03;4.714217e-01;1.653932e-01;8.992106e-02;5.832026e-02;4.022298e-02;1.094826e-02;1.865135e-02;3.438126e-02;5.739832e-02;3.070944e-02
2.060422e-02;1.067886e-02;4.510519e-01;1.362290e-01;1.044444e-01;2.710984e-02;6.778951e-02;6.095189e-03;2.057402e-02;7.949924e-02;3.915280e-02;3.677096e-02
1.543968e-02;2.831235e-02;4.391750e-01;8.691891e-02;1.118120e-01;1.966704e-02;7.526909e-02;5.544720e-03;2.045557e-02;1.419416e-01;1.462061e-02;4.084349e-02
7.922274e-03;4.084629e-02;4.440649e-01;5.793530e-02;9.343837e-02;2.128545e-02;4.666129e-02;1.131829e-02;4.042944e-02;1.856016e-01;1.658911e-02;3.390771e-02
1.061965e-02;8.026056e-02;4.353241e-01;5.158877e-02;4.905643e-02;1.979993e-02;1.991367e-02;1.578274e-02;7.748063e-02;1.879989e-01;1.184165e-02;4.033298e-02
1.710719e-02;1.429176e-01;3.464836e-01;3.383242e-02;3.718479e-02;2.209569e-02;1.487023e-02;1.719980e-02;1.294295e-01;1.692282e-01;5.922582e-03;6.372853e-02
2.559048e-02;1.974505e-01;2.581722e-01;2.387286e-02;3.669619e-02;3.370515e-02;1.763072e-02;1.280671e-02;1.869463e-01;1.291094e-01;8.434793e-03;6.958470e-02
2.626788e-02;2.267687e-01;2.509114e-01;3.278251e-02;2.858921e-02;3.532899e-02;1.365790e-02;9.768795e-03;2.245889e-01;7.721460e-02;1.081267e-02;6.330847e-02
2.434033e-02;2.702712e-01;2.278785e-01;3.710354e-02;2.327549e-02;4.081251e-02;1.171666e-02;8.033175e-03;2.648571e-01;2.908522e-02;7.630720e-03;5.499548e-02
2.216651e-02;3.070483e-01;1.783231e-01;3.347203e-02;1.862646e-02;4.256472e-02;1.505796e-02;8.572244e-03;3.115442e-01;1.303065e-02;7.492793e-03;4.210107e-02
2.412318e-02;2.905007e-01;1.452870e-01;4.549525e-02;1.397452e-02;3.639239e-02;1.193023e-02;1.196196e-02;3.584458e-01;1.953115e-02;8.387699e-03;3.397012e-02
3.433410e-02;2.455962e-01;1.255594e-01;5.320393e-02;9.211948e-03;3.083674e-02;1.233917e-02;3.900716e-02;3.925774e-01;2.311841e-02;4.898145e-03;2.931749e-02
4.961236e-02;2.153923e-01;1.284573e-01;5.460731e-02;1.160989e-02;2.712094e-02;2.039975e-02;6.120885e-02;3.853984e-01;1.955430e-02;4.381885e-03;2.225680e-02
8.570150e-02;1.915655e-01;1.403750e-01;4.880479e-02;1.793335e-02;2.558602e-02;3.354119e-02;5.266596e-02;3.419884e-01;3.746108e-02;4.219487e-03;2.015766e-02
1.336225e-01;1.663297e-01;1.397124e-01;2.873838e-02;2.273381e-02;2.871826e-02;4.518617e-02;4.238011e-02;3.175603e-01;3.400948e-02;1.150825e-02;2.950074e-02
1.419325e-01;1.511236e-01;2.043739e-01;2.237431e-02;1.933679e-02;1.905295e-02;4.016220e-02;4.708536e-02;2.747934e-01;3.149892e-02;1.125047e-02;3.701551e-02
1.537665e-01;1.846364e-01;2.116966e-01;2.804210e-02;1.958375e-02;1.869244e-02;3.346937e-02;5.179097e-02;2.235911e-01;2.972524e-02;1.094213e-02;3.406332e-02
1.706147e-01;1.800267e-01;1.703936e-01;2.056745e-02;1.840518e-02;2.614995e-02;2.939635e-02;7.127481e-02;2.292647e-01;3.142961e-02;2.151314e-02;3.096396e-02
1.472368e-01;1.590804e-01;1.343434e-01;3.624613e-02;2.807852e-02;4.139756e-02;6.109490e-02;7.315346e-02;2.239751e-01;2.822410e-02;2.440457e-02;4.276515e-02
1.715707e-01;2.062768e-01;1.881870e-01;4.311825e-02;4.420302e-02;3.923762e-02;6.767692e-02;2.118916e-02;1.434451e-01;2.737899e-02;1.784693e-02;2.986961e-02
1.909368e-01;2.278988e-01;2.584006e-01;3.002198e-02;2.689826e-02;2.080078e-02;5.689386e-02;3.119089e-02;8.615961e-02;1.902032e-02;1.593836e-02;3.583967e-02
1.950406e-01;2.451214e-01;2.689876e-01;2.815254e-02;1.816368e-02;2.035421e-02;4.787123e-02;2.207619e-02;7.953392e-02;1.661681e-02;1.255443e-02;4.552731e-02
1.705667e-01;2.121919e-01;2.505866e-01;4.242028e-02;3.236448e-02;2.592562e-02;5.007312e-02;1.995634e-02;1.082716e-01;2.195443e-02;1.496767e-02;5.072112e-02
8.341355e-02;1.582831e-01;2.042139e-01;5.912506e-02;3.592449e-02;4.151700e-02;7.074960e-02;5.202163e-02;1.817429e-01;3.745252e-02;3.423243e-02;4.132375e-02
1.192991e-01;1.227082e-01;1.591444e-01;4.312341e-02;2.183433e-02;4.166305e-02;8.747965e-02;5.839860e-02;2.091157e-01;5.442152e-02;4.870822e-02;3.410381e-02
1.770257e-01;1.408731e-01;1.558088e-01;4.334616e-02;2.405461e-02;3.514507e-02;7.554299e-02;3.821037e-02;1.825756e-01;5.672247e-02;4.566576e-02;2.502939e-02
1.900293e-01;1.626479e-01;1.529330e-01;4.504374e-02;2.636348e-02;2.569385e-02;6.041476e-02;3.623935e-02;1.762793e-01;5.980304e-02;3.417037e-02;3.038186e-02
1.868206e-01;1.507192e-01;1.441698e-01;3.022301e-02;2.935019e-02;3.086316e-02;6.623169e-02;4.337703e-02;1.598857e-01;7.921195e-02;4.221380e-02;3.693384e-02
1.403702e-01;1.428535e-01;1.473935e-01;3.196065e-02;4.757349e-02;3.837959e-02;6.265499e-02;5.695269e-02;1.633236e-01;8.379786e-02;4.597747e-02;3.876251e-02
7.762518e-02;1.407929e-01;2.956858e-01;5.373093e-02;3.590120e-02;3.869418e-02;7.933031e-02;5.427531e-02;1.194334e-01;4.654682e-02;3.193641e-02;2.604758e-02
8.221567e-02;1.489768e-01;4.260971e-01;5.588350e-02;3.439718e-02;3.479964e-02;9.280637e-02;2.560755e-02;3.497080e-02;2.227610e-02;1.829145e-02;2.367779e-02
1.526119e-01;1.894458e-01;3.279576e-01;4.258931e-02;3.108382e-02;2.749477e-02;7.907032e-02;2.939294e-02;6.541793e-02;2.077899e-02;1.505890e-02;1.909773e-02
2.130534e-01;2.471140e-01;2.529747e-01;2.485600e-02;2.045453e-02;2.126917e-02;6.400232e-02;2.953742e-02;8.464924e-02;2.002564e-02;8.198562e-03;1.386505e-02
2.605675e-01;2.721733e-01;1.992373e-01;2.141280e-02;1.883650e-02;1.565728e-02;5.558050e-02;3.399596e-02;8.364502e-02;1.876216e-02;8.435461e-03;1.169625e-02
3.323232e-01;2.461625e-01;1.472657e-01;2.483840e-02;3.467785e-02;1.045888e-02;4.980115e-02;4.863575e-02;6.518195e-02;1.412707e-02;9.892141e-03;1.663544e-02
3.913307e-01;1.911876e-01;1.015362e-01;2.239822e-02;6.631316e-02;7.700539e-03;4.110484e-02;9.079459e-02;3.387964e-02;1.391114e-02;1.606313e-02;2.378021e-02
3.582590e-01;1.175988e-01;1.351684e-01;1.314458e-02;7.502625e-02;1.184796e-02;4.444904e-02;1.275835e-01;5.346396e-02;1.060580e-02;2.257760e-02;3.027501e-02
2.702404e-01;7.030364e-02;1.958533e-01;1.904359e-02;6.345683e-02;2.561504e-02;6.167458e-02;1.301374e-01;7.286635e-02;1.938039e-02;2.974720e-02;4.168129e-02
1.861805e-01;7.401830e-02;2.331311e-01;2.940773e-02;4.383048e-02;3.611049e-02;9.630582e-02;9.844864e-02;8.254870e-02;3.065531e-02;4.279825e-02;4.656467e-02
2.854499e-01;1.175994e-01;1.762826e-01;2.885990e-02;2.900492e-02;2.855464e-02;7.350965e-02;8.560114e-02;7.522857e-02;3.815342e-02;3.925422e-02;2.250157e-02
3.343849e-01;1.204409e-01;1.473801e-01;2.633257e-02;2.313984e-02;2.009263e-02;4.198471e-02;1.218408e-01;4.311045e-02;3.439985e-02;3.621816e-02;5.067517e-02
3.052034e-01;1.172559e-01;1.377853e-01;3.628116e-02;2.287521e-02;2.419856e-02;1.003148e-01;9.697449e-02;2.128299e-02;3.092534e-02;3.892921e-02;6.797356e-02
2.495103e-01;1.168877e-01;7.421168e-02;4.572384e-02;3.351435e-02;3.608961e-02;1.530031e-01;6.536216e-02;3.318259e-02;4.821958e-02;7.454363e-02;6.975158e-02
1.446407e-01;8.806542e-02;7.577685e-02;4.942727e-02;4.537548e-02;5.725143e-02;1.804891e-01;7.246573e-02;2.896836e-02;9.106784e-02;1.150576e-01;5.141424e-02
1.526936e-01;6.661193e-02;1.279755e-01;3.414424e-02;5.297413e-02;5.814450e-02;1.597727e-01;5.787357e-02;7.063346e-02;9.453865e-02;9.064560e-02;3.399206e-02
1.536740e-01;8.876229e-02;1.264524e-01;3.601806e-02;7.233684e-02;5.673209e-02;1.046094e-01;7.972427e-02;8.927400e-02;8.504562e-02;8.615724e-02;2.121381e-02
1.809498e-01;1.013930e-01;1.289232e-01;2.643496e-02;6.951545e-02;4.399359e-02;7.415937e-02;7.632689e-02;6.180265e-02;1.074131e-01;9.704202e-02;3.204601e-02
1.495514e-01;1.157524e-01;1.099272e-01;1.405001e-02;6.880142e-02;5.728883e-02;8.086090e-02;7.657536e-02;4.382245e-02;1.301046e-01;1.159276e-01;3.733796e-02
7.654446e-02;1.204119e-01;1.030074e-01;1.519019e-02;7.868779e-02;6.471187e-02;6.572244e-02;9.077720e-02;3.862529e-02;1.559359e-01;1.473671e-01;4.301846e-02
1.098106e-01;9.490490e-02;1.109647e-01;2.117660e-02;7.646216e-02;4.207912e-02;6.107663e-02;9.404773e-02;3.324855e-02;1.758285e-01;1.457383e-01;3.466232e-02
1.241068e-01;9.227598e-02;8.474933e-02;1.461059e-02;7.226861e-02;3.664646e-02;6.891631e-02;9.788577e-02;3.860092e-02;2.002211e-01;1.418337e-01;2.788439e-02
1.177768e-01;7.990472e-02;8.518916e-02;3.173489e-02;1.307217e-01;4.454852e-02;6.455182e-02;5.441533e-02;3.850796e-02;1.941044e-01;1.264577e-01;3.208697e-02
1.040225e-01;6.972043e-02;1.134396e-01;5.947784e-02;1.559387e-01;5.254478e-02;1.108576e-01;2.742960e-02;2.994441e-02;1.457793e-01;9.472401e-02;3.612116e-02
8.681700e-02;7.923579e-02;9.940560e-02;8.169100e-02;1.707539e-01;4.510964e-02;1.097048e-01;2.827722e-02;5.742827e-02;1.493023e-01;7.442559e-02;1.784896e-02
5.332683e-02;7.136367e-02;7.962944e-02;1.073132e-01;1.696943e-01;6.011675e-02;9.273349e-02;2.283491e-02;8.240727e-02;1.789200e-01;6.735459e-02;1.430564e-02
7.257768e-02;4.636648e-02;6.300300e-02;1.582679e-01;1.287718e-01;4.788078e-02;7.505242e-02;4.376030e-02;1.078282e-01;1.829602e-01;5.715355e-02;1.637778e-02
8.155228e-02;2.725222e-02;1.216568e-01;1.831259e-01;6.887641e-02;2.922227e-02;9.233578e-02;5.525015e-02;1.173633e-01;1.485248e-01;6.040585e-02;1.443417e-02
6.657291e-02;3.281510e-02;1.740897e-01;1.755455e-01;5.215850e-02;1.902403e-02;1.530190e-01;5.577729e-02;1.095470e-01;9.191882e-02;5.109027e-02;1.844192e-02
4.425182e-02;3.815244e-02;2.741483e-01;1.136324e-01;4.383355e-02;1.676245e-02;1.699433e-01;8.215117e-02;9.601384e-02;6.996569e-02;3.409974e-02;1.704529e-02
3.640547e-02;2.249404e-02;3.230981e-01;6.005494e-02;3.621156e-02;1.552464e-02;2.141550e-01;8.846238e-02;7.934393e-02;7.999513e-02;2.251421e-02;2.174064e-02
3.407998e-02;1.482931e-02;2.928754e-01;5.169857e-02;3.420803e-02;2.266517e-02;2.745759e-01;8.036555e-02;7.880692e-02;7.623610e-02;1.943962e-02;2.021944e-02
