3.981883e-02;1.044478e-01;1.074839e-01;3.870570e-02;4.564930e-02;1.788503e-01;7.336219e-02;1.447806e-01;1.082503e-01;6.312925e-02;5.623832e-02;3.928341e-02
3.312671e-02;1.010227e-01;1.101712e-01;3.764283e-02;4.593086e-02;1.386773e-01;8.312134e-02;1.992753e-01;9.950777e-02;5.765123e-02;4.479309e-02;4.907968e-02
2.249637e-02;9.859068e-02;1.153877e-01;2.917316e-02;4.358940e-02;1.165559e-01;9.293538e-02;2.523860e-01;9.954014e-02;4.817168e-02;3.006873e-02;5.110488e-02
1.001169e-02;7.927938e-02;1.225113e-01;4.085720e-02;3.458709e-02;9.393752e-02;9.919498e-02;3.144979e-01;1.029431e-01;3.757334e-02;1.807192e-02;4.653452e-02
1.418189e-02;3.715709e-02;9.592563e-02;9.152270e-02;6.909913e-02;7.268403e-02;8.692040e-02;3.051559e-01;1.447903e-01;3.605229e-02;1.627567e-02;3.023496e-02
2.306258e-02;1.271033e-02;5.899229e-02;1.533999e-01;1.155336e-01;5.781343e-02;7.064199e-02;2.343950e-01;2.056860e-01;4.696028e-02;9.209232e-03;1.159541e-02
1.542156e-02;2.243689e-02;3.880481e-02;1.507209e-01;1.926290e-01;8.592208e-02;5.037006e-02;1.635298e-01;1.910782e-01;6.050105e-02;1.781063e-02;1.077514e-02
7.657378e-03;3.103017e-02;3.100758e-02;1.177656e-01;2.190093e-01;1.531545e-01;3.375232e-02;1.259515e-01;1.575798e-01;6.809586e-02;3.952277e-02;1.547319e-02
7.968764e-03;3.195847e-02;4.519116e-02;8.331574e-02;1.503715e-01;2.104925e-01;6.207588e-02;1.183754e-01;1.506922e-01;5.713203e-02;5.809405e-02;2.433239e-02
1.520370e-02;4.279233e-02;5.278187e-02;7.266204e-02;1.124484e-01;1.775733e-01;1.340249e-01;1.259625e-01;1.265428e-01;4.211171e-02;5.257804e-02;4.531851e-02
3.433656e-02;7.138092e-02;4.665369e-02;9.779450e-02;9.361440e-02;1.041914e-01;2.091382e-01;1.268800e-01;7.139894e-02;5.123469e-02;2.339915e-02;6.997765e-02
6.339467e-02;1.187595e-01;6.551662e-02;7.946142e-02;7.570890e-02;1.059087e-01;1.321641e-01;1.561486e-01;8.507761e-02;4.649276e-02;1.686484e-02;5.450219e-02
8.812233e-02;1.868124e-01;9.370834e-02;3.248386e-02;1.132790e-01;6.788702e-02;6.236485e-02;2.265490e-01;5.985893e-02;2.502807e-02;1.885443e-02;2.505176e-02
8.821177e-02;2.623845e-01;1.271252e-01;2.187330e-02;1.272662e-01;3.010296e-02;5.229136e-02;1.911611e-01;4.569858e-02;1.532353e-02;2.320012e-02;1.536140e-02
7.472185e-02;3.611402e-01;1.677122e-01;2.709166e-02;9.142264e-02;1.855501e-02;4.525806e-02;9.690014e-02;7.233128e-02;1.605642e-02;2.028708e-02;8.523511e-03
6.798334e-02;4.416135e-01;1.856123e-01;3.189816e-02;4.396932e-02;2.615124e-02;3.222587e-02;4.391902e-02;9.385733e-02;1.418137e-02;1.133029e-02;7.258234e-03
5.301398e-02;4.664181e-01;2.084188e-01;2.881217e-02;2.441201e-02;3.280182e-02;2.690070e-02;3.562063e-02;9.941211e-02;1.325811e-02;4.893947e-03;6.037572e-03
5.107775e-02;4.731960e-01;2.160581e-01;2.239456e-02;2.524591e-02;3.559015e-02;2.778120e-02;4.789176e-02;8.442285e-02;7.308444e-03;4.629293e-03;4.404105e-03
6.826162e-02;4.604869e-01;2.030124e-01;1.740364e-02;4.087704e-02;2.786418e-02;2.416191e-02;6.743333e-02;6.409088e-02;1.143842e-02;7.089527e-03;7.880161e-03
9.448941e-02;4.174011e-01;1.531542e-01;1.862239e-02;6.701158e-02;4.306804e-02;3.005991e-02;9.870434e-02;4.511670e-02;1.153666e-02;9.531559e-03;1.130410e-02
1.081946e-01;3.720789e-01;1.407634e-01;2.829784e-02;7.825270e-02;6.100798e-02;1.743298e-02;1.189690e-01;2.872600e-02;1.457460e-02;1.110359e-02;2.059841e-02
9.625918e-02;3.559013e-01;1.105032e-01;4.116067e-02;6.053020e-02;8.575956e-02;4.794739e-02;9.271776e-02;3.997198e-02;2.012190e-02;1.097142e-02;3.815543e-02
5.210819e-02;3.209869e-01;1.615256e-01;3.454732e-02;5.356338e-02;7.623561e-02;7.202978e-02;6.852448e-02;7.549115e-02;2.811038e-02;1.866060e-02;3.821668e-02
5.144436e-02;2.858073e-01;1.995073e-01;1.987850e-02;5.198562e-02;5.264287e-02;7.298386e-02;1.010688e-01;1.032531e-01;2.820210e-02;1.512249e-02;1.810369e-02
5.185650e-02;3.046925e-01;2.174638e-01;2.385735e-02;4.213521e-02;4.218139e-02;5.780884e-02;1.020845e-01;1.092854e-01;2.794049e-02;6.846849e-03;1.384710e-02
5.093601e-02;3.436171e-01;2.260884e-01;2.042515e-02;5.738440e-02;7.155197e-02;3.721633e-02;5.831093e-02;7.920150e-02;2.527470e-02;1.316268e-02;1.683081e-02
6.138444e-02;3.728437e-01;1.689088e-01;2.908839e-02;6.509509e-02;8.882083e-02;1.071165e-02;8.364644e-02;7.115314e-02;1.716093e-02;1.298786e-02;1.819866e-02
6.130431e-02;3.564162e-01;2.030710e-01;4.183157e-02;5.203491e-02;6.703376e-02;1.573302e-02;9.729322e-02;5.640590e-02;1.690827e-02;1.446320e-02;1.750462e-02
3.920056e-02;2.872137e-01;2.000980e-01;4.673936e-02;5.462902e-02;5.350915e-02;4.929017e-02;1.039385e-01;9.239643e-02;3.518976e-02;2.310294e-02;1.469239e-02
2.655444e-02;1.742832e-01;1.256967e-01;5.923839e-02;5.899907e-02;1.118506e-01;5.299268e-02;1.259303e-01;1.215785e-01;7.579572e-02;4.066414e-02;2.641631e-02
3.888207e-02;1.038019e-01;9.001132e-02;4.495412e-02;6.496108e-02;1.486434e-01;1.204701e-01;8.457945e-02;1.147604e-01;9.901033e-02;5.601238e-02;3.391334e-02
5.160838e-02;7.786576e-02;8.123618e-02;5.183263e-02;4.245720e-02;1.581249e-01;1.031662e-01;1.521822e-01;1.055274e-01;1.064501e-01;5.777205e-02;1.177692e-02
7.265580e-02;8.141752e-02;1.080830e-01;9.711562e-02;6.829502e-02;1.327133e-01;2.749024e-02;1.703694e-01;7.462887e-02;6.338249e-02;7.421904e-02;2.962973e-02
6.223002e-02;7.688470e-02;1.327657e-01;1.606053e-01;1.244965e-01;1.074600e-01;6.003639e-02;8.294304e-02;5.057290e-02;5.027059e-02;7.843444e-02;1.330045e-02
4.666520e-02;8.080003e-02;1.055604e-01;1.885244e-01;9.927324e-02;1.215674e-01;6.031961e-02;8.818257e-02;7.478202e-02;5.300134e-02;6.019957e-02;2.112420e-02
4.538694e-02;3.906612e-02;9.890889e-02;1.680230e-01;1.023568e-01;9.200520e-02;7.702067e-02;1.329973e-01;1.191140e-01;4.152234e-02;3.408299e-02;4.951574e-02
4.036866e-02;1.882725e-02;1.292216e-01;1.613184e-01;9.028373e-02;8.795132e-02;5.535741e-02;1.726416e-01;1.196214e-01;3.385083e-02;1.508290e-02;7.547480e-02
2.123151e-02;3.307539e-02;1.649702e-01;1.011728e-01;5.329271e-02;8.068797e-02;4.539323e-02;2.659049e-01;9.030516e-02;4.734097e-02;1.243054e-02;8.419459e-02
1.737160e-02;4.459507e-02;1.724593e-01;4.626533e-02;3.858476e-02;5.487880e-02;6.445421e-02;3.326421e-01;5.473167e-02;8.240470e-02;2.900342e-02;6.260908e-02
4.438937e-02;6.557198e-02;1.374409e-01;2.565978e-02;5.442503e-02;2.336549e-02;1.238012e-01;3.121031e-01;3.410588e-02;9.550985e-02;5.984215e-02;2.378525e-02
6.619366e-02;8.759497e-02;9.741176e-02;2.237374e-02;6.724445e-02;2.836840e-02;1.986130e-01;2.508681e-01;2.267984e-02;6.786979e-02;7.933536e-02;1.144686e-02
8.263781e-02;1.036530e-01;7.200993e-02;2.474438e-02;6.846759e-02;2.286129e-02;2.591949e-01;1.936916e-01;2.836760e-02;2.262380e-02;1.130419e-01;8.706158e-03
9.303609e-02;1.215839e-01;4.885861e-02;1.689084e-02;6.186100e-02;4.538887e-02;2.861197e-01;1.345410e-01;3.108949e-02;1.322708e-02;1.374755e-01;9.927982e-03
8.631773e-02;1.370470e-01;3.408416e-02;7.461716e-03;5.277466e-02;7.886135e-02;2.878064e-01;1.090056e-01;4.129395e-02;1.434799e-02;1.415443e-01;9.455189e-03
5.924946e-02;1.493644e-01;4.657128e-02;6.606321e-03;5.127886e-02;1.241577e-01;2.553540e-01;1.134721e-01;4.489479e-02;2.079917e-02;1.159666e-01;1.228525e-02
3.258693e-02;1.533475e-01;8.203971e-02;1.635558e-02;5.737473e-02;1.646379e-01;1.913835e-01;1.133951e-01;4.402600e-02;2.732969e-02;9.121507e-02;2.630831e-02
3.578578e-02;1.102086e-01;1.176373e-01;5.280550e-02;5.958513e-02;1.747901e-01;1.043871e-01;1.451998e-01;4.844595e-02;3.150447e-02;7.945241e-02;4.019776e-02
4.731497e-02;1.199575e-01;1.410355e-01;8.779486e-02;6.516299e-02;5.609187e-02;1.074585e-01;1.864507e-01;7.163832e-02;2.224210e-02;6.396700e-02;3.088565e-02
6.239415e-02;1.409107e-01;2.118003e-01;8.239076e-02;5.390133e-02;4.358125e-02;7.110827e-02;2.062158e-01;4.785831e-02;1.437112e-02;4.450372e-02;2.096430e-02
5.049116e-02;1.486962e-01;2.319039e-01;6.605108e-02;4.547638e-02;4.361011e-02;4.262818e-02;2.547761e-01;5.238320e-02;1.562805e-02;2.912731e-02;1.922824e-02
2.465846e-02;1.147894e-01;2.320352e-01;4.794206e-02;2.703160e-02;6.288262e-02;5.155355e-02;3.074676e-01;7.088518e-02;2.158961e-02;1.441033e-02;2.475441e-02
7.688137e-03;7.853537e-02;2.069424e-01;2.073579e-02;2.209052e-02;1.135450e-01;7.456050e-02;3.407022e-01;8.375552e-02;2.210535e-02;5.096311e-03;2.424294e-02
6.703487e-03;5.107739e-02;1.562386e-01;3.413000e-02;3.689288e-02;1.818643e-01;7.627267e-02;3.226008e-01;9.328774e-02;1.462871e-02;4.787767e-03;2.151564e-02
1.046894e-02;4.413173e-02;1.019144e-01;4.570573e-02;7.779497e-02;2.200515e-01;8.693470e-02;2.653312e-01;1.158205e-01;1.193259e-02;9.328227e-03;1.058543e-02
1.402402e-02;6.629284e-02;4.383767e-02;4.849642e-02;1.258011e-01;1.750703e-01;5.995720e-02;2.552711e-01;1.587902e-01;1.901049e-02;1.113068e-02;2.231790e-02
2.745377e-02;6.403678e-02;7.304949e-02;7.603554e-02;1.281959e-01;8.446478e-02;5.024840e-02;2.578242e-01;1.910471e-01;1.612500e-02;8.012286e-03;2.350679e-02
4.290940e-02;4.471240e-02;8.399960e-02;1.126394e-01;1.038378e-01;4.634627e-02;1.036891e-01;2.288760e-01;1.980883e-01;1.553352e-02;1.060490e-02;8.763334e-03
4.343249e-02;3.952770e-02;4.073966e-02;1.341586e-01;6.768469e-02;3.795615e-02;1.509566e-01;2.365873e-01;2.131382e-01;2.080484e-02;8.536617e-03;6.477191e-03
3.699898e-02;4.063293e-02;5.468509e-02;1.397963e-01;4.796632e-02;5.992526e-02;1.579509e-01;2.030352e-01;2.189979e-01;2.203665e-02;9.869808e-03;8.104648e-03
2.204499e-02;5.169692e-02;5.667179e-02;1.203219e-01;4.964151e-02;9.252145e-02;1.150727e-01;2.523408e-01;1.934472e-01;1.982330e-02;1.588821e-02;1.052920e-02
1.055783e-02;7.801363e-02;4.774014e-02;9.108870e-02;6.074906e-02;8.644903e-02;8.502439e-02;3.135247e-01;1.653793e-01;1.919262e-02;2.339099e-02;1.888961e-02
1.038864e-02;9.413442e-02;7.914457e-02;5.831596e-02;7.234383e-02;8.940792e-02;6.337125e-02;3.443088e-01;1.389277e-01;1.883367e-02;2.504872e-02;5.774608e-03
1.295792e-02;9.516709e-02;1.002821e-01;4.112181e-02;7.035069e-02;1.283575e-01;6.301025e-02;3.311043e-01;1.191269e-01;1.882684e-02;1.085366e-02;8.840945e-03
2.126169e-02;1.123108e-01;1.327545e-01;3.346672e-02;7.428378e-02;1.348234e-01;6.104344e-02;3.008965e-01;8.098105e-02;1.867895e-02;1.596451e-02;1.353469e-02
2.218378e-02;1.384634e-01;2.027061e-01;2.877907e-02;5.723555e-02;1.241480e-01;3.095629e-02;2.733544e-01;4.887597e-02;2.406450e-02;3.385903e-02;1.537399e-02
2.203631e-02;1.202601e-01;1.679113e-01;5.588300e-02;2.784019e-02;9.996957e-02;7.592922e-02;2.325656e-01;1.052525e-01;3.905389e-02;2.858936e-02;2.470908e-02
3.083398e-02;8.659865e-02;1.505264e-01;7.537489e-02;4.856576e-02;5.141055e-02;1.210351e-01;1.991006e-01;1.331330e-01;5.173389e-02;2.353868e-02;2.814848e-02
2.937666e-02;7.260663e-02;1.630649e-01;6.881007e-02;5.679406e-02;7.606901e-02;7.201507e-02;2.085961e-01;1.461777e-01;4.988196e-02;3.963164e-02;1.697631e-02
2.938969e-02;9.839813e-02;1.744049e-01;6.643476e-02;3.848732e-02;9.756098e-02;5.657522e-02;2.386208e-01;1.230834e-01;2.838675e-02;2.365198e-02;2.500606e-02
2.602578e-02;1.120911e-01;1.599119e-01;6.906488e-02;4.347792e-02;9.322917e-02;7.661952e-02;2.591751e-01;9.255888e-02;2.170437e-02;2.201260e-02;2.412880e-02
2.383632e-02;1.526113e-01;1.189865e-01;5.817335e-02;4.496326e-02;1.329597e-01;1.131719e-01;2.340961e-01;5.467115e-02;1.785880e-02;2.704147e-02;2.163001e-02
3.021317e-02;1.670171e-01;1.190817e-01;5.376574e-02;2.941285e-02;2.274578e-01;1.175147e-01;1.609499e-01;3.005579e-02;1.869884e-02;1.453728e-02;3.129501e-02
5.717156e-02;1.329841e-01;9.682348e-02;6.593930e-02;2.666681e-02;3.325631e-01;7.628848e-02;1.087131e-01;2.339214e-02;3.442356e-02;1.256913e-02;3.246519e-02
7.286398e-02;1.022816e-01;5.624178e-02;5.558291e-02;3.949020e-02;4.084356e-01;3.305446e-02;1.319675e-01;2.651348e-02;3.816207e-02;1.035441e-02;2.505207e-02
6.669027e-02;9.622545e-02;8.643552e-02;3.667166e-02;3.768125e-02;4.035795e-01;4.398003e-02;1.340893e-01;3.538860e-02;3.074606e-02;9.104249e-03;1.940811e-02
5.563928e-02;1.321228e-01;1.325049e-01;2.608479e-02;3.937976e-02;3.644225e-01;5.407520e-02;9.788790e-02;4.152849e-02;2.433253e-02;7.360808e-03;2.466112e-02
3.891330e-02;1.344056e-01;1.200300e-01;1.952661e-02;3.226987e-02;2.692543e-01;6.047754e-02;1.975911e-01;7.106350e-02;2.021669e-02;1.166963e-02;2.458194e-02
2.949845e-02;1.148692e-01;8.358916e-02;2.468211e-02;3.608614e-02;3.161166e-01;4.548487e-02;2.371107e-01;5.799068e-02;2.144215e-02;1.374858e-02;1.938127e-02
3.251113e-02;1.081544e-01;1.142324e-01;1.891151e-02;3.115685e-02;3.585952e-01;2.736379e-02;2.103499e-01;4.667651e-02;2.389802e-02;1.741572e-02;1.073444e-02
3.164490e-02;8.567023e-02;9.538525e-02;1.695004e-02;2.353348e-02;2.333113e-01;5.072362e-02;3.127474e-01;9.620979e-02;2.152675e-02;1.792891e-02;1.436833e-02
3.191334e-02;1.482362e-01;1.188852e-01;2.435188e-02;1.670525e-02;1.768216e-01;6.255614e-02;3.086146e-01;6.766602e-02;1.534408e-02;1.341099e-02;1.549466e-02
3.100121e-02;1.485983e-01;1.118512e-01;2.586874e-02;2.228380e-02;2.610494e-01;5.536323e-02;2.214585e-01;8.454119e-02;1.556107e-02;1.095602e-02;1.146733e-02
2.457866e-02;1.180569e-01;9.288213e-02;2.546683e-02;2.040186e-02;2.716756e-01;5.077420e-02;2.456992e-01;1.086254e-01;1.879256e-02;1.733426e-02;5.712414e-03
4.335504e-02;8.366493e-02;1.330603e-01;5.908803e-02;2.968074e-02;1.675567e-01;7.690012e-02;2.690991e-01;9.810052e-02;1.377064e-02;1.369626e-02;1.202763e-02
8.765203e-02;3.500551e-02;1.335008e-01;7.482289e-02;4.676116e-02;1.380215e-01;1.014152e-01;1.838357e-01;1.237241e-01;3.419986e-02;1.366644e-02;2.739477e-02
1.014277e-01;7.529303e-02;1.111876e-01;6.537864e-02;4.813080e-02;1.728549e-01;1.057504e-01;1.470369e-01;9.216306e-02;3.191551e-02;1.732002e-02;3.154147e-02
6.472553e-02;1.286567e-01;1.170642e-01;4.717897e-02;4.760497e-02;9.610884e-02;8.867919e-02;2.327469e-01;1.106136e-01;2.366564e-02;2.005672e-02;2.289864e-02
4.893506e-02;1.437165e-01;1.217152e-01;3.309024e-02;2.646005e-02;1.262343e-01;7.726561e-02;2.380042e-01;8.845773e-02;2.658149e-02;2.164911e-02;4.789056e-02
6.512977e-02;1.476175e-01;1.045407e-01;3.644418e-02;1.532636e-02;2.228873e-01;6.152555e-02;1.985576e-01;4.383142e-02;2.529325e-02;2.039275e-02;5.845358e-02
8.441900e-02;1.496711e-01;9.397240e-02;3.523116e-02;2.680007e-02;2.594940e-01;4.326503e-02;1.725841e-01;3.710685e-02;2.258582e-02;2.306510e-02;5.180546e-02
8.937789e-02;1.703702e-01;1.107658e-01;2.994666e-02;2.846999e-02;2.354641e-01;2.841399e-02;1.591658e-01;5.875319e-02;2.213260e-02;2.576146e-02;4.137827e-02
7.259312e-02;1.549661e-01;1.282887e-01;4.563363e-02;3.551061e-02;1.971904e-01;3.457581e-02;1.502739e-01;8.418761e-02;2.524463e-02;2.665137e-02;4.488417e-02
5.826281e-02;1.105808e-01;1.532623e-01;4.634714e-02;3.088546e-02;2.043776e-01;5.836812e-02;2.035825e-01;4.634200e-02;2.495255e-02;2.029705e-02;4.274166e-02
4.052172e-02;1.537512e-01;1.710870e-01;3.804891e-02;2.516257e-02;2.038606e-01;7.268679e-02;1.845663e-01;4.249389e-02;1.967713e-02;1.100350e-02;3.714038e-02
2.726116e-02;1.933503e-01;1.481003e-01;3.797613e-02;2.017070e-02;2.043891e-01;7.913943e-02;1.916115e-01;4.187310e-02;1.606178e-02;1.548299e-02;2.458347e-02
2.220162e-02;1.859698e-01;9.344960e-02;5.638453e-02;4.268129e-02;1.945314e-01;8.643524e-02;2.076400e-01;5.500740e-02;1.970172e-02;2.509638e-02;1.090108e-02
2.126154e-02;1.680881e-01;6.246251e-02;4.010026e-02;9.547780e-02;1.927041e-01;9.023309e-02;2.109673e-01;5.533926e-02;2.184711e-02;3.580867e-02;5.710312e-03
2.906325e-02;1.293764e-01;5.870941e-02;4.606713e-02;1.695286e-01;1.715740e-01;6.668521e-02;2.082830e-01;5.232285e-02;2.019310e-02;4.317120e-02;5.025808e-03
3.175153e-02;9.247153e-02;7.976770e-02;9.002978e-02;1.853216e-01;1.185479e-01;4.586685e-02;2.404155e-01;5.365970e-02;1.630757e-02;3.892608e-02;6.934252e-03
2.675955e-02;6.620307e-02;1.118971e-01;1.226563e-01;1.167396e-01;7.191910e-02;4.148362e-02;3.181525e-01;6.544840e-02;2.130337e-02;2.380022e-02;1.363713e-02
1.355109e-02;4.611578e-02;1.267368e-01;8.577852e-02;4.051621e-02;7.386517e-02;4.730495e-02;3.790079e-01;1.105172e-01;4.737888e-02;1.121316e-02;1.801425e-02
6.983905e-03;2.942553e-02;1.298116e-01;3.929169e-02;2.301253e-02;9.978142e-02;5.356788e-02;4.002970e-01;1.344144e-01;5.526432e-02;4.515174e-03;2.363446e-02
4.829642e-03;1.511244e-02;1.200430e-01;3.582197e-02;1.821223e-02;1.271329e-01;6.092114e-02;4.029126e-01;1.398595e-01;4.085542e-02;5.471913e-03;2.882730e-02
7.675754e-03;3.617292e-02;8.530089e-02;2.544167e-02;4.209818e-02;1.768826e-01;5.818260e-02;3.769036e-01;1.381546e-01;2.005235e-02;3.670816e-03;2.946403e-02
2.143368e-02;4.240081e-02;3.137894e-02;4.289001e-02;9.122500e-02;1.483999e-01;4.004351e-02;3.576407e-01;1.678448e-01;2.459764e-02;4.743317e-03;2.740167e-02
3.380074e-02;3.400588e-02;3.897914e-02;5.835560e-02;8.844281e-02;1.070696e-01;4.849974e-02;3.137117e-01;2.189226e-01;3.472711e-02;6.994144e-03;1.649093e-02
3.048400e-02;1.843227e-02;5.368693e-02;3.970730e-02;5.386287e-02;1.933392e-01;5.451865e-02;2.493000e-01;2.562006e-01;3.928972e-02;6.131906e-03;5.046627e-03
1.560938e-02;1.080436e-02;6.559759e-02;3.534222e-02;4.541802e-02;2.888981e-01;5.294251e-02;1.695857e-01;2.586421e-01;4.138418e-02;8.278419e-03;7.497394e-03
1.232897e-02;1.972715e-02;7.237030e-02;2.967593e-02;7.356568e-02;3.275095e-01;4.669589e-02;1.104499e-01;2.542616e-01;3.775351e-02;8.358321e-03;7.303189e-03
9.557280e-03;2.052101e-02;7.312283e-02;2.908920e-02;5.290750e-02;2.852380e-01;5.193374e-02;1.678371e-01;2.584195e-01;3.537360e-02;9.506323e-03;6.494027e-03
9.309161e-03;1.858305e-02;8.218455e-02;4.154782e-02;4.446502e-02;2.268020e-01;8.747099e-02;1.753569e-01;2.617364e-01;3.579208e-02;1.158102e-02;5.171036e-03
1.171970e-02;1.262680e-02;8.447827e-02;6.166425e-02;3.986750e-02;1.786573e-01;1.334928e-01;1.686225e-01;2.581613e-01;3.470027e-02;1.178377e-02;4.225532e-03
1.775987e-02;1.192722e-02;6.569060e-02;5.398999e-02;4.031637e-02;1.346760e-01;2.048373e-01;1.432504e-01;2.758779e-01;3.562387e-02;1.042868e-02;5.621750e-03
1.666262e-02;1.756421e-02;4.981969e-02;4.551004e-02;3.671844e-02;8.373919e-02;1.824816e-01;2.468475e-01;2.788070e-01;2.802819e-02;8.338223e-03;5.483367e-03
1.230704e-02;3.648616e-02;4.561331e-02;4.922818e-02;5.765914e-02;4.248859e-02;1.121131e-01;3.210076e-01;2.897985e-01;2.131463e-02;6.401574e-03;5.582131e-03
7.812935e-03;5.658106e-02;6.400042e-02;3.209913e-02;5.987123e-02;5.959029e-02;4.468756e-02;3.831469e-01;2.604946e-01;2.307468e-02;3.757013e-03;4.884128e-03
9.694720e-03;4.758212e-02;8.361971e-02;2.685915e-02;5.498887e-02;1.088393e-01;4.702422e-02;4.278536e-01;1.560262e-01;2.431929e-02;7.300598e-03;5.892188e-03
1.133378e-02;5.234089e-02;7.584176e-02;2.267592e-02;6.769642e-02;1.111950e-01;6.039166e-02;4.047403e-01;1.605669e-01;1.884764e-02;5.555893e-03;8.813808e-03
1.405681e-02;8.933052e-02;7.951064e-02;1.864219e-02;7.085539e-02;4.604102e-02;5.962202e-02;4.107544e-01;1.828701e-01;1.652594e-02;4.876058e-03;6.914823e-03
1.625493e-02;1.281234e-01;1.062872e-01;2.823210e-02;5.265720e-02;1.259133e-01;5.271835e-02;3.233545e-01;1.323605e-01;1.677762e-02;7.171810e-03;1.014910e-02
1.740522e-02;1.870812e-01;1.389831e-01;4.570819e-02;5.128851e-02;1.559603e-01;6.283602e-02;2.112710e-01;8.327484e-02;1.971019e-02;9.446351e-03;1.703507e-02
1.317640e-02;1.717771e-01;1.253081e-01;3.952279e-02;7.020846e-02;1.148192e-01;6.072364e-02;2.354209e-01;1.280993e-01;1.816463e-02;9.769221e-03;1.301025e-02
1.242770e-02;1.259185e-01;1.340351e-01;3.689165e-02;7.442918e-02;6.893052e-02;6.067211e-02;3.000401e-01;1.321354e-01;2.743738e-02;1.530527e-02;1.177704e-02
2.106165e-02;1.191698e-01;1.397008e-01;4.857690e-02;5.196717e-02;1.201931e-01;6.786847e-02;2.712332e-01;8.226226e-02;5.227358e-02;1.641118e-02;9.281951e-03
1.866889e-02;8.898834e-02;1.194754e-01;4.782503e-02;5.378339e-02;1.903599e-01;7.436523e-02;2.270583e-01;9.237768e-02;4.256979e-02;2.793051e-02;1.659759e-02
1.300384e-02;7.052691e-02;1.104805e-01;4.480309e-02;6.072464e-02;2.675853e-01;4.676158e-02;2.100103e-01;9.695562e-02;2.938629e-02;3.132024e-02;1.844164e-02
1.097341e-02;4.186124e-02;1.012532e-01;3.735388e-02;5.805638e-02;3.363080e-01;1.098374e-02;2.296172e-01;1.152386e-01;1.200692e-02;2.866587e-02;1.768148e-02
1.865060e-02;8.399633e-02;1.090924e-01;2.134405e-02;3.995222e-02;3.011387e-01;5.176636e-02;1.856624e-01;1.346085e-01;2.569953e-02;1.506717e-02;1.302181e-02
3.105345e-02;1.332811e-01;5.132348e-02;3.109874e-02;4.409783e-02;2.759137e-01;6.658115e-02;1.637100e-01;1.455869e-01;2.139433e-02;1.803181e-02;1.792757e-02
1.557248e-02;9.537745e-02;8.383348e-02;2.108880e-02;3.330493e-02;2.726141e-01;4.200823e-02;2.757203e-01;1.254649e-01;1.479407e-02;1.108891e-02;9.132354e-03
1.898850e-02;7.730804e-02;6.014752e-02;2.790646e-02;2.395074e-02;2.758555e-01;4.704941e-02;2.478506e-01;1.746531e-01;2.249986e-02;9.802144e-03;1.398815e-02
2.493968e-02;8.734932e-02;1.003809e-01;4.111912e-02;3.231822e-02;1.578064e-01;5.302213e-02;2.494721e-01;1.789961e-01;2.414873e-02;1.835702e-02;3.209014e-02
4.569003e-02;1.190569e-01;1.202580e-01;3.431973e-02;2.255526e-02;1.236800e-01;2.617859e-02;2.533041e-01;1.189758e-01;4.342422e-02;4.230630e-02;5.025107e-02
5.339376e-02;1.627124e-01;1.323722e-01;2.608192e-02;1.848773e-02;1.687664e-01;2.042814e-02;1.863214e-01;1.022667e-01;4.415692e-02;4.057273e-02;4.443967e-02
4.858807e-02;1.568056e-01;1.185775e-01;1.793215e-02;2.197596e-02;1.850437e-01;3.315853e-02;1.721683e-01;1.319981e-01;4.197213e-02;3.387827e-02;3.790171e-02
2.716371e-02;1.278650e-01;1.190701e-01;2.407380e-02;2.531231e-02;1.693770e-01;5.973389e-02;2.060707e-01;1.597721e-01;2.602440e-02;2.743142e-02;2.810548e-02
3.067368e-02;1.388635e-01;1.030106e-01;2.514359e-02;2.292205e-02;1.859081e-01;6.046603e-02;1.742643e-01;1.827379e-01;2.800784e-02;2.791689e-02;2.008547e-02
2.751912e-02;1.385731e-01;1.195209e-01;2.082108e-02;2.305514e-02;1.659847e-01;3.604845e-02;2.091799e-01;1.742466e-01;3.405713e-02;2.676829e-02;2.422558e-02
3.070088e-02;1.060086e-01;1.096202e-01;2.128710e-02;1.919379e-02;1.537449e-01;2.981489e-02;2.656278e-01;1.993971e-01;3.048882e-02;1.931653e-02;1.479935e-02
3.077176e-02;1.176108e-01;1.043075e-01;1.938329e-02;1.847136e-02;4.752583e-02;2.737694e-02;3.782736e-01;2.017030e-01;2.102906e-02;1.556529e-02;1.798153e-02
1.831353e-02;1.239040e-01;7.570288e-02;1.432572e-02;2.044534e-02;1.025251e-01;2.702128e-02;4.100506e-01;1.732287e-01;1.371835e-02;8.566956e-03;1.219752e-02
2.107983e-02;9.233230e-02;5.724315e-02;2.381575e-02;2.555777e-02;1.745570e-01;3.108358e-02;2.812764e-01;2.073748e-01;3.419384e-02;2.851302e-02;2.297253e-02
2.069111e-02;6.908942e-02;6.125651e-02;2.892826e-02;2.504779e-02;1.535982e-01;4.341152e-02;2.753150e-01;2.391156e-01;4.323583e-02;1.914080e-02;2.117003e-02
1.139551e-02;4.232073e-02;3.514819e-02;1.642180e-02;2.449860e-02;6.826269e-02;2.137401e-02;4.644176e-01;2.544097e-01;3.256913e-02;1.927983e-02;9.902202e-03
2.165180e-02;6.320234e-02;6.553257e-02;3.244414e-02;3.498829e-02;3.488943e-02;4.106034e-02;4.170425e-01;2.162966e-01;3.204257e-02;2.397410e-02;1.687535e-02
4.432586e-02;1.036475e-01;8.039598e-02;4.197366e-02;3.894904e-02;8.742371e-02;7.297874e-02;2.418584e-01;1.561159e-01;4.795676e-02;4.550121e-02;3.887333e-02
4.408549e-02;1.115299e-01;9.485383e-02;4.091772e-02;4.165048e-02;7.114536e-02;7.196444e-02;1.809609e-01;1.978584e-01;5.439616e-02;4.314380e-02;4.749349e-02
2.279318e-02;8.882267e-02;5.113960e-02;1.859533e-02;1.929382e-02;7.643574e-02;4.262501e-02;3.840378e-01;2.168595e-01;3.406530e-02;1.973345e-02;2.559864e-02
2.447991e-02;8.238631e-02;3.491304e-02;1.189295e-02;1.453795e-02;5.386219e-02;2.760347e-02;5.169867e-01;1.883555e-01;2.008363e-02;1.588983e-02;9.008441e-03
1.638572e-02;5.852014e-02;2.969010e-02;2.093876e-02;1.671491e-02;1.047998e-01;2.681654e-02;4.948252e-01;1.816533e-01;2.225245e-02;1.590374e-02;1.149936e-02
2.347156e-02;7.676440e-02;4.757335e-02;3.305447e-02;4.257084e-02;1.578645e-01;2.207678e-02;3.515010e-01;1.801490e-01;3.018216e-02;2.451061e-02;1.028132e-02
2.552858e-02;9.410253e-02;7.910767e-02;5.462238e-02;6.140007e-02;1.734865e-01;4.433146e-02;2.454006e-01;1.464358e-01;2.645195e-02;3.184789e-02;1.728458e-02
3.393542e-02;1.144910e-01;7.930718e-02;5.929539e-02;7.540391e-02;1.597759e-01;7.373369e-02;2.412917e-01;1.032764e-01;2.249114e-02;2.071767e-02;1.628060e-02
2.782421e-02;1.488510e-01;6.163988e-02;4.143497e-02;8.264941e-02;1.567343e-01;1.130876e-01;2.167193e-01;9.523311e-02;2.006623e-02;2.252533e-02;1.323464e-02
2.132004e-02;1.332894e-01;7.540257e-02;9.543006e-02;7.352245e-02;1.423083e-01;1.024903e-01;2.176891e-01;8.499765e-02;2.377158e-02;1.828372e-02;1.149488e-02
2.530843e-02;8.136767e-02;8.479950e-02;1.329850e-01;7.896758e-02;9.520049e-02;7.933388e-02;2.707947e-01;9.481756e-02;3.305307e-02;1.289089e-02;1.048131e-02
1.937553e-02;3.977304e-02;8.677424e-02;9.670275e-02;1.148571e-01;8.592280e-02;6.759360e-02;2.927262e-01;1.324631e-01;4.379889e-02;6.561736e-03;1.345103e-02
1.406876e-02;3.142906e-02;5.402291e-02;7.367892e-02;1.454286e-01;6.795283e-02;5.425749e-02;2.688386e-01;2.034442e-01;6.994066e-02;5.273679e-03;1.166426e-02
1.191006e-02;1.771222e-02;2.061675e-02;6.397913e-02;1.020181e-01;1.246550e-01;4.953101e-02;2.435151e-01;2.598776e-01;9.131115e-02;7.886906e-03;6.987004e-03
7.762633e-03;1.358708e-02;1.545898e-02;3.833442e-02;9.285535e-02;2.472162e-01;4.384338e-02;1.736197e-01;2.567540e-01;9.289908e-02;1.179430e-02;5.874849e-03
4.022830e-03;1.609129e-02;1.660781e-02;4.188370e-02;1.268733e-01;2.305637e-01;3.324005e-02;1.341082e-01;2.541806e-01;1.146551e-01;2.106022e-02;6.713100e-03
3.844950e-03;1.609666e-02;1.823301e-02;3.694668e-02;1.104019e-01;1.569130e-01;5.273097e-02;1.795897e-01;2.580894e-01;1.160991e-01;4.373729e-02;7.317222e-03
9.033389e-03;2.527282e-02;1.566783e-02;4.147636e-02;7.902794e-02;1.927282e-01;9.977092e-02;1.836898e-01;1.897608e-01;8.673321e-02;6.730496e-02;9.533647e-03
1.382476e-02;2.272364e-02;2.875361e-02;5.668062e-02;7.017603e-02;2.604729e-01;1.682178e-01;1.104759e-01;1.038095e-01;6.496830e-02;8.256651e-02;1.733039e-02
1.484877e-02;1.992404e-02;2.883646e-02;4.425090e-02;4.379136e-02;3.095203e-01;1.892542e-01;1.042237e-01;1.157570e-01;4.498881e-02;7.171883e-02;1.288562e-02
1.889416e-02;3.921662e-02;3.492067e-02;3.043700e-02;4.345385e-02;3.399494e-01;1.621021e-01;9.820434e-02;1.027832e-01;4.778196e-02;6.547523e-02;1.678142e-02
1.805528e-02;4.408500e-02;3.560375e-02;3.126484e-02;5.344152e-02;2.476500e-01;9.965648e-02;1.563459e-01;1.934005e-01;6.851185e-02;3.923102e-02;1.275392e-02
1.277363e-02;3.612079e-02;3.987489e-02;2.636101e-02;8.666499e-02;1.671006e-01;7.175817e-02;2.129983e-01;2.503457e-01;6.502475e-02;1.902592e-02;1.195131e-02
1.280962e-02;3.625840e-02;6.048074e-02;4.596365e-02;1.261507e-01;1.410579e-01;7.261929e-02;1.714438e-01;2.398950e-01;5.397289e-02;2.288379e-02;1.646413e-02
1.208064e-02;4.358624e-02;5.434076e-02;6.305793e-02;1.379128e-01;1.540612e-01;7.345829e-02;1.559635e-01;2.096938e-01;6.332234e-02;2.015987e-02;1.236273e-02
1.383672e-02;4.308545e-02;6.129111e-02;5.322119e-02;1.490192e-01;1.706762e-01;4.148446e-02;1.624630e-01;1.703940e-01;9.821334e-02;2.254751e-02;1.376783e-02
1.049372e-02;4.135758e-02;6.543039e-02;8.874732e-02;1.276857e-01;1.556679e-01;5.622388e-02;1.304759e-01;1.730013e-01;1.153685e-01;2.410474e-02;1.144309e-02
8.697782e-03;3.702642e-02;7.017159e-02;9.822726e-02;6.744052e-02;1.093134e-01;6.171591e-02;1.776858e-01;2.716630e-01;8.104689e-02;1.218554e-02;4.825932e-03
1.183808e-02;4.266010e-02;6.703360e-02;1.018052e-01;4.268226e-02;9.770301e-02;4.276461e-02;1.879833e-01;2.893066e-01;9.000912e-02;1.529841e-02;1.091573e-02
1.510927e-02;7.634407e-02;1.055340e-01;7.049872e-02;4.588373e-02;1.106694e-01;8.421523e-02;1.572208e-01;1.932032e-01;8.661793e-02;3.319510e-02;2.150855e-02
2.926777e-02;9.633683e-02;1.285279e-01;4.845568e-02;4.048452e-02;1.388994e-01;8.547223e-02;1.571958e-01;1.110397e-01;8.678145e-02;4.573376e-02;3.180495e-02
4.269291e-02;1.091765e-01;1.286714e-01;4.455098e-02;3.617036e-02;1.403770e-01;9.291112e-02;1.633273e-01;7.803928e-02;8.670272e-02;4.181224e-02;3.556826e-02
5.697557e-02;1.187151e-01;1.222958e-01;4.663693e-02;4.043045e-02;1.304688e-01;9.031068e-02;1.898655e-01;6.599255e-02;8.113863e-02;2.572036e-02;3.144965e-02
5.208422e-02;8.483395e-02;1.046644e-01;3.479686e-02;3.562722e-02;8.872151e-02;5.976476e-02;2.719682e-01;1.919359e-01;4.477179e-02;1.589363e-02;1.493760e-02
3.393973e-02;6.943655e-02;7.351585e-02;3.997003e-02;1.761010e-02;6.249631e-02;5.759078e-02;3.142328e-01;2.690714e-01;3.875499e-02;1.307815e-02;1.030330e-02
2.984002e-02;8.117061e-02;5.737370e-02;3.531146e-02;1.465035e-02;4.290840e-02;3.580170e-02;3.542086e-01;2.802348e-01;3.661558e-02;1.104904e-02;2.083573e-02
2.843271e-02;8.690441e-02;6.630158e-02;2.439911e-02;8.541706e-03;7.190331e-02;4.594684e-02;3.952460e-01;2.059478e-01;3.560746e-02;1.475858e-02;1.601051e-02
3.736514e-02;1.079941e-01;9.096030e-02;1.645772e-02;1.053259e-02;1.376884e-01;6.612533e-02;3.196166e-01;1.021626e-01;3.421844e-02;4.028104e-02;3.659767e-02
4.437795e-02;1.060581e-01;1.011316e-01;2.104100e-02;8.258485e-03;1.511006e-01;6.611248e-02;2.290114e-01;1.296695e-01;4.920916e-02;4.253469e-02;5.149503e-02
3.698807e-02;1.236577e-01;1.210200e-01;2.937271e-02;1.914988e-02;1.624130e-01;7.680482e-02;1.759346e-01;1.322634e-01;5.137826e-02;4.200656e-02;2.901104e-02
3.146299e-02;1.061183e-01;1.299908e-01;2.574426e-02;2.284023e-02;1.424237e-01;6.019555e-02;2.289461e-01;1.559051e-01;4.870025e-02;3.350539e-02;1.416739e-02
2.436872e-02;1.162339e-01;1.067536e-01;3.452697e-02;2.391539e-02;1.062985e-01;6.319456e-02;2.775533e-01;1.425279e-01;6.888647e-02;1.917516e-02;1.656551e-02
6.272793e-02;8.711620e-02;6.505485e-02;3.279369e-02;2.776269e-02;7.514613e-02;1.237556e-01;2.496878e-01;1.733427e-01;5.825242e-02;2.869210e-02;1.566801e-02
6.072210e-02;6.882561e-02;1.034731e-01;2.811519e-02;2.684053e-02;1.066949e-01;1.274011e-01;2.166198e-01;1.572523e-01;5.267708e-02;3.409595e-02;1.728251e-02
4.835842e-02;9.481288e-02;8.631054e-02;4.021569e-02;2.950964e-02;1.418836e-01;9.218264e-02;2.062127e-01;1.212578e-01;7.845184e-02;3.129102e-02;2.951330e-02
4.142417e-02;6.617171e-02;5.120213e-02;4.223983e-02;2.825871e-02;1.590457e-01;8.133520e-02;2.491444e-01;1.465274e-01;8.128115e-02;3.112506e-02;2.224446e-02
2.182079e-02;6.067893e-02;4.487358e-02;3.842440e-02;3.241931e-02;1.813105e-01;7.833282e-02;2.347271e-01;1.601033e-01;8.010690e-02;3.869745e-02;2.850488e-02
4.016098e-02;9.084954e-02;5.517164e-02;4.328719e-02;3.520710e-02;1.699986e-01;6.752213e-02;2.237582e-01;1.378601e-01;7.143717e-02;4.120378e-02;2.354352e-02
3.970447e-02;6.386924e-02;3.416027e-02;4.363390e-02;3.848828e-02;7.615201e-02;7.784477e-02;2.498995e-01;2.714567e-01;5.470318e-02;2.195524e-02;2.813236e-02
6.077490e-02;6.271439e-02;3.290176e-02;3.899785e-02;4.494170e-02;4.863632e-02;1.623738e-01;2.124735e-01;2.495232e-01;3.157880e-02;2.526555e-02;2.981826e-02
8.108408e-02;9.845085e-02;8.204617e-02;3.607112e-02;3.991268e-02;7.126424e-02;2.076305e-01;1.626715e-01;1.270480e-01;4.408297e-02;2.729354e-02;2.244435e-02
7.598443e-02;1.359268e-01;1.549454e-01;6.478294e-02;4.881461e-02;8.937696e-02;1.217772e-01;1.052420e-01;6.124738e-02;4.595871e-02;3.912489e-02;5.681869e-02
7.294170e-02;1.205894e-01;2.142943e-01;7.806635e-02;3.121129e-02;8.073338e-02;7.311779e-02;1.161951e-01;5.968085e-02;3.615638e-02;3.382184e-02;8.319164e-02
6.633089e-02;1.150232e-01;2.437275e-01;8.712410e-02;3.722144e-02;6.113124e-02;7.447049e-02;1.215325e-01;5.521625e-02;2.961191e-02;3.202775e-02;7.658267e-02
9.803609e-02;1.032730e-01;2.418822e-01;9.119038e-02;5.548435e-02;3.492916e-02;1.019138e-01;1.145220e-01;4.248686e-02;2.303499e-02;4.832019e-02;4.492700e-02
1.121264e-01;1.226820e-01;1.853197e-01;6.491996e-02;7.713562e-02;5.204310e-02;1.370588e-01;1.297981e-01;3.052840e-02;9.587726e-03;6.805737e-02;1.074275e-02
7.982229e-02;1.569399e-01;8.581822e-02;2.954813e-02;8.060894e-02;7.600544e-02;2.173761e-01;1.330255e-01;3.916295e-02;1.098901e-02;8.018318e-02;1.052037e-02
5.114191e-02;1.789480e-01;5.047432e-02;1.041509e-02;6.464515e-02;9.706289e-02;2.908223e-01;1.238300e-01;3.649022e-02;1.415902e-02;7.481261e-02;7.198491e-03
2.593547e-02;1.719178e-01;4.627588e-02;1.171556e-02;7.502365e-02;1.140372e-01;3.155677e-01;1.111380e-01;3.370973e-02;1.202100e-02;7.077897e-02;1.187910e-02
4.404281e-02;1.379860e-01;5.768754e-02;5.256743e-02;9.382667e-02;8.786182e-02;2.848910e-01;1.175348e-01;2.965995e-02;1.454634e-02;6.281269e-02;1.658294e-02
7.278146e-02;1.068304e-01;1.241272e-01;9.720267e-02;7.662173e-02;4.988638e-02;1.960637e-01;1.634420e-01;2.791817e-02;2.164441e-02;4.442105e-02;1.906073e-02
5.475805e-02;9.922606e-02;2.396099e-01;7.484266e-02;3.716946e-02;3.635706e-02;1.189711e-01;2.098455e-01;3.796825e-02;3.446889e-02;1.741454e-02;3.936864e-02
2.308648e-02;1.136333e-01;2.926613e-01;4.215262e-02;3.108516e-02;5.814603e-02;9.702961e-02;1.872491e-01;4.924854e-02;3.747198e-02;1.130496e-02;5.693094e-02
2.192787e-02;1.615327e-01;2.830828e-01;5.938700e-02;5.363787e-02;6.419402e-02;7.509643e-02;1.330430e-01;5.944607e-02;2.236165e-02;1.093049e-02;5.536016e-02
2.923539e-02;1.865985e-01;2.396962e-01;8.065500e-02;6.730375e-02;6.154242e-02;5.255364e-02;1.351321e-01;6.856525e-02;2.052280e-02;1.427066e-02;4.392427e-02
3.109873e-02;1.638144e-01;1.717222e-01;8.115647e-02;6.320889e-02;8.479340e-02;5.629994e-02;1.820199e-01;8.039814e-02;2.408589e-02;1.255342e-02;4.884871e-02
4.383756e-02;1.701581e-01;6.507375e-02;7.947917e-02;7.892234e-02;1.231495e-01;8.059847e-02;1.983536e-01;7.176778e-02;2.694260e-02;1.122897e-02;5.048810e-02
2.104641e-02;1.243219e-01;2.001876e-01;6.779579e-02;1.069820e-01;6.912718e-02;1.090325e-01;1.582854e-01;6.422604e-02;1.971633e-02;1.764488e-02;4.163390e-02
1.354451e-02;1.159700e-01;2.384064e-01;7.522495e-02;1.092916e-01;3.692409e-02;1.206383e-01;1.273109e-01;7.280834e-02;1.746422e-02;2.826705e-02;4.414965e-02
2.321122e-02;1.467053e-01;2.472285e-01;4.581420e-02;7.795598e-02;6.433779e-02;7.468466e-02;1.592065e-01;7.699814e-02;3.335246e-02;2.240297e-02;2.810221e-02
2.702304e-02;1.485750e-01;2.428016e-01;3.161512e-02;6.207718e-02;6.431603e-02;5.222976e-02;1.393419e-01;1.115566e-01;9.968740e-02;8.699797e-03;1.207657e-02
1.536124e-02;1.276347e-01;1.872352e-01;2.592968e-02;3.545763e-02;6.300209e-02;1.259233e-01;1.341025e-01;8.770803e-02;1.769929e-01;8.010433e-03;1.264231e-02
1.673462e-02;1.264645e-01;1.332295e-01;2.803668e-02;5.119105e-02;4.937934e-02;1.716610e-01;1.414494e-01;6.992490e-02;1.911682e-01;8.644439e-03;1.211635e-02
1.506704e-02;9.476368e-02;6.719551e-02;3.073837e-02;1.023087e-01;6.343047e-02;1.743662e-01;2.161997e-01;8.087439e-02;1.334169e-01;9.564864e-03;1.207419e-02
6.262608e-03;6.253684e-02;8.619108e-02;2.554060e-02;8.021644e-02;1.277104e-01;2.051746e-01;1.980955e-01;5.278681e-02;1.411943e-01;6.754195e-03;7.536628e-03
4.375478e-03;7.344066e-02;1.415654e-01;2.580269e-02;5.158765e-02;1.852935e-01;1.959730e-01;1.151226e-01;6.408413e-02;1.295869e-01;6.116960e-03;7.050955e-03
7.520138e-03;9.994412e-02;1.668184e-01;3.027054e-02;9.508228e-02;1.826373e-01;1.148861e-01;1.190562e-01;8.858571e-02;8.223260e-02;4.896117e-03;8.070461e-03
1.299097e-02;1.128877e-01;1.499394e-01;3.867828e-02;1.039243e-01;1.274520e-01;1.597228e-01;1.186791e-01;1.121414e-01;4.329910e-02;1.032090e-02;9.964042e-03
1.752365e-02;1.127546e-01;1.299789e-01;6.250577e-02;1.019409e-01;1.146152e-01;1.281316e-01;1.242351e-01;1.400194e-01;3.948391e-02;1.564293e-02;1.316789e-02
1.524805e-02;8.634751e-02;1.003904e-01;8.834581e-02;9.454658e-02;1.098086e-01;1.026449e-01;1.830124e-01;1.649319e-01;3.078180e-02;1.316819e-02;1.077396e-02
1.412246e-02;6.767048e-02;7.664591e-02;1.176321e-01;5.108188e-02;8.202910e-02;1.057164e-01;2.179005e-01;2.220722e-01;2.435989e-02;1.169630e-02;9.072782e-03
1.823548e-02;4.403551e-02;9.093920e-02;1.144227e-01;4.970979e-02;7.068621e-02;9.379404e-02;2.237550e-01;2.452860e-01;2.385000e-02;1.072648e-02;1.455951e-02
1.567441e-02;3.108032e-02;6.288612e-02;7.363567e-02;9.165093e-02;6.794347e-02;7.462642e-02;2.990009e-01;2.242874e-01;1.936308e-02;1.014042e-02;2.971091e-02
8.009216e-03;3.247136e-02;8.220051e-02;2.975627e-02;8.736727e-02;1.186949e-01;8.236068e-02;3.320853e-01;1.565553e-01;1.924079e-02;1.308737e-02;3.817093e-02
7.377450e-03;3.223218e-02;1.117083e-01;5.378292e-02;5.829693e-02;1.546867e-01;7.049771e-02;3.132566e-01;1.110577e-01;3.412285e-02;1.732258e-02;3.565805e-02
9.391935e-03;4.932756e-02;1.483568e-01;6.863264e-02;6.031996e-02;1.265023e-01;9.079231e-02;2.662452e-01;8.755764e-02;3.747193e-02;2.034826e-02;3.505347e-02
6.410666e-03;7.820208e-02;2.089162e-01;6.593519e-02;6.706045e-02;7.488666e-02;8.375977e-02;2.781695e-01;5.467525e-02;2.765273e-02;2.114549e-02;3.318610e-02
1.893896e-03;1.098887e-01;2.517473e-01;5.028990e-02;8.594029e-02;3.680180e-02;8.417311e-02;2.837995e-01;2.966769e-02;1.891820e-02;2.376194e-02;2.311770e-02
4.462392e-03;1.493367e-01;2.254882e-01;2.575804e-02;1.331879e-01;3.558667e-02;8.252377e-02;2.405722e-01;3.435257e-02;1.091961e-02;4.277189e-02;1.504011e-02
6.254284e-03;1.899723e-01;1.820031e-01;1.892752e-02;1.716811e-01;3.299154e-02;9.307854e-02;1.890649e-01;3.820792e-02;5.376911e-03;6.183476e-02;1.060712e-02
9.579087e-03;2.039110e-01;1.481637e-01;1.348402e-02;1.698540e-01;5.771691e-02;1.309768e-01;1.450260e-01;4.130556e-02;5.593050e-03;6.727169e-02;7.118085e-03
1.545746e-02;2.099835e-01;1.053852e-01;2.183466e-02;1.349317e-01;1.021269e-01;1.859245e-01;9.964702e-02;4.771280e-02;8.903047e-03;6.115052e-02;6.942641e-03
2.166628e-02;1.747465e-01;8.008540e-02;5.330450e-02;1.053906e-01;1.578802e-01;1.869309e-01;1.081188e-01;4.477132e-02;2.086705e-02;3.629792e-02;9.940575e-03
2.555376e-02;9.727614e-02;9.918485e-02;7.123319e-02;1.051531e-01;1.961904e-01;1.135256e-01;1.656988e-01;6.037138e-02;3.008062e-02;2.463833e-02;1.109393e-02
2.078029e-02;1.269260e-01;1.390541e-01;5.377299e-02;5.929141e-02;1.820195e-01;1.144362e-01;1.764785e-01;7.205047e-02;2.506811e-02;2.315287e-02;6.969573e-03
1.453254e-02;9.140854e-02;1.767994e-01;3.138475e-02;4.510611e-02;1.453763e-01;1.677371e-01;2.270860e-01;7.124849e-02;8.236112e-03;1.583154e-02;5.253107e-03
9.468472e-03;8.755339e-02;1.450244e-01;5.880733e-02;8.033564e-02;1.190772e-01;1.356569e-01;2.395236e-01;5.073220e-02;1.718068e-02;4.246454e-02;1.417567e-02
2.657445e-02;1.272285e-01;1.188740e-01;7.126278e-02;1.081379e-01;6.335980e-02;7.257655e-02;2.271467e-01;4.715170e-02;4.334539e-02;5.092658e-02;4.341553e-02
2.103421e-02;1.159512e-01;1.942356e-01;5.853936e-02;6.951892e-02;6.266046e-02;4.887243e-02;2.065929e-01;5.193339e-02;5.558570e-02;2.380246e-02;9.127332e-02
1.774002e-02;1.384687e-01;2.550221e-01;4.404423e-02;3.304815e-02;5.837585e-02;6.385326e-02;1.830913e-01;4.506719e-02;4.568323e-02;7.016619e-03;1.085894e-01
1.147172e-02;1.725455e-01;3.079459e-01;4.055529e-02;2.022595e-02;4.302370e-02;7.943098e-02;1.614130e-01;3.987073e-02;3.250958e-02;5.421829e-03;8.558589e-02
5.516461e-03;1.562710e-01;3.677376e-01;4.543160e-02;1.522897e-02;3.382993e-02;1.027793e-01;1.520978e-01;4.105468e-02;2.278516e-02;6.739182e-03;5.052838e-02
5.668158e-03;9.813369e-02;4.137483e-01;2.486452e-02;8.192534e-03;4.484014e-02;1.274227e-01;1.682701e-01;4.935164e-02;1.886646e-02;4.755332e-03;3.588644e-02
7.555968e-03;6.190463e-02;3.773892e-01;2.499382e-02;1.023014e-02;5.783280e-02;1.491892e-01;1.946016e-01;5.746998e-02;1.854753e-02;1.470144e-03;3.881507e-02
3.235966e-03;5.467348e-02;3.282564e-01;2.697276e-02;1.874775e-02;7.511950e-02;1.626723e-01;2.125521e-01;5.990069e-02;1.698491e-02;3.859824e-03;3.702436e-02
3.989879e-03;5.783096e-02;3.118409e-01;4.029270e-02;2.742761e-02;8.782884e-02;1.473156e-01;2.125600e-01;6.341551e-02;1.307795e-02;2.711925e-03;3.170810e-02
1.252785e-02;7.126713e-02;2.788127e-01;4.287703e-02;4.814926e-02;1.154842e-01;1.073358e-01;2.178005e-01;6.322039e-02;9.063807e-03;7.429067e-03;2.603234e-02
2.012681e-02;8.842464e-02;2.018277e-01;5.369609e-02;4.642218e-02;1.227799e-01;7.045191e-02;2.728678e-01;6.957082e-02;1.910962e-02;1.196880e-02;2.275367e-02
1.706340e-02;9.741719e-02;1.029620e-01;4.633227e-02;4.239489e-02;1.155500e-01;7.288842e-02;3.225638e-01;1.171030e-01;2.763988e-02;8.139015e-03;2.994613e-02
9.268946e-03;1.003013e-01;2.003776e-01;3.291525e-02;3.832124e-02;1.435925e-01;9.831278e-02;2.233946e-01;9.986666e-02;2.561564e-02;5.020664e-03;2.301269e-02
1.271523e-02;1.322998e-01;2.423315e-01;3.188758e-02;4.783828e-02;1.334858e-01;9.478460e-02;1.968805e-01;6.093085e-02;1.968277e-02;1.579484e-02;1.136821e-02
