8.877883e-02;7.584943e-02;1.140189e-01;6.914008e-02;3.865346e-02;6.817598e-02;1.002080e-01;8.947028e-02;1.223246e-01;6.393829e-02;5.706387e-02;1.123783e-01
8.185015e-02;1.010041e-01;1.167372e-01;7.528287e-02;3.332278e-02;6.497890e-02;1.432878e-01;9.413615e-02;1.045006e-01;6.480705e-02;2.794878e-02;9.214357e-02
6.813792e-02;9.310148e-02;1.372650e-01;4.589668e-02;8.593521e-02;5.294184e-02;1.626573e-01;5.849057e-02;9.821816e-02;9.677116e-02;4.427411e-02;5.631060e-02
6.576462e-02;8.596179e-02;1.318344e-01;5.150711e-02;8.679307e-02;5.226577e-02;1.211212e-01;5.765789e-02;1.190106e-01;1.149253e-01;5.749325e-02;5.566505e-02
8.998254e-02;8.481991e-02;1.193245e-01;5.281693e-02;8.618229e-02;4.421376e-02;9.284887e-02;4.408820e-02;1.311736e-01;9.097387e-02;9.574103e-02;6.783449e-02
8.721133e-02;8.107496e-02;1.160529e-01;5.707907e-02;1.056302e-01;5.262827e-02;7.153702e-02;9.084290e-02;1.002258e-01;5.404553e-02;1.283740e-01;5.529789e-02
8.595780e-02;5.001748e-02;1.011539e-01;6.002546e-02;8.270558e-02;7.259738e-02;1.242648e-01;9.745111e-02;1.017935e-01;5.233244e-02;8.267305e-02;8.902745e-02
7.905941e-02;5.749513e-02;7.237934e-02;2.997575e-02;9.194092e-02;6.465331e-02;1.212256e-01;9.587536e-02;1.424030e-01;8.271164e-02;7.531929e-02;8.696125e-02
6.861305e-02;6.256819e-02;9.422487e-02;5.603229e-02;5.805144e-02;6.175198e-02;8.879090e-02;6.390392e-02;1.327107e-01;9.455619e-02;1.123941e-01;1.064024e-01
6.114171e-02;5.439257e-02;8.339792e-02;9.464154e-02;8.015063e-02;6.695563e-02;5.668844e-02;4.122303e-02;1.080139e-01;1.056791e-01;1.215950e-01;1.261205e-01
5.347673e-02;5.632702e-02;9.097536e-02;1.006756e-01;9.989128e-02;7.361437e-02;4.857260e-02;4.534943e-02;1.035861e-01;9.173409e-02;1.223612e-01;1.134362e-01
6.245869e-02;5.744784e-02;1.560846e-01;8.785844e-02;1.182606e-01;6.515154e-02;6.992789e-02;6.435812e-02;9.801868e-02;5.326099e-02;9.546940e-02;7.170326e-02
6.777544e-02;9.360379e-02;2.752352e-01;4.992292e-02;9.441246e-02;5.261521e-02;7.492279e-02;3.989929e-02;1.179421e-01;5.345044e-02;4.071944e-02;3.950097e-02
9.832340e-02;1.114545e-01;3.025443e-01;3.363129e-02;7.559428e-02;5.007370e-02;4.340272e-02;4.126406e-02;1.361848e-01;4.156058e-02;3.672727e-02;2.923915e-02
2.084662e-01;9.746171e-02;2.190176e-01;2.341218e-02;6.024902e-02;2.708352e-02;2.885572e-02;8.098393e-02;1.205550e-01;3.011882e-02;6.959444e-02;3.420181e-02
2.565162e-01;7.483261e-02;2.007984e-01;2.206883e-02;5.287395e-02;1.685409e-02;5.734918e-02;1.065468e-01;6.576213e-02;2.266706e-02;7.917619e-02;4.455460e-02
2.046579e-01;6.172320e-02;2.500526e-01;3.260587e-02;5.613382e-02;3.884856e-02;8.150604e-02;9.160790e-02;2.296379e-02;3.794963e-02;7.981598e-02;4.213469e-02
1.573624e-01;5.823789e-02;2.503682e-01;3.763421e-02;5.798033e-02;5.012710e-02;8.956470e-02;6.093668e-02;5.765713e-02;6.220379e-02;8.044249e-02;3.748516e-02
1.724796e-01;5.163958e-02;1.788227e-01;3.452444e-02;6.828372e-02;4.928230e-02;1.023324e-01;3.657612e-02;1.056679e-01;7.710916e-02;7.786220e-02;4.541985e-02
1.686871e-01;9.292302e-02;1.062334e-01;4.476780e-02;8.799365e-02;3.547732e-02;1.068262e-01;9.340692e-02;6.115117e-02;6.226411e-02;9.800291e-02;4.226641e-02
1.054790e-01;6.607939e-02;1.257265e-01;4.632553e-02;8.580420e-02;7.606971e-02;1.321229e-01;7.015412e-02;1.429057e-01;4.376901e-02;7.923403e-02;2.632985e-02
1.054410e-01;6.240858e-02;1.403791e-01;5.520155e-02;9.527288e-02;6.564242e-02;1.194406e-01;5.896480e-02;1.350049e-01;6.670696e-02;6.027660e-02;3.526063e-02
1.152816e-01;8.440185e-02;1.353887e-01;4.644065e-02;7.084594e-02;6.007202e-02;1.275747e-01;7.513112e-02;6.986982e-02;6.368605e-02;7.696350e-02;7.434410e-02
9.351844e-02;8.750442e-02;1.315216e-01;7.072251e-02;4.831346e-02;4.688957e-02;7.025778e-02;3.442635e-02;1.171182e-01;1.010225e-01;8.992388e-02;1.087812e-01
9.472936e-02;8.312990e-02;1.297986e-01;7.272454e-02;4.526190e-02;4.102512e-02;5.745202e-02;5.886282e-02;1.133249e-01;1.098322e-01;8.931568e-02;1.045430e-01
9.284300e-02;8.483258e-02;1.021510e-01;6.674014e-02;4.344437e-02;3.934959e-02;8.575400e-02;8.317942e-02;1.269813e-01;1.048236e-01;8.563069e-02;8.427031e-02
9.697641e-02;9.408188e-02;4.237930e-02;5.261163e-02;5.829135e-02;4.998929e-02;1.049726e-01;1.267055e-01;1.696423e-01;6.965421e-02;8.184980e-02;5.284572e-02
1.435064e-01;7.678793e-02;2.632598e-02;4.268174e-02;6.638829e-02;8.136532e-02;1.143817e-01;1.290299e-01;1.480609e-01;3.275883e-02;8.752659e-02;5.118643e-02
1.021562e-01;4.266825e-02;1.890397e-01;5.358113e-02;6.029847e-02;7.116237e-02;1.024277e-01;6.375077e-02;6.837420e-02;7.401976e-02;9.021119e-02;8.231022e-02
7.133947e-02;6.507630e-02;2.378978e-01;5.971061e-02;5.645000e-02;3.019486e-02;1.123190e-01;5.872801e-02;9.293454e-02;8.255800e-02;7.001938e-02;6.277202e-02
1.190627e-01;7.391700e-02;1.907582e-01;4.860516e-02;5.949987e-02;2.531797e-02;7.919733e-02;1.074515e-01;1.310502e-01;6.145604e-02;5.604780e-02;4.763617e-02
1.726138e-01;5.507330e-02;1.156485e-01;3.275393e-02;6.375400e-02;3.157823e-02;7.113590e-02;1.804585e-01;1.260030e-01;3.739405e-02;5.459507e-02;5.899172e-02
2.022045e-01;2.910842e-02;4.612134e-02;3.622936e-02;5.220552e-02;3.617327e-02;1.254342e-01;2.397350e-01;7.381236e-02;3.677815e-02;3.939887e-02;8.279902e-02
2.150951e-01;2.835427e-02;2.721334e-02;4.227577e-02;2.968971e-02;3.684867e-02;1.741937e-01;2.585810e-01;4.529339e-02;4.740696e-02;1.868844e-02;7.635973e-02
2.444465e-01;2.158384e-02;3.358566e-02;3.798084e-02;5.072401e-02;2.586236e-02;1.558514e-01;3.006054e-01;2.496546e-02;3.247408e-02;1.700864e-02;5.491172e-02
2.409267e-01;2.919900e-02;4.592052e-02;2.239027e-02;5.810692e-02;1.420247e-02;1.646343e-01;3.234443e-01;1.290183e-02;2.140385e-02;2.054447e-02;4.632533e-02
2.041501e-01;3.767568e-02;6.013561e-02;1.061674e-02;4.281040e-02;1.281572e-02;2.156827e-01;3.062053e-01;2.255986e-02;2.109976e-02;2.143903e-02;4.480909e-02
1.732904e-01;3.983434e-02;7.939868e-02;1.162335e-02;2.296739e-02;1.850872e-02;2.730267e-01;2.736600e-01;2.316350e-02;2.007996e-02;2.432889e-02;4.011802e-02
1.368959e-01;3.498480e-02;9.496769e-02;1.630669e-02;1.450098e-02;3.472710e-02;2.788444e-01;2.162798e-01;4.884799e-02;2.924261e-02;4.300026e-02;5.140178e-02
9.844211e-02;2.074558e-02;9.405322e-02;2.317539e-02;2.987629e-02;5.713843e-02;2.478517e-01;1.608676e-01;6.087049e-02;6.267186e-02;8.626269e-02;5.804467e-02
6.285526e-02;4.301600e-02;6.828799e-02;2.377505e-02;4.897264e-02;3.547670e-02;2.352475e-01;1.325985e-01;6.199405e-02;9.685969e-02;1.261974e-01;6.471930e-02
7.226385e-02;4.267003e-02;6.375969e-02;3.707012e-02;3.287833e-02;2.350739e-02;2.065214e-01;1.597501e-01;1.017768e-01;9.850726e-02;9.439211e-02;6.690289e-02
8.759376e-02;4.291102e-02;7.042864e-02;5.774093e-02;4.285028e-02;4.654944e-02;1.892343e-01;1.459461e-01;7.436497e-02;7.800261e-02;7.074157e-02;9.363642e-02
1.198573e-01;5.220005e-02;6.925723e-02;4.702932e-02;6.706090e-02;5.208298e-02;1.732569e-01;7.256526e-02;7.194239e-02;7.531303e-02;8.151884e-02;1.179158e-01
1.253498e-01;5.952363e-02;1.618512e-01;4.668488e-02;7.520498e-02;4.855463e-02;1.033705e-01;8.551249e-02;1.223078e-01;4.902461e-02;6.039144e-02;6.222404e-02
9.994733e-02;8.382788e-02;3.399465e-01;6.347904e-02;6.297316e-02;4.010947e-02;9.623785e-02;3.499943e-02;7.950264e-02;4.368616e-02;2.966313e-02;2.562743e-02
1.099905e-01;9.283377e-02;3.187769e-01;6.144364e-02;4.840476e-02;4.376237e-02;9.831791e-02;5.778060e-02;5.265819e-02;4.693570e-02;3.787609e-02;3.121954e-02
1.717584e-01;8.267821e-02;2.233627e-01;5.761528e-02;5.053561e-02;5.687961e-02;8.356831e-02;1.344414e-01;2.163483e-02;4.841680e-02;4.218876e-02;2.692009e-02
2.022780e-01;5.463811e-02;1.112995e-01;3.585533e-02;4.359936e-02;4.593959e-02;8.569540e-02;2.344906e-01;6.134596e-02;4.011782e-02;4.446722e-02;4.027312e-02
1.737777e-01;3.328084e-02;7.959455e-02;1.701806e-02;2.654235e-02;1.716170e-02;2.058301e-01;2.572890e-01;6.105316e-02;3.248426e-02;5.004574e-02;4.592260e-02
1.455915e-01;3.385725e-02;7.420357e-02;2.192247e-02;2.394145e-02;3.652513e-02;2.706406e-01;2.053002e-01;3.878054e-02;4.867767e-02;5.876645e-02;4.179315e-02
1.023597e-01;4.646580e-02;1.507785e-01;3.698257e-02;4.586835e-02;5.010488e-02;2.171897e-01;1.361757e-01;3.300543e-02;6.500565e-02;7.957453e-02;3.648923e-02
1.010468e-01;4.817271e-02;1.393473e-01;3.910895e-02;4.936537e-02;4.924727e-02;1.264525e-01;1.239492e-01;7.616767e-02;7.274960e-02;9.826629e-02;7.612634e-02
9.186995e-02;4.426276e-02;1.037873e-01;6.038017e-02;3.669286e-02;4.565245e-02;1.127772e-01;1.352577e-01;1.080447e-01;7.870393e-02;9.069502e-02;9.187609e-02
6.623358e-02;4.231647e-02;1.118532e-01;5.932575e-02;4.528249e-02;6.129355e-02;1.676365e-01;1.341053e-01;1.056025e-01;8.895473e-02;6.356809e-02;5.382785e-02
9.667166e-02;3.880719e-02;1.397948e-01;4.899617e-02;4.462598e-02;8.275605e-02;1.944081e-01;8.701762e-02;4.847040e-02;9.374294e-02;7.220940e-02;5.249967e-02
1.369470e-01;4.774617e-02;1.487917e-01;4.833028e-02;5.123463e-02;9.215235e-02;1.589356e-01;8.985397e-02;4.725103e-02;5.413751e-02;5.141990e-02;7.319985e-02
1.362025e-01;6.981421e-02;1.232999e-01;6.587483e-02;6.047418e-02;6.867941e-02;1.132277e-01;1.414388e-01;2.392946e-02;8.150981e-02;4.804556e-02;6.750362e-02
9.970409e-02;5.419284e-02;1.267209e-01;4.457694e-02;5.853300e-02;5.457148e-02;1.212652e-01;1.464499e-01;5.993539e-02;7.621595e-02;6.373493e-02;9.409938e-02
7.928520e-02;3.374862e-02;1.704489e-01;6.501346e-02;5.593433e-02;7.156907e-02;1.504156e-01;1.054575e-01;6.052635e-02;6.034737e-02;6.182422e-02;8.542937e-02
8.135477e-02;5.240245e-02;1.569223e-01;8.426207e-02;5.588889e-02;9.186869e-02;1.529087e-01;8.312649e-02;5.046056e-02;6.826605e-02;5.720020e-02;6.533878e-02
8.022054e-02;7.633538e-02;8.819157e-02;6.540110e-02;4.667521e-02;8.900632e-02;1.136289e-01;8.140524e-02;6.580759e-02;6.908915e-02;1.137367e-01;1.105022e-01
7.904834e-02;5.117012e-02;7.357415e-02;5.678724e-02;6.805898e-02;6.700834e-02;1.181961e-01;1.109909e-01;6.322690e-02;6.847391e-02;1.656168e-01;7.784815e-02
1.116955e-01;4.757874e-02;9.091649e-02;5.178020e-02;6.950467e-02;6.004987e-02;1.013590e-01;1.031646e-01;3.834887e-02;1.094995e-01;1.509043e-01;6.519836e-02
1.048115e-01;5.410697e-02;1.054777e-01;4.012406e-02;4.396144e-02;4.996130e-02;8.372392e-02;1.136936e-01;4.114280e-02;1.480544e-01;1.495024e-01;6.543988e-02
8.701647e-02;4.388939e-02;1.165977e-01;3.847987e-02;3.023463e-02;4.369853e-02;1.165617e-01;8.017457e-02;4.712440e-02;1.747589e-01;1.150521e-01;1.064116e-01
8.972013e-02;6.463838e-02;1.181155e-01;4.082218e-02;6.163128e-02;3.960460e-02;1.486461e-01;3.484558e-02;5.724356e-02;1.676632e-01;6.730333e-02;1.097662e-01
9.697187e-02;8.365407e-02;1.101354e-01;3.505861e-02;7.411675e-02;5.774891e-02;1.467291e-01;6.349514e-02;9.797920e-02;9.577575e-02;6.927191e-02;6.906325e-02
8.406093e-02;6.411778e-02;1.717803e-01;4.306126e-02;5.469225e-02;4.298052e-02;1.550908e-01;6.880268e-02;9.022737e-02;7.768182e-02;7.067014e-02;7.683410e-02
8.760098e-02;1.017421e-01;2.322223e-01;5.575188e-02;7.679278e-02;6.053870e-02;9.500227e-02;2.766392e-02;6.340325e-02;6.529944e-02;5.192470e-02;8.205771e-02
7.710002e-02;8.677788e-02;3.285523e-01;6.667941e-02;5.788335e-02;3.387142e-02;9.908427e-02;7.216758e-02;5.989366e-02;5.136639e-02;4.150968e-02;2.511398e-02
1.045587e-01;7.617135e-02;2.708834e-01;6.424381e-02;5.089178e-02;3.739463e-02;1.111852e-01;9.285021e-02;6.784379e-02;4.562378e-02;3.790534e-02;4.044814e-02
1.124791e-01;5.550575e-02;1.910265e-01;5.864060e-02;4.031074e-02;4.638240e-02;1.812091e-01;1.167860e-01;5.768769e-02;4.054501e-02;3.593465e-02;6.349238e-02
9.571090e-02;3.173974e-02;1.029613e-01;4.236107e-02;3.464118e-02;4.047000e-02;3.096119e-01;1.342593e-01;4.549699e-02;3.420531e-02;3.669017e-02;9.185208e-02
3.250017e-02;4.402908e-02;8.597888e-02;3.822428e-02;3.700056e-02;5.432968e-02;3.838345e-01;7.950866e-02;5.575659e-02;2.811807e-02;5.841995e-02;1.022995e-01
3.140770e-02;2.390881e-02;7.399306e-02;8.711037e-02;3.913173e-02;8.018240e-02;3.820111e-01;3.082675e-02;4.824382e-02;2.499174e-02;6.259343e-02;1.155991e-01
3.959678e-02;2.340906e-02;4.762479e-02;1.397555e-01;3.158275e-02;7.322698e-02;3.870446e-01;2.420794e-02;2.021797e-02;2.766903e-02;4.521479e-02;1.404498e-01
6.503205e-02;2.330745e-02;3.646843e-02;1.655773e-01;1.467795e-02;4.396743e-02;3.478878e-01;7.609373e-02;1.931456e-02;3.782060e-02;3.042057e-02;1.394321e-01
7.669612e-02;2.306291e-02;3.093311e-02;1.710601e-01;1.630941e-02;2.035528e-02;3.373526e-01;1.108953e-01;1.016773e-02;5.223296e-02;2.287283e-02;1.280615e-01
8.074608e-02;1.106630e-02;4.380466e-02;1.433243e-01;2.019106e-02;1.632265e-02;3.247179e-01;1.557891e-01;2.911149e-02;5.379336e-02;2.711795e-02;9.401512e-02
9.223813e-02;1.909073e-02;4.463805e-02;1.104115e-01;2.225649e-02;2.798363e-02;2.929957e-01;1.957763e-01;4.046508e-02;5.138221e-02;2.676264e-02;7.599953e-02
1.263396e-01;2.738351e-02;2.820157e-02;8.828068e-02;3.832477e-02;3.077146e-02;2.469529e-01;2.246639e-01;3.844848e-02;4.982040e-02;2.681911e-02;7.399364e-02
1.850143e-01;3.757815e-02;6.357218e-02;5.567995e-02;6.144315e-02;2.122834e-02;1.277464e-01;2.795685e-01;5.178336e-02;3.190429e-02;2.959554e-02;5.488576e-02
2.061608e-01;7.489235e-02;9.071295e-02;2.956484e-02;6.488821e-02;1.500079e-02;4.772262e-02;2.787787e-01;7.200170e-02;3.420915e-02;4.921734e-02;3.685063e-02
1.476574e-01;1.210599e-01;1.206970e-01;1.383216e-02;3.661322e-02;1.822198e-02;6.143850e-02;2.031659e-01;1.641411e-01;3.167918e-02;4.673045e-02;3.476333e-02
8.286689e-02;1.701753e-01;1.949411e-01;1.506164e-02;1.318174e-02;3.143740e-02;3.578228e-02;1.017414e-01;2.826926e-01;1.749511e-02;2.532809e-02;2.929650e-02
4.655144e-02;1.752967e-01;2.865043e-01;2.028553e-02;7.465913e-03;3.364108e-02;2.312577e-02;2.589607e-02;2.875990e-01;2.908140e-02;1.462860e-02;4.992419e-02
6.015410e-02;1.407123e-01;3.340061e-01;2.741458e-02;1.691724e-02;3.330619e-02;3.287191e-02;2.206255e-02;2.174440e-01;3.630418e-02;1.796993e-02;6.083700e-02
8.718176e-02;1.170281e-01;3.230660e-01;2.977534e-02;2.894016e-02;3.124813e-02;5.767483e-02;2.869436e-02;1.748396e-01;4.967677e-02;2.167411e-02;5.020096e-02
7.731427e-02;8.927807e-02;2.039692e-01;4.488730e-02;4.496779e-02;3.280639e-02;1.010637e-01;6.656446e-02;1.450871e-01;9.442144e-02;5.576939e-02;4.387085e-02
4.636474e-02;7.599127e-02;2.623760e-01;4.734697e-02;4.997502e-02;3.370292e-02;1.029650e-01;6.176879e-02;1.205907e-01;9.779068e-02;5.408707e-02;4.704080e-02
5.070773e-02;8.467475e-02;3.750541e-01;2.739884e-02;5.478090e-02;3.525781e-02;1.013670e-01;5.393786e-02;9.423218e-02;6.381378e-02;2.968044e-02;2.909465e-02
6.306014e-02;6.672727e-02;3.651398e-01;3.957286e-02;5.947338e-02;4.100930e-02;1.229447e-01;6.780382e-02;7.395287e-02;5.210330e-02;2.566750e-02;2.254513e-02
6.938684e-02;4.558586e-02;2.919091e-01;3.724905e-02;6.783739e-02;4.040425e-02;1.297091e-01;8.154918e-02;8.537104e-02;7.832807e-02;4.377962e-02;2.889046e-02
6.616476e-02;6.589245e-02;2.159392e-01;6.936170e-02;6.816196e-02;2.474005e-02;1.484640e-01;8.133303e-02;5.383491e-02;1.028670e-01;6.322961e-02;4.001124e-02
7.440916e-02;6.105616e-02;1.674739e-01;6.875134e-02;4.998286e-02;4.400323e-02;1.382615e-01;9.442057e-02;1.077188e-01;8.569609e-02;6.006707e-02;4.815929e-02
8.671460e-02;4.621252e-02;1.297587e-01;5.013777e-02;4.597345e-02;5.840985e-02;1.637953e-01;1.054245e-01;1.437199e-01;5.413491e-02;7.485101e-02;4.086754e-02
8.321285e-02;4.394722e-02;1.484716e-01;3.542355e-02;6.184844e-02;5.398178e-02;1.475333e-01;9.462532e-02;1.250408e-01;7.210229e-02;8.929156e-02;4.452129e-02
4.716982e-02;7.291193e-02;1.462844e-01;3.875968e-02;7.349692e-02;3.623063e-02;1.675089e-01;1.055791e-01;8.136451e-02;1.048010e-01;7.465059e-02;5.124241e-02
6.655595e-02;8.024073e-02;1.296513e-01;3.903571e-02;6.401905e-02;5.980529e-02;1.725156e-01;7.117938e-02;9.326026e-02;1.166700e-01;5.026910e-02;5.679756e-02
8.558813e-02;8.505815e-02;1.426736e-01;5.692920e-02;7.178159e-02;5.342730e-02;1.103790e-01;4.629669e-02;1.388019e-01;1.072943e-01;6.436953e-02;3.740065e-02
7.602398e-02;7.623033e-02;1.635624e-01;8.093796e-02;5.181069e-02;7.254785e-02;1.188304e-01;5.095369e-02;1.461758e-01;8.614416e-02;4.737402e-02;2.940871e-02
7.531868e-02;7.359470e-02;1.123209e-01;6.563573e-02;7.049510e-02;7.356401e-02;1.121255e-01;7.507445e-02;1.288221e-01;1.063460e-01;5.689698e-02;4.980585e-02
8.707574e-02;7.354363e-02;1.032015e-01;5.094838e-02;7.880988e-02;6.763346e-02;1.258378e-01;8.661786e-02;1.037037e-01;9.356561e-02;8.293774e-02;4.612472e-02
1.153655e-01;8.193494e-02;1.452073e-01;5.239105e-02;7.533186e-02;6.417269e-02;1.367489e-01;7.374843e-02;6.741706e-02;6.981488e-02;8.788458e-02;2.998283e-02
1.076851e-01;7.831196e-02;1.424894e-01;5.966283e-02;6.432692e-02;6.033880e-02;1.188976e-01;7.525633e-02;1.042546e-01;8.140205e-02;6.640320e-02;4.097131e-02
9.140116e-02;6.992666e-02;1.073522e-01;5.498740e-02;6.515777e-02;5.590217e-02;9.867546e-02;8.037305e-02;1.552070e-01;1.144306e-01;6.030168e-02;4.628490e-02
3.722996e-02;5.593233e-02;7.170950e-02;4.790622e-02;8.630672e-02;4.007539e-02;1.201525e-01;1.450217e-01;1.219276e-01;1.722059e-01;4.961072e-02;5.192150e-02
5.588851e-02;4.811205e-02;7.824003e-02;4.781462e-02;8.788428e-02;5.977542e-02;1.119518e-01;9.723593e-02;1.028268e-01;2.062408e-01;6.575953e-02;3.827017e-02
7.566768e-02;4.180568e-02;9.843592e-02;4.121404e-02;8.060619e-02;6.670930e-02;1.078169e-01;6.108164e-02;1.291125e-01;1.645833e-01;8.345551e-02;4.951137e-02
8.598984e-02;5.386512e-02;1.202016e-01;3.652612e-02;7.158654e-02;6.494657e-02;1.317262e-01;4.954419e-02;1.253304e-01;1.266064e-01;8.403671e-02;4.964039e-02
7.748262e-02;6.066339e-02;1.036747e-01;4.346406e-02;7.002416e-02;7.673906e-02;1.304027e-01;7.847451e-02;1.077427e-01;1.520906e-01;6.137913e-02;3.786233e-02
9.085476e-02;8.046562e-02;1.009032e-01;5.958962e-02;7.920562e-02;6.901831e-02;1.241611e-01;7.553896e-02;1.164276e-01;1.268122e-01;5.098830e-02;2.603476e-02
8.181278e-02;6.713635e-02;9.408388e-02;5.478138e-02;8.792019e-02;6.737114e-02;1.303714e-01;8.490884e-02;1.428150e-01;7.056507e-02;7.684623e-02;4.138774e-02
7.914542e-02;4.028601e-02;1.256145e-01;4.616030e-02;7.533184e-02;5.840245e-02;9.612712e-02;1.212319e-01;1.494606e-01;8.654313e-02;6.530523e-02;5.639155e-02
7.158987e-02;4.352020e-02;1.343755e-01;7.579559e-02;7.037493e-02;7.146461e-02;9.779280e-02;1.065633e-01;1.161718e-01;1.249169e-01;3.640468e-02;5.102975e-02
6.585934e-02;5.030954e-02;1.358910e-01;8.203214e-02;7.427491e-02;9.534261e-02;1.156963e-01;6.387006e-02;1.031282e-01;1.307008e-01;4.344441e-02;3.945076e-02
3.966102e-02;6.382567e-02;1.193846e-01;7.400204e-02;6.817438e-02;6.718019e-02;1.567283e-01;4.523345e-02;1.183191e-01;1.589924e-01;5.093727e-02;3.756158e-02
5.015168e-02;8.021874e-02;1.220863e-01;8.033413e-02;6.238845e-02;6.468807e-02;1.441567e-01;6.065963e-02;1.017990e-01;1.437624e-01;5.182989e-02;3.792499e-02
6.933153e-02;9.871191e-02;1.292626e-01;7.238741e-02;6.836873e-02;8.252914e-02;1.115907e-01;5.817766e-02;1.095408e-01;9.853649e-02;4.633971e-02;5.522325e-02
9.993734e-02;9.485772e-02;6.937333e-02;8.134750e-02;6.381800e-02;7.751089e-02;8.002250e-02;9.045504e-02;1.309898e-01;9.728545e-02;4.442416e-02;6.997826e-02
8.644337e-02;6.342930e-02;9.324782e-02;6.440233e-02;6.082192e-02;6.795061e-02;1.245792e-01;1.031617e-01;1.095065e-01;1.058194e-01;7.656921e-02;4.406859e-02
6.557136e-02;4.058166e-02;1.159552e-01;6.426868e-02;6.298020e-02;5.438374e-02;1.360496e-01;9.380259e-02;9.833699e-02;1.141542e-01;1.023876e-01;5.152813e-02
6.868582e-02;3.080075e-02;1.193845e-01;1.056703e-01;6.183258e-02;4.935145e-02;1.194683e-01;8.571023e-02;1.479055e-01;8.246526e-02;7.332420e-02;5.540113e-02
7.173777e-02;4.273413e-02;1.350358e-01;1.083720e-01;4.817856e-02;4.179827e-02;8.083449e-02;6.148664e-02;1.670830e-01;1.252954e-01;4.406258e-02;7.338133e-02
5.987922e-02;5.499952e-02;1.372650e-01;7.203349e-02;7.821181e-02;5.377253e-02;6.536705e-02;4.993100e-02;1.322422e-01;1.438949e-01;5.881414e-02;9.358912e-02
3.965417e-02;5.123736e-02;1.333085e-01;5.909992e-02;1.024974e-01;6.858940e-02;6.840140e-02;5.776563e-02;1.011791e-01;1.321094e-01;1.002068e-01;8.595107e-02
3.242726e-02;3.879632e-02;1.519637e-01;4.561330e-02;8.608493e-02;6.524561e-02;1.418800e-01;4.794114e-02;1.007125e-01;1.267760e-01;1.109352e-01;5.162422e-02
4.108629e-02;5.444850e-02;2.151519e-01;3.750100e-02;6.710662e-02;5.197414e-02;1.446194e-01;5.898684e-02;1.125557e-01;8.964567e-02;8.852530e-02;3.839880e-02
5.030665e-02;7.132926e-02;1.779899e-01;4.011376e-02;8.055137e-02;6.544720e-02;1.364776e-01;8.106057e-02;1.142852e-01;8.237568e-02;6.655872e-02;3.350410e-02
6.432969e-02;8.680305e-02;6.062883e-02;5.469016e-02;8.377723e-02;8.504945e-02;1.499738e-01;8.267579e-02;9.851323e-02;1.225568e-01;5.101206e-02;5.998987e-02
4.777767e-02;7.786871e-02;1.074367e-01;6.152503e-02;7.703990e-02;4.914705e-02;1.605079e-01;6.573199e-02;8.752460e-02;1.247069e-01;7.473148e-02;6.600206e-02
6.776894e-02;7.123166e-02;1.391735e-01;8.398252e-02;5.355361e-02;6.881258e-02;1.537435e-01;4.915660e-02;6.024753e-02;9.095592e-02;8.141265e-02;7.996097e-02
8.281524e-02;5.034242e-02;1.007462e-01;7.224153e-02;1.062398e-01;6.765674e-02;1.712338e-01;7.744922e-02;8.192673e-02;7.575603e-02;4.651285e-02;6.707935e-02
6.858312e-02;4.385521e-02;1.581452e-01;4.382434e-02;1.153778e-01;7.480510e-02;1.326519e-01;5.617283e-02;1.244591e-01;6.357475e-02;6.661130e-02;5.193932e-02
6.912817e-02;5.950115e-02;1.823282e-01;5.717733e-02;8.543538e-02;7.428841e-02;9.079783e-02;5.414670e-02;1.281064e-01;7.518748e-02;8.495098e-02;3.895201e-02
5.746057e-02;9.289595e-02;1.439961e-01;7.071708e-02;9.361269e-02;8.758696e-02;9.088246e-02;6.427150e-02;8.486802e-02;8.373974e-02;6.575552e-02;6.421344e-02
4.529520e-02;8.399537e-02;9.607587e-02;4.263680e-02;8.907586e-02;8.609959e-02;1.273167e-01;7.475056e-02;8.153822e-02;1.099261e-01;9.794363e-02;6.534604e-02
6.274156e-02;9.684788e-02;7.556714e-02;2.662530e-02;5.855140e-02;8.207942e-02;1.354018e-01;8.857917e-02;9.980792e-02;1.037245e-01;9.523815e-02;7.483578e-02
6.214205e-02;9.500433e-02;8.352560e-02;6.053925e-02;7.892351e-02;8.564297e-02;1.022731e-01;9.162600e-02;1.174287e-01;8.120994e-02;6.871731e-02;7.296728e-02
7.388960e-02;8.608628e-02;8.908708e-02;6.912439e-02;8.897075e-02;8.213273e-02;9.389760e-02;8.848092e-02;1.117446e-01;8.629961e-02;6.329311e-02;6.699333e-02
8.208429e-02;8.005087e-02;9.903239e-02;6.744773e-02;8.698360e-02;7.188170e-02;9.108374e-02;8.169391e-02;1.021970e-01;9.817982e-02;7.326652e-02;6.609835e-02
8.777637e-02;4.790181e-02;1.412299e-01;6.903265e-02;8.113598e-02;5.615395e-02;8.707896e-02;6.120420e-02;9.325950e-02;1.066749e-01;1.108170e-01;5.773479e-02
4.014265e-02;4.695106e-02;1.520421e-01;7.290813e-02;7.799003e-02;9.766624e-02;9.672476e-02;9.451185e-02;1.072002e-01;7.266099e-02;9.537863e-02;4.582342e-02
5.649893e-02;4.832835e-02;1.542103e-01;7.649142e-02;6.416325e-02;8.658011e-02;1.019637e-01;8.461262e-02;1.096288e-01;7.469366e-02;9.426871e-02;4.856022e-02
6.884014e-02;5.649031e-02;1.671367e-01;7.094817e-02;6.625399e-02;5.909627e-02;9.962767e-02;8.335368e-02;1.249520e-01;6.462750e-02;8.886849e-02;4.980516e-02
6.038744e-02;6.849613e-02;1.322319e-01;6.997585e-02;6.160231e-02;4.167394e-02;1.358312e-01;1.043694e-01;1.215029e-01;7.236641e-02;4.892138e-02;8.264110e-02
4.904622e-02;6.267428e-02;1.434046e-01;5.790956e-02;5.090731e-02;5.155522e-02;1.512536e-01;9.331363e-02;7.369922e-02;8.353408e-02;7.185732e-02;1.108450e-01
8.178257e-02;5.781541e-02;1.519485e-01;5.080725e-02;5.299062e-02;5.231899e-02;1.435230e-01;8.726532e-02;1.098401e-01;8.272811e-02;6.952988e-02;5.945016e-02
7.595939e-02;6.289370e-02;1.274263e-01;6.114333e-02;5.809504e-02;6.358925e-02;1.306252e-01;7.693600e-02;1.245779e-01;1.318174e-01;4.968537e-02;3.725117e-02
8.437712e-02;6.618439e-02;1.145134e-01;7.260349e-02;6.129224e-02;6.559535e-02;1.296492e-01;8.676896e-02;1.140961e-01;1.314470e-01;4.041665e-02;3.305612e-02
8.945590e-02;6.815109e-02;9.795570e-02;8.337587e-02;7.252625e-02;6.864705e-02;1.429387e-01;9.784427e-02;9.725865e-02;1.196619e-01;3.287634e-02;2.930825e-02
7.253654e-02;5.852509e-02;6.377321e-02;8.154521e-02;9.610420e-02;8.285798e-02;1.588851e-01;1.055950e-01;8.222929e-02;1.273670e-01;3.065999e-02;3.992133e-02
5.351460e-02;4.002944e-02;6.619089e-02;6.109168e-02;1.130427e-01;8.302503e-02;1.653825e-01;1.089541e-01;7.903711e-02;1.475282e-01;3.146140e-02;5.074215e-02
5.755545e-02;4.892458e-02;1.794643e-01;5.336313e-02;9.899847e-02;5.713438e-02;1.255584e-01;7.312542e-02;5.937845e-02;1.494435e-01;3.961834e-02;5.743549e-02
4.030809e-02;5.720004e-02;3.252059e-01;5.834249e-02;8.233019e-02;4.652827e-02;1.055130e-01;6.228104e-02;6.537008e-02;7.648815e-02;2.604686e-02;5.438602e-02
7.957510e-02;6.959247e-02;3.181674e-01;5.252627e-02;5.531074e-02;4.800396e-02;1.320345e-01;8.448271e-02;5.731102e-02;4.301877e-02;3.043192e-02;2.954511e-02
1.142693e-01;8.737239e-02;2.433736e-01;4.652534e-02;4.171365e-02;4.277530e-02;1.220388e-01;1.133021e-01;8.792245e-02;4.511280e-02;2.904840e-02;2.654576e-02
1.657966e-01;9.326769e-02;1.894100e-01;3.990737e-02;2.651845e-02;3.266800e-02;8.260176e-02;1.655899e-01;1.033740e-01;4.331667e-02;2.471014e-02;3.283947e-02
2.206910e-01;7.355940e-02;1.234980e-01;3.547838e-02;1.881758e-02;2.931597e-02;9.231125e-02;2.289506e-01;7.045656e-02;3.892542e-02;2.428962e-02;4.370610e-02
2.054043e-01;6.225218e-02;1.091332e-01;3.681248e-02;2.742571e-02;3.804356e-02;1.545452e-01;2.130223e-01;3.579152e-02;4.102052e-02;2.276675e-02;5.378235e-02
1.540846e-01;5.194547e-02;1.224114e-01;4.962155e-02;3.940849e-02;4.156699e-02;1.790582e-01;1.529549e-01;5.478038e-02;4.885576e-02;4.269915e-02;6.261311e-02
8.751895e-02;7.314081e-02;1.643781e-01;5.492783e-02;5.268412e-02;3.715844e-02;1.492316e-01;9.911806e-02;6.855440e-02;6.350940e-02;6.290987e-02;8.686836e-02
6.308790e-02;6.241732e-02;1.384092e-01;4.874090e-02;6.493808e-02;6.165329e-02;1.444957e-01;9.203442e-02;7.135593e-02;8.504131e-02;6.900212e-02;9.882385e-02
5.647847e-02;3.532473e-02;1.281579e-01;3.568308e-02;6.075864e-02;8.208135e-02;1.433510e-01;1.129066e-01;9.356157e-02;9.744605e-02;6.337166e-02;9.087891e-02
8.161059e-02;4.384261e-02;1.029250e-01;2.130070e-02;4.014738e-02;6.605425e-02;1.752364e-01;1.707211e-01;1.390436e-01;6.274828e-02;4.129547e-02;5.507455e-02
1.288150e-01;6.621459e-02;6.282534e-02;3.591613e-02;3.044663e-02;6.265199e-02;1.640495e-01;1.806860e-01;1.111645e-01;5.405927e-02;4.035440e-02;6.281653e-02
1.205782e-01;8.576257e-02;9.768470e-02;4.516299e-02;2.477208e-02;5.775006e-02;1.348494e-01;1.457317e-01;1.049155e-01;7.991258e-02;6.049709e-02;4.238319e-02
1.217687e-01;5.437018e-02;1.557509e-01;4.609587e-02;3.453686e-02;4.164017e-02;8.364407e-02;1.365476e-01;1.010353e-01;7.592160e-02;6.993467e-02;7.875407e-02
1.370529e-01;6.793817e-02;1.536231e-01;4.786623e-02;5.432208e-02;3.480532e-02;9.596924e-02;1.236670e-01;4.787130e-02;8.780580e-02;3.853431e-02;1.105446e-01
1.042235e-01;4.523341e-02;1.627529e-01;4.275027e-02;5.739650e-02;3.811366e-02;1.360803e-01;1.022105e-01;7.283089e-02;8.729156e-02;4.330742e-02;1.078091e-01
5.831260e-02;3.572069e-02;1.590888e-01;4.862878e-02;5.966759e-02;4.889927e-02;1.757520e-01;7.435194e-02;1.035872e-01;9.007812e-02;4.860171e-02;9.731127e-02
4.342682e-02;4.123522e-02;2.098334e-01;3.232962e-02;6.673209e-02;7.921740e-02;1.882784e-01;6.873661e-02;1.008334e-01;6.190787e-02;4.109688e-02;6.637233e-02
7.384621e-02;5.965405e-02;3.328788e-01;5.432722e-02;5.810644e-02;4.968324e-02;1.565968e-01;7.135334e-02;5.272006e-02;3.657148e-02;3.593061e-02;1.833173e-02
1.166142e-01;7.112218e-02;2.911574e-01;5.177345e-02;5.041087e-02;2.822148e-02;1.404168e-01;9.463587e-02;6.758101e-02;3.447636e-02;3.186001e-02;2.173026e-02
1.936357e-01;7.381107e-02;2.014989e-01;4.323615e-02;4.322020e-02;1.728123e-02;1.199087e-01;1.395557e-01;7.856172e-02;2.583244e-02;3.084181e-02;3.261654e-02
3.034438e-01;6.330477e-02;1.192632e-01;3.057257e-02;3.927453e-02;1.492952e-02;8.526395e-02;1.813434e-01;5.560329e-02;2.338260e-02;3.224817e-02;5.137016e-02
3.389342e-01;5.741381e-02;1.542848e-01;1.656768e-02;3.733145e-02;1.029250e-02;3.680806e-02;1.666253e-01;4.255850e-02;2.870418e-02;3.641052e-02;7.406905e-02
3.311108e-01;6.544600e-02;1.235575e-01;1.805211e-02;2.545421e-02;1.857795e-02;4.772088e-02;1.484784e-01;5.488737e-02;2.854598e-02;5.151167e-02;8.665717e-02
2.589328e-01;6.116243e-02;1.894366e-01;1.970098e-02;2.069812e-02;2.552348e-02;4.705093e-02;1.289307e-01;6.509368e-02;3.635164e-02;7.213739e-02;7.498122e-02
1.596989e-01;3.984792e-02;2.848250e-01;2.278013e-02;2.513215e-02;2.143578e-02;4.728459e-02;1.288970e-01;5.257878e-02;4.815912e-02;9.077186e-02;7.858878e-02
1.134160e-01;4.460283e-02;3.015213e-01;3.095017e-02;3.972814e-02;2.657518e-02;5.891771e-02;1.118979e-01;6.035072e-02;4.473130e-02;9.686226e-02;7.044642e-02
8.406223e-02;3.768318e-02;3.673264e-01;3.902892e-02;3.141903e-02;2.236135e-02;6.561430e-02;6.782497e-02;6.533944e-02;5.777479e-02;1.019675e-01;5.959786e-02
7.876395e-02;3.298524e-02;3.542591e-01;4.086548e-02;3.096435e-02;2.291053e-02;5.875477e-02;6.605303e-02;5.240685e-02;8.789545e-02;1.151455e-01;5.899576e-02
6.595649e-02;2.810833e-02;2.473226e-01;5.449134e-02;5.346651e-02;2.966240e-02;7.874913e-02;1.116347e-01;5.928247e-02;8.260860e-02;1.120297e-01;7.668772e-02
6.855185e-02;5.663360e-02;1.718382e-01;5.437796e-02;5.289581e-02;3.175233e-02;1.506286e-01;1.330229e-01;8.263540e-02;5.661922e-02;7.783926e-02;6.320496e-02
9.034844e-02;7.580370e-02;1.509647e-01;5.414288e-02;5.432459e-02;7.206029e-02;1.780079e-01;9.410886e-02;7.303733e-02;4.951712e-02;6.417874e-02;4.350538e-02
7.532607e-02;8.155270e-02;1.516150e-01;4.942583e-02;7.277949e-02;8.765534e-02;1.922986e-01;6.942159e-02;6.023642e-02;5.009520e-02;6.517021e-02;4.442352e-02
5.740602e-02;6.246329e-02;1.386540e-01;3.719499e-02;7.127340e-02;8.140313e-02;2.197308e-01;1.025357e-01;6.427196e-02;5.372379e-02;6.204247e-02;4.930045e-02
1.065982e-01;5.024895e-02;1.027940e-01;4.490557e-02;6.609181e-02;5.385374e-02;1.501234e-01;1.059298e-01;1.007037e-01;9.705876e-02;7.740134e-02;4.429073e-02
1.288568e-01;5.976610e-02;8.805706e-02;4.487832e-02;5.232967e-02;5.388358e-02;1.233916e-01;1.014617e-01;1.338318e-01;9.087255e-02;8.048675e-02;4.218410e-02
7.523262e-02;7.087328e-02;1.194332e-01;5.238596e-02;8.843713e-02;7.057381e-02;1.344342e-01;5.610645e-02;1.029877e-01;8.503319e-02;5.986300e-02;8.463944e-02
8.186413e-02;7.187603e-02;1.261732e-01;5.644492e-02;7.542649e-02;7.381985e-02;1.487630e-01;5.024860e-02;7.789893e-02;8.753733e-02;7.564040e-02;7.430710e-02
8.042967e-02;9.457098e-02;1.208279e-01;6.400248e-02;8.039345e-02;7.294238e-02;1.255253e-01;7.001781e-02;6.777056e-02;8.334485e-02;7.358893e-02;6.658571e-02
1.309368e-01;9.484956e-02;1.999680e-01;6.316102e-02;6.574734e-02;6.769895e-02;1.023025e-01;8.208428e-02;4.842841e-02;4.825284e-02;5.261316e-02;4.395709e-02
1.511629e-01;7.402911e-02;2.043215e-01;4.484463e-02;6.777068e-02;8.617232e-02;1.193617e-01;1.094568e-01;3.009472e-02;2.891224e-02;4.674163e-02;3.713183e-02
1.566337e-01;5.545275e-02;1.362391e-01;4.690473e-02;7.637653e-02;1.094030e-01;1.136444e-01;1.647377e-01;1.334311e-02;4.542091e-02;4.866879e-02;3.317527e-02
1.329277e-01;3.288357e-02;8.321394e-02;7.742842e-02;6.207814e-02;7.424275e-02;1.637442e-01;1.905283e-01;4.320046e-02;5.722120e-02;4.313677e-02;3.939456e-02
1.451852e-01;4.217491e-02;6.905564e-02;7.963563e-02;5.226988e-02;4.091103e-02;1.449968e-01;1.893161e-01;9.373800e-02;5.588934e-02;4.721874e-02;3.960875e-02
1.518763e-01;6.093481e-02;1.024442e-01;7.034986e-02;3.946440e-02;5.051432e-02;1.351779e-01;1.686522e-01;9.501398e-02;5.023702e-02;4.643479e-02;2.890024e-02
1.429160e-01;7.490592e-02;1.290949e-01;5.810140e-02;8.702481e-02;5.619737e-02;1.238199e-01;1.294681e-01;7.436267e-02;4.211916e-02;4.590084e-02;3.608885e-02
1.278077e-01;7.285456e-02;1.278752e-01;6.630715e-02;1.124113e-01;4.592600e-02;1.302644e-01;1.108727e-01;7.794247e-02;3.103298e-02;5.532762e-02;4.137795e-02
1.233021e-01;5.726507e-02;1.334271e-01;6.878708e-02;9.952880e-02;2.770554e-02;1.724768e-01;1.095454e-01;4.127236e-02;5.739734e-02;5.912134e-02;5.017107e-02
1.380484e-01;5.583076e-02;1.241520e-01;6.958788e-02;5.920137e-02;2.814998e-02;2.261185e-01;9.360363e-02;1.265644e-02;7.391955e-02;6.353050e-02;5.520099e-02
1.090728e-01;3.360428e-02;1.365116e-01;5.917029e-02;4.251479e-02;2.595350e-02;2.936018e-01;7.108118e-02;2.539182e-02;6.492172e-02;7.361978e-02;6.455643e-02
6.277952e-02;3.416055e-02;1.087285e-01;6.150802e-02;3.101376e-02;3.525842e-02;3.544448e-01;5.090290e-02;3.430011e-02;5.978716e-02;8.606056e-02;8.105566e-02
7.458486e-02;4.090974e-02;1.339357e-01;6.146695e-02;3.428902e-02;4.284732e-02;3.013101e-01;2.503451e-02;4.924527e-02;6.503498e-02;9.208895e-02;7.925259e-02
5.392872e-02;4.247421e-02;1.622912e-01;5.221305e-02;4.107029e-02;4.204371e-02;2.076796e-01;3.683044e-02;6.452828e-02;8.643940e-02;1.221756e-01;8.832547e-02
5.645904e-02;3.326545e-02;1.019172e-01;3.947732e-02;4.868621e-02;5.887366e-02;1.463395e-01;5.540759e-02;5.961290e-02;1.142830e-01;1.751149e-01;1.105632e-01
8.184148e-02;2.670785e-02;1.621870e-01;2.817836e-02;5.175420e-02;5.186711e-02;1.227565e-01;5.155424e-02;2.515228e-02;1.159762e-01;1.775100e-01;1.045148e-01
9.611352e-02;2.496119e-02;2.191099e-01;3.782180e-02;3.222395e-02;2.836478e-02;1.156465e-01;6.571442e-02;2.455128e-02;1.038691e-01;1.587960e-01;9.282758e-02
9.531826e-02;3.785743e-02;1.143007e-01;2.805331e-02;4.087514e-02;2.636976e-02;1.106769e-01;6.016746e-02;5.304408e-02;1.313037e-01;1.967617e-01;1.052715e-01
5.600964e-02;4.187542e-02;9.422613e-02;2.536702e-02;5.283105e-02;3.686341e-02;9.745182e-02;5.394580e-02;6.930634e-02;1.760626e-01;2.094667e-01;8.659403e-02
4.564778e-02;2.931856e-02;6.144336e-02;4.719017e-02;5.019761e-02;4.450012e-02;9.383427e-02;6.005827e-02;7.899183e-02;2.167595e-01;2.009400e-01;7.111849e-02
5.493122e-02;4.191056e-02;8.120362e-02;4.117739e-02;6.624388e-02;4.642758e-02;7.637621e-02;8.338694e-02;9.000665e-02;1.871099e-01;1.585660e-01;7.266006e-02
4.115755e-02;5.230323e-02;1.424988e-01;5.420317e-02;7.901241e-02;5.214110e-02;8.051717e-02;8.487173e-02;9.970616e-02;1.247292e-01;1.115484e-01;7.731108e-02
8.221400e-02;4.995620e-02;1.175082e-01;7.075527e-02;6.745207e-02;3.958151e-02;1.017876e-01;1.095807e-01;1.290976e-01;8.764598e-02;7.312765e-02;7.129316e-02
6.811710e-02;6.627095e-02;1.462075e-01;7.347027e-02;4.114420e-02;4.486707e-02;1.013628e-01;9.449412e-02;1.161176e-01;9.592575e-02;7.462385e-02;7.739882e-02
4.831858e-02;7.668193e-02;1.643225e-01;7.242087e-02;4.127926e-02;6.344283e-02;1.226410e-01;6.413962e-02;1.358246e-01;6.618237e-02;6.521671e-02;7.952968e-02
5.416603e-02;7.305005e-02;1.603029e-01;8.535781e-02;4.170571e-02;6.517850e-02;1.162396e-01;4.614108e-02;1.564429e-01;5.231069e-02;7.875196e-02;7.035273e-02
6.303760e-02;6.198720e-02;1.146763e-01;1.017077e-01;5.127392e-02;6.981908e-02;8.646880e-02;4.105463e-02;1.728223e-01;8.529164e-02;7.775284e-02;7.410800e-02
6.865354e-02;5.899571e-02;1.114615e-01;7.144793e-02;6.845922e-02;8.547755e-02;9.944648e-02;4.869127e-02;1.517126e-01;7.159808e-02;9.192336e-02;7.213274e-02
5.020678e-02;8.386024e-02;9.404664e-02;6.281319e-02;7.290787e-02;7.150682e-02;1.051330e-01;6.478132e-02;1.456124e-01;7.162072e-02;1.126463e-01;6.486468e-02
5.802066e-02;7.049376e-02;9.100559e-02;6.564645e-02;8.751248e-02;6.823492e-02;1.202744e-01;6.174290e-02;1.288802e-01;8.753373e-02;1.170659e-01;4.358908e-02
8.828553e-02;6.005948e-02;1.205187e-01;6.612895e-02;8.055858e-02;5.967232e-02;1.500194e-01;9.217396e-02;1.033807e-01;7.493952e-02;7.885256e-02;2.541029e-02
1.185481e-01;4.858337e-02;1.417586e-01;5.770383e-02;7.435913e-02;5.367214e-02;1.529318e-01;9.341929e-02;1.003459e-01;6.326677e-02;5.495621e-02;4.045495e-02
1.132047e-01;5.280560e-02;1.263469e-01;7.639147e-02;6.717101e-02;4.407892e-02;1.495208e-01;7.316247e-02;1.190326e-01;6.998869e-02;5.902334e-02;4.927348e-02
5.924906e-02;5.933367e-02;1.350544e-01;9.842218e-02;4.592583e-02;3.004989e-02;1.327445e-01;8.935779e-02;1.143629e-01;7.739938e-02;9.177700e-02;6.632329e-02
