7.200520e-02;6.901030e-02;1.986517e-01;6.791978e-02;8.403494e-02;7.616782e-02;1.271220e-01;4.324793e-02;7.806717e-02;5.950264e-02;4.954921e-02;7.472126e-02
9.003534e-02;8.418188e-02;1.797509e-01;7.243051e-02;8.067485e-02;4.778110e-02;1.276389e-01;5.376924e-02;9.456209e-02;5.743834e-02;5.229769e-02;5.943923e-02
8.843754e-02;8.437416e-02;1.791300e-01;6.201816e-02;6.503376e-02;5.562487e-02;1.361541e-01;5.969429e-02;9.305656e-02;5.594654e-02;5.476637e-02;6.576369e-02
8.242342e-02;6.820977e-02;1.655860e-01;6.722788e-02;4.813537e-02;8.091135e-02;1.429224e-01;4.272725e-02;7.391092e-02;8.782651e-02;6.092997e-02;7.918915e-02
8.616649e-02;4.998261e-02;1.700930e-01;7.276350e-02;6.560642e-02;1.003320e-01;1.056721e-01;4.283689e-02;7.774068e-02;9.037832e-02;6.662320e-02;7.180471e-02
8.013663e-02;4.542300e-02;1.504454e-01;7.441474e-02;9.884289e-02;1.007489e-01;1.300770e-01;4.568278e-02;6.935032e-02;7.646530e-02;6.645300e-02;6.195999e-02
5.743548e-02;6.679221e-02;1.359721e-01;5.505827e-02;1.213375e-01;9.944987e-02;1.556201e-01;6.683742e-02;4.494845e-02;9.933808e-02;2.628573e-02;7.092477e-02
7.035096e-02;5.366683e-02;1.870098e-01;6.839365e-02;1.395117e-01;1.066421e-01;6.172769e-02;5.555882e-02;4.114451e-02;6.873037e-02;7.334091e-02;7.392271e-02
5.870785e-02;3.429455e-02;1.607873e-01;7.248889e-02;1.486703e-01;8.619475e-02;9.330750e-02;4.053490e-02;4.087375e-02;3.993038e-02;1.026521e-01;1.215577e-01
6.715687e-02;3.782731e-02;1.410214e-01;7.427477e-02;1.264453e-01;7.108740e-02;1.036583e-01;4.309767e-02;5.968527e-02;5.360082e-02;1.077444e-01;1.144005e-01
7.297993e-02;4.329821e-02;1.221177e-01;7.308308e-02;1.146457e-01;6.490820e-02;1.055605e-01;4.902379e-02;7.435064e-02;6.918458e-02;1.079224e-01;1.029253e-01
8.518889e-02;4.150075e-02;9.903034e-02;7.022978e-02;1.129385e-01;6.566487e-02;1.076824e-01;5.207287e-02;8.654755e-02;8.575033e-02;1.037663e-01;8.962746e-02
9.895486e-02;4.001352e-02;1.866874e-01;3.828138e-02;9.346733e-02;7.568890e-02;7.156743e-02;5.768943e-02;5.199604e-02;8.371264e-02;8.765007e-02;1.142910e-01
6.741451e-02;5.307555e-02;2.089959e-01;6.533203e-02;4.133146e-02;5.238478e-02;8.786436e-02;4.182578e-02;1.157563e-01;9.571666e-02;9.910693e-02;7.119574e-02
6.929432e-02;5.551594e-02;1.524096e-01;7.008910e-02;5.472089e-02;5.937168e-02;1.066241e-01;6.332729e-02;9.474532e-02;1.134879e-01;9.119310e-02;6.922070e-02
8.487042e-02;6.550130e-02;9.871891e-02;6.070067e-02;6.245283e-02;6.779902e-02;1.336390e-01;9.291502e-02;7.101268e-02;1.268127e-01;7.427231e-02;6.130512e-02
7.384075e-02;6.623650e-02;1.072090e-01;4.064247e-02;6.158062e-02;6.599773e-02;1.608957e-01;9.224827e-02;1.250809e-01;1.103056e-01;6.001754e-02;3.594501e-02
5.048690e-02;6.735180e-02;1.068004e-01;4.544312e-02;6.568117e-02;5.964732e-02;1.495340e-01;5.916791e-02;1.419932e-01;9.797172e-02;8.375363e-02;7.216889e-02
6.500408e-02;6.897333e-02;1.801264e-01;4.573537e-02;6.454314e-02;5.425888e-02;8.212001e-02;3.541561e-02;9.864120e-02;1.177487e-01;1.043682e-01;8.306502e-02
7.936792e-02;5.012217e-02;2.089639e-01;2.964686e-02;5.727600e-02;5.276779e-02;1.550745e-01;3.889704e-02;7.510361e-02;1.005529e-01;9.447852e-02;5.774883e-02
5.932978e-02;4.323624e-02;7.507039e-02;7.337172e-02;4.773375e-02;4.185174e-02;1.880572e-01;6.440065e-02;1.776789e-01;5.431059e-02;1.224472e-01;5.251184e-02
5.582087e-02;4.220491e-02;1.073825e-01;5.408530e-02;4.600382e-02;3.435487e-02;1.626807e-01;9.108015e-02;1.568238e-01;7.099694e-02;1.263028e-01;5.226335e-02
7.542597e-02;5.494969e-02;1.229906e-01;4.496448e-02;5.686945e-02;2.275900e-02;1.356131e-01;6.268594e-02;1.390448e-01;9.666070e-02;1.337805e-01;5.425577e-02
1.075779e-01;6.064192e-02;1.173014e-01;4.770945e-02;5.607725e-02;1.972930e-02;1.113594e-01;3.625795e-02;9.738456e-02;1.466206e-01;1.241661e-01;7.517433e-02
1.031566e-01;3.904552e-02;1.493669e-01;3.379000e-02;4.444844e-02;3.858406e-02;1.102506e-01;7.939786e-02;5.157047e-02;1.604163e-01;1.032253e-01;8.674799e-02
6.503505e-02;6.393023e-02;1.970359e-01;2.602819e-02;4.378707e-02;5.142311e-02;1.187372e-01;6.050412e-02;7.597905e-02;1.205688e-01;9.943013e-02;7.754111e-02
6.182748e-02;6.760780e-02;1.917974e-01;3.009500e-02;5.319192e-02;6.557183e-02;1.474351e-01;4.848381e-02;1.120605e-01;6.978139e-02;9.207387e-02;6.007396e-02
9.967069e-02;5.521164e-02;2.149930e-01;3.626163e-02;4.112726e-02;8.749428e-02;1.626978e-01;5.384799e-02;6.068878e-02;6.826552e-02;6.938469e-02;5.035675e-02
6.559600e-02;5.736794e-02;2.285027e-01;4.593751e-02;5.770295e-02;7.179042e-02;1.493248e-01;6.160067e-02;7.727300e-02;4.398713e-02;7.688528e-02;6.403158e-02
1.203831e-01;8.451841e-02;1.243571e-01;6.457524e-02;6.471164e-02;6.381971e-02;8.999403e-02;6.998342e-02;5.265446e-02;6.338578e-02;8.633368e-02;1.152834e-01
1.231403e-01;8.592423e-02;1.180746e-01;6.815088e-02;6.462126e-02;6.663906e-02;9.271566e-02;6.554118e-02;5.708947e-02;5.740652e-02;9.164575e-02;1.090511e-01
9.779464e-02;9.887186e-02;1.388997e-01;7.709007e-02;6.904835e-02;6.478343e-02;8.631652e-02;6.589953e-02;7.407530e-02;5.052486e-02;8.876093e-02;8.793484e-02
7.420474e-02;1.270982e-01;1.360964e-01;8.797097e-02;7.794774e-02;7.380299e-02;6.526686e-02;6.742442e-02;9.745959e-02;6.687339e-02;7.373787e-02;5.211679e-02
1.087267e-01;1.176701e-01;1.393221e-01;9.536975e-02;8.477351e-02;5.884404e-02;7.918601e-02;5.021496e-02;9.509007e-02;5.798284e-02;3.764870e-02;7.517123e-02
1.432273e-01;7.224388e-02;1.541246e-01;6.257473e-02;5.508198e-02;3.930166e-02;1.404445e-01;9.480700e-02;7.335327e-02;4.606371e-02;3.785591e-02;8.092150e-02
1.433943e-01;6.761180e-02;1.251537e-01;5.776672e-02;3.455047e-02;3.126369e-02;1.844830e-01;1.236355e-01;6.172860e-02;4.816785e-02;4.061612e-02;8.162824e-02
1.050532e-01;5.894792e-02;7.200158e-02;6.650968e-02;1.817248e-02;2.494037e-02;2.715799e-01;1.272390e-01;3.645827e-02;4.322610e-02;3.742090e-02;1.384507e-01
5.190633e-02;5.398648e-02;4.179072e-02;7.793416e-02;1.313516e-02;3.510454e-02;3.312386e-01;7.759597e-02;2.466106e-02;4.103245e-02;4.841524e-02;2.031993e-01
5.549530e-02;6.785555e-02;2.226647e-02;7.775072e-02;1.291679e-02;4.451377e-02;3.337089e-01;1.708774e-02;2.737441e-02;4.230289e-02;6.317548e-02;2.355520e-01
5.795189e-02;7.356279e-02;4.201291e-02;6.442846e-02;1.204433e-02;6.377566e-02;3.192118e-01;1.380978e-02;2.435571e-02;3.056313e-02;6.516542e-02;2.331181e-01
4.855844e-02;7.943507e-02;6.086054e-02;5.393431e-02;1.233624e-02;9.104479e-02;3.097312e-01;2.078331e-02;9.164006e-03;3.959249e-02;6.110334e-02;2.134563e-01
2.864037e-02;8.095092e-02;6.796089e-02;4.267300e-02;1.937576e-02;1.142991e-01;2.765783e-01;3.573383e-02;1.796985e-02;4.071846e-02;7.060669e-02;2.044929e-01
3.747489e-02;6.559572e-02;6.328091e-02;3.575921e-02;3.559338e-02;1.292902e-01;1.761961e-01;3.309257e-02;4.333456e-02;5.987921e-02;1.414538e-01;1.790495e-01
5.990640e-02;4.687547e-02;1.177357e-01;2.528125e-02;4.212217e-02;1.372994e-01;7.720318e-02;2.084781e-02;5.166710e-02;9.166449e-02;2.093790e-01;1.200180e-01
5.507128e-02;4.296545e-02;1.334824e-01;3.090630e-02;3.830623e-02;1.411698e-01;3.106226e-02;1.838263e-02;4.167374e-02;1.287632e-01;2.478202e-01;9.039637e-02
6.789075e-02;3.457433e-02;1.292384e-01;4.000898e-02;4.124854e-02;1.042273e-01;7.211158e-02;2.209274e-02;4.095862e-02;1.486225e-01;2.282234e-01;7.080296e-02
7.112481e-02;4.287004e-02;7.782414e-02;4.544843e-02;5.435388e-02;5.805581e-02;8.166703e-02;2.964995e-02;6.151887e-02;1.952831e-01;2.339730e-01;4.823093e-02
5.997125e-02;5.012481e-02;9.425410e-02;3.531874e-02;6.787020e-02;3.956859e-02;5.896525e-02;2.463196e-02;7.821218e-02;2.193844e-01;2.256370e-01;4.606157e-02
6.024545e-02;4.386215e-02;7.712188e-02;2.699733e-02;5.845811e-02;5.681935e-02;5.184597e-02;4.270351e-02;8.776410e-02;2.106886e-01;2.312879e-01;5.220563e-02
4.427258e-02;6.117995e-02;7.770875e-02;2.345314e-02;3.721921e-02;8.672127e-02;5.656314e-02;3.626027e-02;8.085499e-02;1.850935e-01;2.468201e-01;6.385308e-02
3.793791e-02;5.583366e-02;7.668674e-02;2.322298e-02;3.410647e-02;1.176439e-01;4.706839e-02;3.871119e-02;6.708350e-02;1.610923e-01;2.701095e-01;7.050344e-02
3.850914e-02;4.213766e-02;7.854481e-02;1.285339e-02;3.317507e-02;1.190641e-01;1.143790e-01;3.450077e-02;6.222543e-02;1.181998e-01;2.489122e-01;9.749863e-02
7.018065e-02;3.603439e-02;6.256828e-02;2.145169e-02;2.752753e-02;8.036614e-02;2.187246e-01;3.094383e-02;4.245567e-02;7.574119e-02;1.782249e-01;1.557812e-01
8.166946e-02;2.520080e-02;5.442838e-02;2.002379e-02;1.893908e-02;5.478131e-02;3.152214e-01;4.124596e-02;2.571657e-02;5.667655e-02;1.139631e-01;1.921336e-01
6.012634e-02;1.095077e-02;4.682723e-02;2.002783e-02;9.665198e-03;6.936194e-02;3.518169e-01;4.130410e-02;3.245501e-02;4.898152e-02;1.271515e-01;1.813317e-01
3.906513e-02;9.002536e-03;4.872539e-02;2.147302e-02;5.811082e-03;1.016206e-01;3.195617e-01;3.815026e-02;4.813568e-02;5.472315e-02;1.497604e-01;1.639711e-01
2.682959e-02;2.170359e-02;9.197175e-02;1.728925e-02;1.907130e-02;1.374157e-01;2.159612e-01;2.084319e-02;6.152229e-02;8.414630e-02;1.870623e-01;1.161836e-01
3.099184e-02;3.630311e-02;9.514463e-02;2.695417e-02;4.197333e-02;1.367893e-01;1.186188e-01;1.955581e-02;7.685653e-02;1.431009e-01;2.105222e-01;6.318936e-02
6.232139e-02;5.418485e-02;7.352965e-02;4.040912e-02;6.507121e-02;9.160642e-02;6.394259e-02;4.194799e-02;1.066365e-01;1.746646e-01;1.618994e-01;6.378626e-02
7.113172e-02;6.850644e-02;7.573417e-02;3.837115e-02;7.969727e-02;5.488086e-02;7.150284e-02;7.039144e-02;1.342053e-01;1.609855e-01;1.016451e-01;7.294825e-02
6.241130e-02;8.163602e-02;7.805259e-02;2.567578e-02;9.511686e-02;7.622728e-02;9.382848e-02;7.921666e-02;1.577594e-01;1.143982e-01;7.206549e-02;6.361198e-02
4.872277e-02;5.708986e-02;7.495370e-02;4.958879e-02;7.209629e-02;1.007119e-01;9.145172e-02;1.238467e-01;1.535520e-01;9.043802e-02;9.241590e-02;4.513242e-02
4.524810e-02;3.835475e-02;6.332354e-02;7.375356e-02;7.753523e-02;1.014310e-01;9.920631e-02;1.370463e-01;1.127990e-01;9.338006e-02;9.465237e-02;6.326990e-02
5.389677e-02;5.145488e-02;8.009847e-02;8.420235e-02;6.727025e-02;1.083034e-01;9.286486e-02;9.373311e-02;9.958641e-02;1.410928e-01;8.257844e-02;4.491835e-02
6.342399e-02;4.454187e-02;1.245623e-01;6.508075e-02;5.258163e-02;1.077002e-01;7.445386e-02;4.900207e-02;1.265576e-01;1.730682e-01;8.744044e-02;3.158709e-02
7.040053e-02;5.229690e-02;1.477938e-01;6.808078e-02;6.873656e-02;8.018351e-02;1.089912e-01;2.551215e-02;1.352381e-01;1.266166e-01;7.323320e-02;4.291667e-02
6.866092e-02;6.255629e-02;1.050106e-01;5.676892e-02;7.233659e-02;7.981223e-02;1.360472e-01;8.971390e-02;1.128502e-01;1.168974e-01;3.639231e-02;6.295329e-02
3.830691e-02;6.381509e-02;8.318787e-02;4.434197e-02;8.279225e-02;1.123943e-01;1.163943e-01;1.120480e-01;1.308632e-01;1.335911e-01;2.655577e-02;5.570910e-02
3.831786e-02;7.321364e-02;5.197876e-02;6.484950e-02;9.909113e-02;8.993331e-02;1.256512e-01;1.208976e-01;1.494557e-01;1.143915e-01;2.102292e-02;5.119696e-02
4.224406e-02;5.603920e-02;5.158315e-02;7.152727e-02;9.059022e-02;7.483145e-02;1.442718e-01;1.003456e-01;9.953036e-02;1.546800e-01;4.936807e-02;6.498879e-02
3.975182e-02;5.676851e-02;8.334203e-02;6.276651e-02;4.925755e-02;7.602546e-02;1.163643e-01;1.200196e-01;1.015843e-01;1.468427e-01;8.113631e-02;6.614095e-02
4.718823e-02;7.695064e-02;8.568015e-02;9.412136e-02;5.711383e-02;6.157637e-02;1.093047e-01;1.045297e-01;1.346596e-01;1.018125e-01;7.316169e-02;5.390118e-02
5.247076e-02;7.944376e-02;5.348957e-02;7.587480e-02;6.033875e-02;5.691130e-02;1.122593e-01;7.870392e-02;1.938081e-01;1.017649e-01;6.445897e-02;7.047583e-02
5.198228e-02;5.639553e-02;7.280287e-02;5.544370e-02;6.831317e-02;2.915013e-02;9.947708e-02;1.260874e-01;1.948858e-01;1.167380e-01;5.773119e-02;7.099275e-02
5.725201e-02;2.704956e-02;1.043251e-01;4.701931e-02;9.630853e-02;3.290550e-02;1.117287e-01;1.049242e-01;1.802069e-01;1.275474e-01;6.363413e-02;4.709861e-02
5.422451e-02;2.880742e-02;1.198584e-01;5.827416e-02;9.509827e-02;4.097695e-02;1.263507e-01;9.752847e-02;1.330745e-01;1.509421e-01;7.058303e-02;2.428148e-02
4.981079e-02;4.260808e-02;1.220980e-01;6.008237e-02;9.017975e-02;5.111001e-02;1.280470e-01;1.026551e-01;1.081241e-01;1.541482e-01;4.514930e-02;4.598730e-02
6.544013e-02;7.682159e-02;1.741056e-01;4.644458e-02;8.647182e-02;5.719017e-02;1.141170e-01;9.264109e-02;1.054485e-01;1.053019e-01;4.077297e-02;3.524474e-02
8.982162e-02;9.834775e-02;2.033806e-01;6.559097e-02;6.922262e-02;4.521504e-02;1.102499e-01;5.152839e-02;8.578211e-02;9.167039e-02;5.823247e-02;3.095808e-02
7.955071e-02;9.282974e-02;1.703481e-01;6.816373e-02;8.143185e-02;6.717651e-02;1.044782e-01;2.919316e-02;7.786788e-02;1.079649e-01;8.613900e-02;3.485635e-02
5.270469e-02;8.863061e-02;1.063198e-01;5.602097e-02;8.383453e-02;1.048182e-01;8.615479e-02;1.518064e-02;7.054617e-02;1.541181e-01;1.356983e-01;4.597320e-02
2.111329e-02;1.207430e-01;3.216340e-02;3.006844e-02;1.625655e-01;1.039985e-01;3.204232e-02;2.259337e-02;2.266939e-02;2.819498e-01;1.277518e-01;4.234106e-02
3.504954e-02;1.199233e-01;2.508561e-02;4.202368e-02;2.042955e-01;5.522048e-02;2.396867e-02;1.591176e-02;8.649284e-02;3.067593e-01;6.326378e-02;2.200556e-02
6.167712e-02;9.196106e-02;2.473751e-02;7.078626e-02;1.997475e-01;2.215693e-02;3.257202e-02;1.351797e-02;1.565146e-01;2.751325e-01;3.604556e-02;1.515102e-02
8.430317e-02;6.534286e-02;1.678933e-02;9.757596e-02;1.751786e-01;1.799333e-02;3.962602e-02;1.821028e-02;1.928741e-01;2.436515e-01;3.307844e-02;1.537634e-02
1.003015e-01;5.413388e-02;2.862810e-02;9.961382e-02;1.555628e-01;1.883041e-02;3.725729e-02;1.067610e-02;1.954339e-01;2.539201e-01;3.509337e-02;1.054863e-02
1.086830e-01;4.821096e-02;1.620633e-02;8.230545e-02;1.514100e-01;1.558965e-02;2.958361e-02;1.645948e-02;2.014236e-01;2.813545e-01;3.251469e-02;1.625880e-02
1.128647e-01;6.395855e-02;2.266269e-02;7.887459e-02;1.464840e-01;7.471635e-03;3.732220e-02;1.228914e-02;2.031590e-01;2.700143e-01;3.096473e-02;1.393442e-02
8.461104e-02;1.117069e-01;1.912165e-02;6.850768e-02;1.808463e-01;1.742135e-02;2.373520e-02;1.777711e-02;1.342030e-01;2.991433e-01;3.324395e-02;9.682447e-03
5.541512e-02;1.409672e-01;1.306102e-02;5.778841e-02;2.143358e-01;2.034511e-02;2.395706e-02;1.332175e-02;8.248670e-02;3.459792e-01;2.661693e-02;5.725668e-03
2.356340e-02;1.661123e-01;1.424244e-02;4.119937e-02;2.323576e-01;2.283851e-02;1.969056e-02;1.878422e-02;4.543402e-02;3.726222e-01;3.519571e-02;7.959655e-03
1.456408e-02;1.806727e-01;1.140200e-02;3.306874e-02;2.121370e-01;3.309377e-02;1.564972e-02;3.127690e-02;3.539733e-02;3.692201e-01;5.537402e-02;8.143545e-03
7.684676e-03;1.738597e-01;1.647164e-02;2.917092e-02;1.574149e-01;5.086518e-02;1.301041e-02;4.442932e-02;3.367799e-02;3.353161e-01;1.191470e-01;1.895220e-02
9.715644e-03;1.182050e-01;4.268930e-02;1.850316e-02;1.036330e-01;1.098772e-01;1.966286e-02;4.136066e-02;3.344916e-02;2.495045e-01;2.357941e-01;1.760543e-02
1.504895e-02;4.702026e-02;9.614373e-02;1.214145e-02;5.332116e-02;1.605128e-01;3.150917e-02;1.820488e-02;4.517282e-02;1.376865e-01;3.520738e-01;3.116447e-02
1.539438e-02;1.325092e-02;1.166364e-01;2.117542e-02;1.974277e-02;1.410261e-01;8.828149e-02;2.221257e-02;6.467076e-02;6.110038e-02;3.333220e-01;1.031867e-01
2.710212e-02;9.851948e-03;8.391980e-02;4.911163e-02;9.985567e-03;7.598932e-02;1.908730e-01;2.531283e-02;7.100007e-02;4.726376e-02;1.908534e-01;2.187365e-01
8.979788e-02;1.828021e-02;3.793059e-02;6.722713e-02;1.047499e-02;3.107052e-02;2.353483e-01;7.863293e-02;3.576683e-02;7.522769e-02;6.948024e-02;2.507627e-01
1.810447e-01;3.079295e-02;3.558839e-02;4.340134e-02;3.660299e-02;1.736038e-02;1.640937e-01;1.843229e-01;3.363265e-02;6.787381e-02;5.485331e-02;1.504329e-01
2.115745e-01;7.668199e-02;5.739439e-02;1.773798e-02;4.768486e-02;1.638296e-02;7.885844e-02;2.260772e-01;1.075526e-01;3.919952e-02;5.510708e-02;6.574848e-02
1.572351e-01;1.379557e-01;8.702935e-02;1.672297e-02;3.025045e-02;2.759642e-02;3.592536e-02;1.729968e-01;2.386443e-01;2.392906e-02;3.689017e-02;3.482441e-02
7.337014e-02;1.628365e-01;1.645932e-01;2.450558e-02;1.401999e-02;4.588694e-02;1.458026e-02;8.218427e-02;3.294647e-01;4.378853e-02;1.599810e-02;2.877180e-02
3.102721e-02;1.291444e-01;2.803768e-01;2.296424e-02;2.163474e-02;4.322946e-02;2.125899e-02;2.118405e-02;2.945662e-01;9.454121e-02;1.364101e-02;2.643160e-02
4.588751e-02;9.501866e-02;3.814646e-01;2.982933e-02;3.528728e-02;2.926071e-02;2.849552e-02;2.176372e-02;1.694875e-01;1.351841e-01;1.603219e-02;1.228886e-02
8.636498e-02;1.244229e-01;3.883187e-01;3.308907e-02;4.124733e-02;1.980900e-02;3.812002e-02;4.627785e-02;6.302915e-02;1.146132e-01;2.035460e-02;2.435319e-02
9.005027e-02;9.800814e-02;3.764238e-01;3.753993e-02;4.023883e-02;2.221104e-02;3.077224e-02;7.897875e-02;1.038547e-01;5.086926e-02;3.595953e-02;3.509354e-02
8.630790e-02;9.103634e-02;3.538280e-01;3.892194e-02;4.021974e-02;2.429921e-02;4.309239e-02;9.391905e-02;1.447665e-01;2.701508e-02;2.419464e-02;3.239927e-02
1.058365e-01;1.263470e-01;3.243525e-01;4.116442e-02;3.408525e-02;2.066674e-02;5.176351e-02;1.023407e-01;1.148005e-01;3.076345e-02;2.587987e-02;2.199947e-02
1.076904e-01;7.591958e-02;3.393564e-01;5.075366e-02;3.520699e-02;3.661459e-02;7.027588e-02;1.197189e-01;5.917362e-02;4.494534e-02;3.385460e-02;2.649005e-02
1.014386e-01;7.332369e-02;3.245338e-01;4.324318e-02;4.488790e-02;5.307755e-02;5.827253e-02;8.325680e-02;1.107962e-01;4.358231e-02;3.711505e-02;2.647233e-02
9.612292e-02;1.163368e-01;1.903785e-01;3.146166e-02;5.175091e-02;5.616502e-02;5.832890e-02;1.068759e-01;1.567675e-01;5.539828e-02;4.982421e-02;3.058943e-02
1.057319e-01;1.220416e-01;8.787014e-02;2.958687e-02;6.315564e-02;4.816328e-02;7.062718e-02;1.506495e-01;9.083083e-02;1.000941e-01;8.189166e-02;4.935718e-02
7.131669e-02;1.037921e-01;1.785131e-01;2.500062e-02;4.954245e-02;7.432610e-02;6.284009e-02;1.075060e-01;1.210535e-01;7.658821e-02;8.204132e-02;4.747987e-02
7.462187e-02;1.290937e-01;2.272968e-01;3.071933e-02;6.640492e-02;9.814655e-02;5.197902e-02;5.833446e-02;7.756975e-02;6.575461e-02;6.671073e-02;5.336835e-02
8.423344e-02;1.013872e-01;1.565591e-01;6.068296e-02;9.875862e-02;9.010147e-02;1.204429e-01;5.943715e-02;6.321296e-02;8.541226e-02;3.865103e-02;4.112086e-02
8.944990e-02;6.636275e-02;9.142167e-02;5.535382e-02;7.848269e-02;8.993962e-02;1.615103e-01;8.321407e-02;9.618912e-02;9.825684e-02;3.667879e-02;5.314045e-02
7.833757e-02;8.234082e-02;7.326761e-02;5.842495e-02;4.819422e-02;8.390164e-02;1.379243e-01;1.076179e-01;1.417477e-01;9.854379e-02;3.513911e-02;5.456042e-02
6.143067e-02;7.346033e-02;6.948415e-02;5.233390e-02;4.754248e-02;6.878716e-02;1.832346e-01;1.104684e-01;1.397202e-01;1.182192e-01;3.811400e-02;3.720491e-02
4.270981e-02;4.517046e-02;7.242738e-02;4.201125e-02;5.830453e-02;1.138945e-01;2.027891e-01;8.486757e-02;1.338236e-01;1.419264e-01;3.673383e-02;2.534143e-02
5.156329e-02;3.786692e-02;9.078315e-02;3.924568e-02;4.455657e-02;1.403585e-01;1.578287e-01;9.553714e-02;1.350112e-01;1.550622e-01;2.305886e-02;2.912785e-02
4.713369e-02;2.647087e-02;1.097863e-01;3.799751e-02;5.461705e-02;1.048856e-01;2.255470e-01;1.035431e-01;1.131939e-01;1.256805e-01;2.071406e-02;3.043040e-02
1.935120e-02;1.896848e-02;1.903621e-01;4.365823e-02;9.916788e-02;7.374983e-02;2.483727e-01;9.173097e-02;8.819298e-02;8.557295e-02;2.768691e-02;1.318588e-02
1.850793e-02;1.986396e-02;2.524196e-01;3.785003e-02;1.015541e-01;6.439279e-02;2.557579e-01;6.385681e-02;6.546243e-02;7.731801e-02;3.072897e-02;1.228748e-02
3.290978e-02;2.936989e-02;2.496140e-01;3.470236e-02;9.639261e-02;6.927926e-02;2.637357e-01;4.511901e-02;5.367425e-02;7.328432e-02;3.303781e-02;1.888093e-02
4.913135e-02;4.286331e-02;1.951510e-01;4.238554e-02;1.178585e-01;9.618861e-02;2.268172e-01;3.470026e-02;5.246803e-02;7.981139e-02;3.915870e-02;2.346610e-02
5.423904e-02;4.885724e-02;1.437706e-01;5.317354e-02;1.118439e-01;1.246834e-01;1.994376e-01;3.633244e-02;6.414173e-02;8.147385e-02;4.313497e-02;3.891172e-02
2.469636e-02;4.878269e-02;1.322012e-01;6.151986e-02;6.362766e-02;1.022168e-01;2.749623e-01;5.294637e-02;7.012331e-02;8.554222e-02;3.474930e-02;4.863195e-02
3.819001e-02;7.072312e-02;1.307702e-01;6.884834e-02;8.627263e-02;1.016780e-01;1.414955e-01;6.602253e-02;7.285262e-02;9.064955e-02;7.535653e-02;5.714098e-02
4.687588e-02;8.288079e-02;1.432886e-01;4.435612e-02;9.188144e-02;1.053546e-01;1.798072e-01;6.202710e-02;6.761348e-02;7.541146e-02;3.994559e-02;6.055765e-02
5.084927e-02;6.682916e-02;8.345056e-02;8.570728e-02;1.032733e-01;9.162889e-02;1.475046e-01;1.127793e-01;5.590518e-02;7.814413e-02;6.936041e-02;5.456785e-02
7.442216e-02;7.162984e-02;7.380835e-02;7.915449e-02;8.304623e-02;8.731508e-02;1.366409e-01;1.146771e-01;6.806859e-02;8.118723e-02;7.484807e-02;5.520194e-02
1.020586e-01;7.674075e-02;6.925838e-02;6.537005e-02;6.667698e-02;8.106874e-02;1.380883e-01;1.099697e-01;8.406862e-02;8.396011e-02;6.942243e-02;5.331733e-02
1.185246e-01;9.800276e-02;1.092035e-01;5.165388e-02;5.025919e-02;6.630456e-02;1.118618e-01;9.414713e-02;1.025485e-01;9.837709e-02;5.214344e-02;4.697349e-02
1.324591e-01;7.968093e-02;2.399886e-01;4.514993e-02;4.637206e-02;5.297407e-02;1.154499e-01;6.063765e-02;6.359034e-02;7.302605e-02;5.230292e-02;3.836853e-02
1.499527e-01;6.995361e-02;1.908353e-01;5.326232e-02;4.067647e-02;2.653862e-02;1.639055e-01;8.668622e-02;3.886656e-02;6.918639e-02;4.188577e-02;6.825052e-02
1.420258e-01;5.141394e-02;8.373673e-02;6.512182e-02;3.220776e-02;3.268560e-02;2.497182e-01;1.049620e-01;2.279946e-02;5.113036e-02;4.208548e-02;1.221128e-01
8.615118e-02;3.111657e-02;5.462512e-02;6.731158e-02;3.134711e-02;5.838769e-02;2.980795e-01;9.679363e-02;2.321248e-02;4.008098e-02;5.704481e-02;1.558493e-01
4.492468e-02;2.813583e-02;1.144343e-01;5.522688e-02;4.465367e-02;7.904356e-02;2.565399e-01;6.451019e-02;3.235678e-02;5.400310e-02;8.786890e-02;1.383023e-01
5.368520e-02;3.801580e-02;1.533063e-01;5.116510e-02;6.353922e-02;8.229806e-02;1.989409e-01;3.548944e-02;4.965184e-02;7.761467e-02;8.997343e-02;1.063201e-01
6.775847e-02;6.565010e-02;1.035363e-01;6.202060e-02;7.270212e-02;6.989160e-02;1.261417e-01;5.498916e-02;1.137789e-01;1.542000e-01;5.084216e-02;5.848884e-02
5.644687e-02;7.198461e-02;1.184386e-01;5.841782e-02;5.735230e-02;6.046982e-02;9.397936e-02;6.504650e-02;1.248365e-01;1.961461e-01;4.901259e-02;4.786900e-02
3.099942e-02;7.687910e-02;1.780429e-01;6.598669e-02;5.340115e-02;5.179230e-02;6.506287e-02;5.675589e-02;1.071919e-01;2.127923e-01;4.914251e-02;5.195311e-02
8.005457e-02;6.146298e-02;2.950249e-01;5.456891e-02;5.522529e-02;3.894867e-02;4.295977e-02;4.858009e-02;5.617681e-02;1.421630e-01;6.822355e-02;5.661142e-02
1.129780e-01;6.128719e-02;3.108874e-01;4.123295e-02;6.282441e-02;4.198946e-02;6.734145e-02;3.882387e-02;4.376522e-02;8.462700e-02;8.223387e-02;5.200927e-02
9.456427e-02;7.079416e-02;2.460514e-01;5.947178e-02;6.535291e-02;5.139639e-02;7.347721e-02;4.245012e-02;7.195432e-02;8.799758e-02;7.886076e-02;5.762918e-02
3.982132e-02;5.793409e-02;2.326499e-01;1.017245e-01;5.867402e-02;6.498641e-02;9.772080e-02;5.283060e-02;9.528090e-02;7.534284e-02;6.350720e-02;5.952741e-02
7.681848e-02;2.857979e-02;2.696360e-01;9.165005e-02;6.361661e-02;5.062119e-02;1.223028e-01;4.642398e-02;6.585103e-02;1.034066e-01;4.009784e-02;4.099561e-02
1.072063e-01;5.808853e-02;1.613295e-01;6.232816e-02;6.726755e-02;7.222996e-02;1.455407e-01;5.789798e-02;7.686115e-02;1.002467e-01;4.926103e-02;4.174245e-02
1.056819e-01;7.123938e-02;1.988584e-01;5.934421e-02;6.661068e-02;6.629057e-02;1.236912e-01;4.377673e-02;8.437397e-02;9.209660e-02;3.656538e-02;5.147098e-02
6.666651e-02;6.657571e-02;2.246846e-01;6.206881e-02;7.154460e-02;7.112556e-02;7.829206e-02;4.847986e-02;9.243973e-02;9.921709e-02;4.754014e-02;7.136529e-02
7.749508e-02;9.288194e-02;2.555765e-01;1.025570e-01;3.762595e-02;5.084582e-02;5.295927e-02;6.143512e-02;8.612263e-02;6.062564e-02;3.484162e-02;8.703339e-02
8.891957e-02;1.123046e-01;2.421901e-01;1.205286e-01;3.404877e-02;4.141972e-02;5.394351e-02;6.133431e-02;8.482943e-02;4.726746e-02;3.296258e-02;8.025137e-02
9.923904e-02;1.330535e-01;2.330869e-01;1.113875e-01;4.634981e-02;3.399868e-02;5.126456e-02;5.405027e-02;7.805619e-02;5.277406e-02;3.409696e-02;7.264248e-02
9.467150e-02;1.520595e-01;2.200782e-01;9.757003e-02;5.795623e-02;2.889364e-02;5.829639e-02;4.577640e-02;7.233880e-02;7.283355e-02;3.312904e-02;6.639677e-02
3.881911e-02;1.271205e-01;2.523549e-01;9.720112e-02;8.525853e-02;3.454513e-02;5.360914e-02;4.767970e-02;5.547187e-02;1.175303e-01;4.627989e-02;4.412987e-02
9.198641e-02;7.513892e-02;2.760793e-01;3.701661e-02;5.848999e-02;3.450048e-02;7.711238e-02;9.665492e-02;9.728628e-02;6.118245e-02;4.992086e-02;4.463136e-02
9.097680e-02;8.060541e-02;2.119842e-01;3.505179e-02;4.336184e-02;4.308385e-02;1.030324e-01;8.360467e-02;1.229061e-01;7.686422e-02;9.147450e-02;1.705420e-02
1.113797e-01;7.827681e-02;1.637071e-01;3.142507e-02;5.295152e-02;4.908215e-02;1.001669e-01;9.138015e-02;1.049048e-01;4.390546e-02;1.386990e-01;3.412137e-02
1.467231e-01;5.539236e-02;1.183460e-01;3.428327e-02;7.452805e-02;3.386230e-02;9.491714e-02;1.264671e-01;1.875734e-02;9.208945e-02;1.626884e-01;4.194558e-02
1.514835e-01;4.324557e-02;1.109658e-01;4.079940e-02;7.386014e-02;2.808250e-02;9.979078e-02;1.340647e-01;6.398321e-02;1.245210e-01;1.018657e-01;2.733758e-02
1.699209e-01;4.229114e-02;8.975422e-02;4.872754e-02;6.047767e-02;2.932441e-02;1.798157e-01;1.397493e-01;5.654743e-02;8.808129e-02;6.570657e-02;2.960376e-02
1.874560e-01;1.954806e-02;9.464220e-02;5.879956e-02;4.818595e-02;3.307863e-02;2.409237e-01;1.394972e-01;4.092825e-02;4.129576e-02;5.236084e-02;4.328374e-02
2.225178e-01;2.693390e-02;1.108837e-01;5.991715e-02;3.927886e-02;2.985137e-02;2.144616e-01;1.271662e-01;2.772434e-02;4.498235e-02;4.069578e-02;5.558690e-02
2.789601e-01;4.578935e-02;1.228735e-01;4.626834e-02;3.333190e-02;2.770409e-02;1.507736e-01;1.016439e-01;3.206437e-02;5.198159e-02;4.015767e-02;6.845161e-02
2.979193e-01;5.687377e-02;1.340251e-01;2.884061e-02;5.192944e-02;2.095602e-02;1.231660e-01;7.785905e-02;2.463763e-02;4.708206e-02;5.305730e-02;8.365364e-02
2.816929e-01;3.280924e-02;8.643764e-02;2.464546e-02;7.311224e-02;2.126374e-02;1.290158e-01;1.070462e-01;4.119100e-02;5.078495e-02;6.501748e-02;8.698336e-02
1.947164e-01;4.273875e-02;2.394559e-01;2.820934e-02;6.180032e-02;1.796679e-02;1.004505e-01;1.073586e-01;3.474063e-02;4.442172e-02;6.877293e-02;5.936803e-02
1.026698e-01;4.489166e-02;4.071081e-01;3.686447e-02;4.372434e-02;1.668105e-02;7.693777e-02;9.665662e-02;2.827885e-02;4.598012e-02;5.680349e-02;4.340372e-02
3.482954e-02;3.468531e-02;5.069041e-01;2.892823e-02;3.752444e-02;2.096850e-02;6.201585e-02;9.129076e-02;5.359000e-02;3.921428e-02;4.674235e-02;4.330669e-02
3.586072e-02;3.450355e-02;5.521267e-01;3.928641e-02;3.737312e-02;2.213764e-02;6.383974e-02;5.904297e-02;4.813346e-02;3.588116e-02;3.756895e-02;3.424558e-02
4.654260e-02;4.148216e-02;5.643377e-01;4.097294e-02;5.121489e-02;2.862589e-02;6.054722e-02;3.536728e-02;3.725669e-02;3.689689e-02;2.751613e-02;2.923969e-02
6.500909e-02;4.931739e-02;4.967614e-01;4.047073e-02;5.573461e-02;4.903988e-02;5.796814e-02;2.725882e-02;4.935660e-02;4.116386e-02;2.930246e-02;3.861693e-02
1.043147e-01;4.733625e-02;3.766583e-01;4.696104e-02;6.181461e-02;5.347480e-02;5.386573e-02;2.396781e-02;9.033111e-02;5.854628e-02;3.671445e-02;4.601487e-02
7.040534e-02;6.442238e-02;2.599032e-01;4.500744e-02;5.645882e-02;4.588545e-02;1.205010e-01;5.011802e-02;1.179883e-01;8.487253e-02;2.116265e-02;6.327481e-02
7.139992e-02;6.915242e-02;1.651202e-01;3.546319e-02;5.612978e-02;4.640203e-02;1.928621e-01;7.225446e-02;1.018859e-01;8.859876e-02;3.720366e-02;6.352755e-02
4.864940e-02;5.622764e-02;2.897496e-01;3.241613e-02;6.032607e-02;4.885004e-02;1.570941e-01;5.975885e-02;8.399694e-02;6.835612e-02;4.744902e-02;4.712615e-02
2.988640e-02;4.628776e-02;3.678505e-01;3.852652e-02;7.488406e-02;5.114394e-02;1.217929e-01;6.089085e-02;5.677034e-02;4.852083e-02;5.889219e-02;4.455367e-02
2.074259e-02;4.137957e-02;3.778500e-01;4.619056e-02;6.465730e-02;4.779403e-02;1.193632e-01;7.288720e-02;4.740159e-02;4.904005e-02;6.881630e-02;4.387759e-02
3.740746e-02;5.857045e-02;3.840574e-01;5.978036e-02;6.233271e-02;2.660858e-02;1.043977e-01;4.848412e-02;6.213125e-02;6.519969e-02;5.992758e-02;3.110272e-02
5.833663e-02;5.942946e-02;1.762363e-01;5.244743e-02;9.127478e-02;5.858878e-02;1.403177e-01;9.070476e-02;7.633464e-02;8.366528e-02;6.291322e-02;4.975105e-02
4.279834e-02;4.023554e-02;2.614031e-01;6.249329e-02;5.624273e-02;6.443358e-02;1.032109e-01;8.708406e-02;9.126617e-02;8.173157e-02;5.404701e-02;5.505371e-02
3.517738e-02;3.277472e-02;2.123531e-01;5.328773e-02;7.727145e-02;7.768807e-02;1.330163e-01;7.769319e-02;9.451897e-02;9.384441e-02;5.755509e-02;5.481958e-02
3.976880e-02;1.839115e-02;2.150689e-01;5.895854e-02;7.761457e-02;7.406221e-02;1.147102e-01;6.302219e-02;8.829599e-02;1.313044e-01;5.492222e-02;6.388088e-02
4.546127e-02;4.692319e-02;1.710672e-01;8.820170e-02;6.815711e-02;5.014002e-02;1.140444e-01;7.223396e-02;9.640296e-02;1.449287e-01;4.657262e-02;5.586689e-02
7.645099e-02;7.688261e-02;1.031798e-01;5.106113e-02;6.453183e-02;7.215977e-02;1.197241e-01;1.189692e-01;8.119955e-02;1.237637e-01;6.327580e-02;4.880149e-02
9.391316e-02;5.654151e-02;7.841739e-02;4.560564e-02;5.924992e-02;7.205717e-02;1.245409e-01;1.095970e-01;8.985757e-02;1.418204e-01;6.504506e-02;6.335422e-02
1.023672e-01;5.402664e-02;8.236033e-02;4.042285e-02;5.382076e-02;5.784623e-02;1.449664e-01;1.020155e-01;9.491519e-02;1.439528e-01;5.582203e-02;6.748400e-02
1.170326e-01;4.557297e-02;1.035490e-01;5.325104e-02;2.817097e-02;6.997746e-02;1.292120e-01;1.189107e-01;9.170502e-02;1.294392e-01;4.328805e-02;6.989098e-02
1.100300e-01;5.163367e-02;1.069956e-01;9.757636e-02;6.954698e-02;1.362898e-01;4.722461e-02;1.257216e-01;6.172334e-02;9.410232e-02;4.428381e-02;5.487193e-02
7.702237e-02;6.569567e-02;1.399107e-01;7.282159e-02;9.372847e-02;9.706515e-02;7.964730e-02;8.237713e-02;1.125435e-01;7.265236e-02;5.636477e-02;5.017098e-02
9.597765e-02;7.908577e-02;1.286885e-01;5.156688e-02;9.116127e-02;7.281040e-02;9.986613e-02;6.198724e-02;1.297507e-01;7.706320e-02;6.179626e-02;5.024602e-02
9.650236e-02;6.858437e-02;7.695926e-02;8.274420e-02;1.036308e-01;6.116345e-02;1.009973e-01;4.401323e-02;1.603774e-01;1.096678e-01;6.109565e-02;3.426420e-02
1.214175e-01;4.023051e-02;5.602732e-02;1.507909e-01;9.951407e-02;3.131274e-02;7.656820e-02;2.875159e-02;2.112464e-01;1.245418e-01;4.838495e-02;1.121406e-02
1.456427e-01;3.900605e-02;5.878419e-02;1.971193e-01;8.055826e-02;1.966108e-02;5.580367e-02;2.739619e-02;2.425489e-01;8.464941e-02;3.446972e-02;1.436062e-02
1.398789e-01;4.317458e-02;7.002120e-02;2.004664e-01;8.253270e-02;1.544931e-02;5.951405e-02;2.447199e-02;2.267213e-01;8.504406e-02;3.960868e-02;1.311680e-02
1.330741e-01;2.832187e-02;8.705327e-02;2.129636e-01;8.248650e-02;2.071668e-02;4.622227e-02;2.193418e-02;2.293552e-01;7.242304e-02;3.905683e-02;2.639249e-02
1.294921e-01;2.487271e-02;1.041308e-01;2.245911e-01;6.422446e-02;2.627008e-02;4.003841e-02;1.952490e-02;2.436292e-01;7.390837e-02;2.913120e-02;2.018651e-02
1.168042e-01;2.427188e-02;1.268684e-01;2.133799e-01;3.816462e-02;2.297387e-02;3.506200e-02;3.528874e-02;2.380347e-01;7.549302e-02;4.624084e-02;2.741776e-02
1.131814e-01;3.553028e-02;1.302245e-01;2.060646e-01;2.835754e-02;1.129894e-02;4.507962e-02;3.842212e-02;2.236519e-01;8.096459e-02;5.491352e-02;3.231104e-02
9.923606e-02;5.010919e-02;1.642587e-01;1.976497e-01;2.240518e-02;8.806623e-03;4.156920e-02;3.186825e-02;2.098966e-01;9.709985e-02;3.949614e-02;3.760449e-02
1.074596e-01;3.700164e-02;1.758971e-01;1.839852e-01;2.850982e-02;1.323144e-02;3.227247e-02;3.372957e-02;1.942399e-01;9.370404e-02;4.287280e-02;5.709644e-02
8.592440e-02;3.008652e-02;1.674488e-01;1.771947e-01;4.006721e-02;1.159307e-02;4.028253e-02;2.146758e-02;1.918474e-01;9.578587e-02;6.144585e-02;7.685596e-02
7.952511e-02;3.406897e-02;1.662096e-01;1.669994e-01;4.388132e-02;1.181407e-02;4.380681e-02;1.840096e-02;2.070490e-01;1.125251e-01;7.393497e-02;4.178468e-02
7.492478e-02;3.216734e-02;1.514373e-01;1.339715e-01;5.518442e-02;1.662905e-02;5.738318e-02;2.188973e-02;2.094089e-01;1.339484e-01;8.649439e-02;2.656110e-02
1.038572e-01;4.240330e-02;1.205239e-01;9.259066e-02;6.506503e-02;2.877849e-02;5.865398e-02;1.182624e-02;1.920722e-01;1.495850e-01;9.778696e-02;3.685703e-02
1.294455e-01;9.148448e-02;7.080847e-02;6.102454e-02;9.355589e-02;3.667903e-02;9.001529e-02;1.643332e-02;1.161082e-01;1.796919e-01;7.945853e-02;3.529480e-02
1.233496e-01;9.564333e-02;8.996017e-02;5.895822e-02;1.005043e-01;4.254867e-02;8.851240e-02;3.302101e-02;6.190349e-02;1.808386e-01;9.213638e-02;3.262393e-02
1.026470e-01;7.335295e-02;1.243033e-01;5.982910e-02;8.838525e-02;4.638961e-02;4.983336e-02;4.640396e-02;5.140038e-02;1.934426e-01;1.294906e-01;3.452182e-02
8.089942e-02;5.491440e-02;1.005040e-01;5.322497e-02;6.898881e-02;4.394502e-02;5.061517e-02;5.068018e-02;6.252360e-02;1.976345e-01;1.881932e-01;4.787671e-02
7.135053e-02;7.860230e-02;1.062715e-01;4.549714e-02;6.548618e-02;2.106044e-02;4.360142e-02;4.968856e-02;7.405908e-02;1.928201e-01;2.005219e-01;5.104090e-02
6.846381e-02;7.137607e-02;8.756863e-02;3.849883e-02;7.609887e-02;3.543385e-02;5.791964e-02;5.588663e-02;6.337583e-02;2.171891e-01;1.895495e-01;3.863927e-02
7.269174e-02;6.532597e-02;8.374216e-02;4.589905e-02;6.550036e-02;4.944380e-02;6.882365e-02;5.923362e-02;6.112770e-02;2.054621e-01;1.754377e-01;4.731208e-02
9.778547e-02;8.339203e-02;5.713724e-02;6.493431e-02;6.982509e-02;5.970373e-02;6.369349e-02;7.081692e-02;5.814624e-02;1.838903e-01;1.548259e-01;3.584928e-02
9.172170e-02;7.636801e-02;9.921469e-02;7.015385e-02;7.840485e-02;5.213358e-02;1.332248e-01;6.902044e-02;4.563000e-02;1.309654e-01;1.104717e-01;4.269100e-02
5.555211e-02;6.972759e-02;1.033320e-01;7.580718e-02;8.868553e-02;6.314956e-02;1.861775e-01;5.298068e-02;6.430276e-02;1.141968e-01;6.901703e-02;5.707121e-02
6.208601e-02;7.730135e-02;1.023998e-01;6.739097e-02;8.211529e-02;9.953637e-02;1.702468e-01;5.825120e-02;5.571166e-02;7.520646e-02;7.106416e-02;7.868993e-02
6.314909e-02;7.417637e-02;5.778603e-02;5.053379e-02;4.661303e-02;8.112043e-02;1.545469e-01;1.013976e-01;1.033709e-01;1.277923e-01;8.893002e-02;5.058356e-02
