7.699842e-02;9.748158e-02;9.139930e-02;2.405565e-02;5.435664e-02;6.774233e-02;1.051575e-01;8.159572e-02;1.468944e-01;1.075701e-01;1.132530e-01;3.349538e-02
5.401122e-02;1.088955e-01;1.189026e-01;4.859076e-02;6.991488e-02;9.070016e-02;8.537834e-02;6.069100e-02;1.268202e-01;1.219025e-01;8.853877e-02;2.565412e-02
6.887510e-02;8.671720e-02;1.765328e-01;6.905729e-02;5.958217e-02;6.482033e-02;1.091603e-01;3.431395e-02;7.584404e-02;1.042195e-01;8.410882e-02;6.676844e-02
7.506822e-02;6.158762e-02;1.968111e-01;1.024614e-01;7.339092e-02;3.815586e-02;1.013389e-01;5.170682e-02;6.129775e-02;6.486293e-02;1.163264e-01;5.699209e-02
5.546592e-02;6.875263e-02;2.207667e-01;1.382596e-01;7.166209e-02;4.759341e-02;7.821968e-02;6.797543e-02;2.969452e-02;4.969024e-02;1.336286e-01;3.829110e-02
4.990187e-02;7.211293e-02;2.932838e-01;1.295216e-01;5.247781e-02;3.717358e-02;8.342742e-02;5.206079e-02;3.201101e-02;6.223922e-02;1.122339e-01;2.355600e-02
5.187174e-02;7.144351e-02;3.975240e-01;8.221481e-02;3.826876e-02;2.403190e-02;9.386256e-02;1.864159e-02;3.445231e-02;1.060848e-01;5.698252e-02;2.462155e-02
3.409388e-02;9.237897e-02;4.642858e-01;4.609611e-02;3.049136e-02;2.353938e-02;8.783519e-02;2.498345e-02;1.772002e-02;1.206314e-01;3.740565e-02;2.053877e-02
4.955850e-02;1.268007e-01;4.324347e-01;2.870571e-02;3.404899e-02;3.328241e-02;7.545984e-02;2.441089e-02;3.298737e-02;9.374605e-02;3.539975e-02;3.316501e-02
7.423725e-02;1.009810e-01;3.882678e-01;3.997021e-02;4.066326e-02;3.894727e-02;7.528659e-02;3.682804e-02;5.056367e-02;6.465043e-02;6.029196e-02;2.931268e-02
8.425318e-02;3.253549e-02;3.320491e-01;3.483091e-02;5.477112e-02;5.465491e-02;5.997891e-02;8.013279e-02;9.422977e-02;7.051909e-02;7.444907e-02;2.759568e-02
6.366508e-02;5.689024e-02;2.170326e-01;3.080629e-02;4.518897e-02;5.530578e-02;7.371560e-02;1.155378e-01;1.221735e-01;7.424235e-02;6.129182e-02;8.415002e-02
5.571926e-02;6.398813e-02;1.134890e-01;3.535596e-02;3.289002e-02;4.883835e-02;7.587045e-02;1.520940e-01;1.528304e-01;9.520467e-02;1.028853e-01;7.083443e-02
6.656438e-02;5.120522e-02;4.625582e-02;3.950970e-02;2.560808e-02;4.208560e-02;4.767413e-02;2.143509e-01;1.492842e-01;1.531857e-01;1.103446e-01;5.393171e-02
7.434212e-02;2.576538e-02;3.135671e-02;5.929439e-02;3.661034e-02;3.595170e-02;8.085429e-02;1.844922e-01;1.923655e-01;1.223540e-01;9.854113e-02;5.807213e-02
5.268461e-02;2.884207e-02;3.002405e-02;8.846729e-02;7.060749e-02;6.725978e-02;1.064375e-01;1.772560e-01;1.786691e-01;6.052507e-02;8.183227e-02;5.739477e-02
3.052340e-02;6.478221e-02;4.683413e-02;8.323107e-02;9.558035e-02;9.986462e-02;8.311128e-02;1.354903e-01;1.422879e-01;8.416621e-02;7.658903e-02;5.753949e-02
5.031974e-02;7.285395e-02;6.564365e-02;9.024304e-02;8.535092e-02;1.044812e-01;8.036011e-02;1.036492e-01;1.127726e-01;8.770204e-02;7.198571e-02;7.463792e-02
5.086638e-02;7.136121e-02;4.463907e-02;7.839243e-02;5.178254e-02;1.044354e-01;9.795116e-02;1.333269e-01;1.347878e-01;7.496691e-02;9.336454e-02;6.412572e-02
4.095246e-02;6.350823e-02;4.839464e-02;8.476013e-02;6.081099e-02;8.417723e-02;1.438356e-01;1.358060e-01;1.741166e-01;6.437211e-02;6.353458e-02;3.573142e-02
4.322657e-02;4.165920e-02;6.373191e-02;8.716238e-02;6.674819e-02;8.891466e-02;2.107484e-01;1.204490e-01;1.356426e-01;5.661315e-02;5.815135e-02;2.695259e-02
4.189423e-02;3.872143e-02;9.541573e-02;5.432953e-02;9.104367e-02;1.379034e-01;1.936803e-01;7.590287e-02;1.080400e-01;5.054400e-02;6.455164e-02;4.797307e-02
2.992851e-02;3.474718e-02;1.200838e-01;6.995551e-02;8.700293e-02;1.939215e-01;1.638105e-01;5.069554e-02;6.859881e-02;6.960732e-02;5.416835e-02;5.748002e-02
6.191520e-02;5.140527e-02;1.041048e-01;7.820025e-02;7.287496e-02;1.389253e-01;1.625468e-01;3.857523e-02;9.051882e-02;8.292855e-02;5.948852e-02;5.851630e-02
1.242158e-01;9.413052e-02;1.243617e-01;4.092404e-02;5.664890e-02;6.133767e-02;2.575580e-01;5.440294e-02;5.516114e-02;6.151052e-02;4.091614e-02;2.883262e-02
1.239525e-01;8.818916e-02;1.679602e-01;4.733474e-02;5.959908e-02;4.708492e-02;2.160493e-01;5.619521e-02;3.676053e-02;5.820493e-02;5.755007e-02;4.111937e-02
9.708853e-02;6.275432e-02;2.258492e-01;7.346360e-02;7.587687e-02;4.086804e-02;1.247474e-01;5.951876e-02;2.964774e-02;6.097011e-02;9.765162e-02;5.156373e-02
4.098677e-02;2.512975e-02;3.464685e-01;9.482796e-02;7.287858e-02;3.051466e-02;7.610378e-02;4.780741e-02;2.028582e-02;6.454290e-02;1.366315e-01;4.382233e-02
4.553728e-02;1.908306e-02;4.360129e-01;7.175361e-02;5.434486e-02;2.075989e-02;8.881531e-02;3.186391e-02;1.492195e-02;8.597443e-02;1.096968e-01;2.123601e-02
5.779978e-02;2.869020e-02;4.706531e-01;4.621577e-02;4.404734e-02;1.478647e-02;9.969045e-02;2.534487e-02;1.656799e-02;1.081229e-01;7.706501e-02;1.101617e-02
6.222563e-02;2.818058e-02;4.794860e-01;4.157934e-02;3.745426e-02;9.733754e-03;1.120910e-01;2.167376e-02;1.855153e-02;1.154739e-01;6.557074e-02;7.979535e-03
6.317676e-02;2.689834e-02;4.715773e-01;4.994293e-02;3.543630e-02;9.562018e-03;1.162613e-01;2.335917e-02;1.754546e-02;1.151398e-01;6.008871e-02;1.101188e-02
5.034752e-02;2.346564e-02;4.885529e-01;6.038062e-02;3.076272e-02;1.149780e-02;1.176442e-01;2.961139e-02;1.576034e-02;1.151207e-01;4.650886e-02;1.034735e-02
4.523041e-02;2.412297e-02;4.774108e-01;7.522923e-02;3.374299e-02;9.755838e-03;1.132778e-01;2.975875e-02;1.772269e-02;1.055398e-01;5.621354e-02;1.199508e-02
4.486410e-02;4.839081e-02;4.163530e-01;7.895914e-02;4.503945e-02;2.665239e-02;1.058122e-01;3.152702e-02;2.336827e-02;9.405669e-02;5.989736e-02;2.507958e-02
8.256806e-02;8.190782e-02;3.392614e-01;6.743295e-02;4.725365e-02;3.808450e-02;1.125900e-01;2.941337e-02;4.159575e-02;7.294603e-02;5.539818e-02;3.154832e-02
1.316409e-01;8.538216e-02;2.826437e-01;5.021882e-02;5.326030e-02;3.992580e-02;1.022784e-01;3.507021e-02;7.124958e-02;5.907885e-02;4.240518e-02;4.684596e-02
9.197763e-02;9.872530e-02;2.470327e-01;4.907509e-02;9.172636e-02;4.533261e-02;7.462979e-02;2.885661e-02;7.590704e-02;6.172635e-02;4.979235e-02;8.521821e-02
1.362177e-01;1.036354e-01;2.122287e-01;4.403475e-02;9.092818e-02;5.311733e-02;1.018014e-01;4.250417e-02;5.100211e-02;4.661291e-02;4.694495e-02;7.097237e-02
1.402770e-01;7.453944e-02;2.728302e-01;6.416436e-02;7.398064e-02;5.824968e-02;9.169748e-02;4.190022e-02;4.394716e-02;3.181190e-02;6.027475e-02;4.632710e-02
8.053862e-02;7.700573e-02;3.283956e-01;7.589878e-02;6.102503e-02;6.915025e-02;7.293230e-02;3.170835e-02;6.495453e-02;5.956232e-02;4.916787e-02;2.966063e-02
7.393480e-02;7.737440e-02;2.351759e-01;9.103285e-02;8.170354e-02;8.218074e-02;8.451010e-02;4.121917e-02;6.472778e-02;6.592636e-02;5.285100e-02;4.936329e-02
7.984014e-02;7.508431e-02;1.160372e-01;9.742823e-02;1.063204e-01;9.400193e-02;1.110783e-01;9.192116e-02;5.194101e-02;6.100035e-02;5.415769e-02;6.118933e-02
9.631418e-02;7.260709e-02;9.377602e-02;7.651976e-02;8.170418e-02;8.643643e-02;1.056798e-01;1.148586e-01;8.251192e-02;6.726921e-02;5.319169e-02;6.913116e-02
8.734243e-02;8.192062e-02;1.146034e-01;5.607248e-02;8.951290e-02;7.450534e-02;6.743098e-02;9.692848e-02;8.368408e-02;9.894671e-02;7.118464e-02;7.786797e-02
9.049700e-02;8.073414e-02;1.488210e-01;7.866755e-02;4.887696e-02;3.338471e-02;1.061439e-01;9.200073e-02;8.416065e-02;1.182019e-01;5.464732e-02;6.386414e-02
7.350394e-02;4.754150e-02;1.746586e-01;1.025867e-01;5.216135e-02;3.285500e-02;1.431985e-01;6.694299e-02;7.964004e-02;1.081945e-01;6.678654e-02;5.193033e-02
5.100604e-02;4.771332e-02;2.361259e-01;8.970094e-02;5.746650e-02;6.234747e-02;1.425022e-01;4.334412e-02;6.592228e-02;7.636713e-02;8.921755e-02;3.828664e-02
1.061825e-01;7.084738e-02;1.968622e-01;5.496729e-02;7.184097e-02;4.887369e-02;1.262947e-01;2.679330e-02;1.001325e-01;7.235967e-02;7.204881e-02;5.279694e-02
1.692628e-01;7.140025e-02;1.612665e-01;3.430155e-02;8.345225e-02;4.610328e-02;1.144178e-01;1.841965e-02;1.118425e-01;5.201343e-02;5.854007e-02;7.897995e-02
1.937091e-01;6.605974e-02;1.139044e-01;2.627576e-02;9.886776e-02;4.166058e-02;8.554427e-02;2.683102e-02;1.188088e-01;4.132197e-02;7.315773e-02;1.138588e-01
1.258751e-01;5.618576e-02;1.520828e-01;5.590328e-02;9.659167e-02;3.525903e-02;4.305667e-02;5.874605e-02;8.913485e-02;5.676533e-02;1.144403e-01;1.159591e-01
6.766800e-02;5.228199e-02;2.542817e-01;6.710272e-02;8.915576e-02;3.923916e-02;4.582106e-02;6.759129e-02;4.001291e-02;7.093072e-02;1.264170e-01;7.949769e-02
4.378532e-02;4.405188e-02;3.732283e-01;7.140134e-02;7.651746e-02;3.550409e-02;4.742704e-02;4.972716e-02;4.069620e-02;7.119986e-02;9.741196e-02;4.904942e-02
5.697048e-02;4.923613e-02;4.402543e-01;6.140494e-02;5.810082e-02;2.710543e-02;5.790912e-02;2.500771e-02;4.197940e-02;9.188348e-02;5.904720e-02;3.110099e-02
6.650420e-02;6.116654e-02;3.988230e-01;3.734367e-02;5.786859e-02;2.570674e-02;8.431064e-02;3.741344e-02;3.994422e-02;1.003545e-01;5.907397e-02;3.149053e-02
1.288148e-01;2.359729e-02;1.988086e-01;4.433310e-02;8.905607e-02;5.010784e-02;1.633950e-01;5.445442e-02;6.771350e-02;7.397360e-02;4.973181e-02;5.601387e-02
1.166825e-01;5.249640e-02;1.651839e-01;5.355680e-02;9.388553e-02;6.954566e-02;2.065364e-01;5.749122e-02;4.713370e-02;5.626746e-02;2.803521e-02;5.318519e-02
5.289497e-02;8.822726e-02;1.617466e-01;5.907289e-02;5.193148e-02;5.220629e-02;3.021853e-01;3.607519e-02;4.602429e-02;6.592128e-02;4.019897e-02;4.351547e-02
8.646837e-02;9.950243e-02;1.363930e-01;4.053703e-02;4.724707e-02;4.954150e-02;3.576544e-01;2.733807e-02;3.742710e-02;5.465083e-02;3.691236e-02;2.632786e-02
1.024515e-01;1.013446e-01;1.099815e-01;2.943009e-02;4.918601e-02;5.717307e-02;4.119724e-01;1.190580e-02;3.253946e-02;4.860664e-02;3.165961e-02;1.374926e-02
9.774539e-02;9.477767e-02;8.235761e-02;2.290274e-02;6.203723e-02;6.089529e-02;4.351477e-01;1.278473e-02;2.752265e-02;5.745111e-02;3.834482e-02;8.033033e-03
1.158727e-01;6.489331e-02;9.528256e-02;4.272173e-02;1.053807e-01;8.427286e-02;3.177530e-01;2.119942e-02;4.329304e-02;5.620707e-02;2.749380e-02;2.562978e-02
8.638234e-02;3.884587e-02;2.437200e-01;5.757516e-02;1.286147e-01;8.064592e-02;1.945708e-01;2.616234e-02;5.342386e-02;3.224877e-02;2.008894e-02;3.772128e-02
3.890982e-02;3.425273e-02;4.411301e-01;5.771910e-02;9.371989e-02;5.211355e-02;1.254303e-01;2.497072e-02;3.511465e-02;4.214493e-02;2.923667e-02;2.525756e-02
3.540877e-02;2.995256e-02;5.702376e-01;4.963185e-02;5.054017e-02;2.735324e-02;9.308623e-02;2.046318e-02;1.157555e-02;6.093307e-02;3.643458e-02;1.438318e-02
4.679263e-02;4.072636e-02;4.517528e-01;7.004587e-02;6.639623e-02;2.856635e-02;8.120780e-02;4.419064e-02;2.225503e-02;4.448959e-02;7.031281e-02;3.326390e-02
4.619428e-02;6.611709e-02;3.175513e-01;1.004169e-01;8.311722e-02;3.842555e-02;8.073128e-02;5.465237e-02;1.630490e-02;4.474189e-02;1.028363e-01;4.891089e-02
2.549111e-02;8.145820e-02;2.747572e-01;1.338526e-01;1.184580e-01;3.905404e-02;6.084681e-02;5.118636e-02;1.775957e-02;4.019426e-02;1.128679e-01;4.407401e-02
3.157735e-02;6.859240e-02;2.804972e-01;1.324259e-01;1.434629e-01;3.620611e-02;6.601394e-02;2.989213e-02;4.935768e-02;3.419369e-02;8.010702e-02;4.767366e-02
8.270648e-02;4.421427e-02;2.676081e-01;9.542122e-02;1.419290e-01;5.445138e-02;8.251424e-02;2.838676e-02;7.305164e-02;3.899965e-02;3.058705e-02;6.013019e-02
1.147522e-01;4.136817e-02;1.961277e-01;8.099484e-02;1.298786e-01;6.634079e-02;1.185586e-01;5.492640e-02;7.651145e-02;4.483456e-02;2.229274e-02;5.341408e-02
1.091724e-01;5.015605e-02;2.279985e-01;8.860232e-02;8.157904e-02;4.263944e-02;1.006767e-01;7.274158e-02;7.913577e-02;5.048513e-02;5.308022e-02;4.373285e-02
7.884323e-02;7.336404e-02;2.400578e-01;9.356671e-02;5.481645e-02;4.262327e-02;9.068519e-02;7.166040e-02;8.873321e-02;5.725977e-02;5.955422e-02;4.883569e-02
6.295843e-02;6.190588e-02;2.545613e-01;6.945397e-02;1.052085e-01;5.534295e-02;1.325590e-01;4.349510e-02;7.963477e-02;3.744022e-02;3.802904e-02;5.941083e-02
6.518693e-02;5.663088e-02;1.068513e-01;6.881741e-02;7.727384e-02;6.656405e-02;1.279285e-01;9.172495e-02;1.502807e-01;9.140275e-02;5.974216e-02;3.759662e-02
6.181493e-02;5.710279e-02;7.799616e-02;6.307673e-02;6.894396e-02;6.702469e-02;1.288507e-01;9.353008e-02;1.585431e-01;1.012994e-01;7.800537e-02;4.381208e-02
5.685768e-02;5.249928e-02;7.529832e-02;6.798751e-02;6.984586e-02;7.305939e-02;1.310239e-01;8.230861e-02;1.578042e-01;9.393085e-02;8.979189e-02;4.959250e-02
8.484388e-02;8.137606e-02;7.928367e-02;1.088686e-01;6.261674e-02;1.115812e-01;1.121338e-01;4.625302e-02;1.308536e-01;6.695931e-02;7.211915e-02;4.311092e-02
1.300319e-01;8.386481e-02;1.311665e-01;1.241802e-01;5.597519e-02;1.175029e-01;8.228427e-02;6.697451e-02;6.477028e-02;5.743225e-02;4.082862e-02;4.498867e-02
2.745907e-02;7.573416e-02;1.883300e-01;8.398338e-02;7.330780e-02;8.096296e-02;1.710001e-01;6.529305e-02;7.323287e-02;6.930667e-02;5.078792e-02;4.060196e-02
6.443112e-02;5.743381e-02;1.670773e-01;5.476303e-02;8.487663e-02;6.929667e-02;2.201033e-01;5.274948e-02;7.178792e-02;6.781772e-02;5.480027e-02;3.486279e-02
1.191066e-01;3.786875e-02;1.194018e-01;5.506534e-02;1.303729e-01;8.883521e-02;2.121030e-01;7.375214e-02;3.983292e-02;5.371866e-02;3.842634e-02;3.151631e-02
1.450832e-01;9.900785e-02;1.673004e-01;5.423260e-02;8.155864e-02;5.703291e-02;1.474600e-01;7.369459e-02;7.100611e-02;4.182059e-02;3.390681e-02;2.789629e-02
2.116266e-01;9.185648e-02;1.391604e-01;3.928704e-02;5.078529e-02;4.436868e-02;1.799063e-01;5.300758e-02;9.132442e-02;2.772616e-02;3.187491e-02;3.907612e-02
2.942637e-01;1.007758e-01;5.750408e-02;3.750558e-02;6.353715e-02;5.563044e-02;1.576998e-01;2.822004e-02;9.037165e-02;3.391488e-02;2.634493e-02;5.423194e-02
2.194402e-01;1.192286e-01;1.695575e-01;7.725131e-02;6.239723e-02;4.527041e-02;1.073797e-01;2.519366e-02;5.379255e-02;4.455336e-02;2.794664e-02;4.798882e-02
1.212616e-01;9.246086e-02;3.609219e-01;9.345442e-02;5.754969e-02;3.664481e-02;8.054887e-02;2.260561e-02;1.543796e-02;5.535202e-02;3.271215e-02;3.105016e-02
5.038660e-02;9.327792e-02;4.838485e-01;6.151973e-02;4.978882e-02;5.329546e-02;4.830939e-02;1.618932e-02;3.063648e-02;5.337715e-02;1.959880e-02;3.977186e-02
3.892522e-02;1.547887e-01;4.436209e-01;2.336712e-02;2.171062e-02;6.370471e-02;7.326210e-02;2.682729e-02;4.413167e-02;5.159944e-02;2.197747e-02;3.608472e-02
4.028169e-02;1.926287e-01;3.842930e-01;1.270260e-02;2.503190e-02;6.543904e-02;9.387626e-02;2.592135e-02;6.402335e-02;4.091387e-02;2.038420e-02;3.450409e-02
5.317025e-02;2.064910e-01;3.506283e-01;1.532810e-02;1.633441e-02;7.406678e-02;6.540013e-02;3.895506e-02;6.828015e-02;4.575308e-02;1.229665e-02;5.329601e-02
3.822911e-02;1.897609e-01;3.576552e-01;1.230349e-02;1.953340e-02;6.490240e-02;6.663151e-02;6.068911e-02;5.630191e-02;6.187640e-02;1.718140e-02;5.493511e-02
4.053435e-02;1.809041e-01;3.531409e-01;2.099360e-02;1.976907e-02;5.065935e-02;6.854804e-02;7.730982e-02;5.152754e-02;6.111599e-02;2.419609e-02;5.130114e-02
8.202597e-02;1.780725e-01;2.999336e-01;2.293877e-02;1.980722e-02;5.839974e-02;7.905602e-02;8.023675e-02;6.303376e-02;5.411661e-02;1.512589e-02;4.725327e-02
1.068270e-01;1.409926e-01;2.441388e-01;3.555498e-02;3.997003e-02;5.295261e-02;1.205500e-01;7.830570e-02;5.995033e-02;4.512028e-02;3.016070e-02;4.547688e-02
7.852277e-02;1.265741e-01;2.062416e-01;4.412520e-02;5.291767e-02;4.324866e-02;1.807744e-01;7.658342e-02;7.124168e-02;3.869869e-02;3.491306e-02;4.615868e-02
1.193006e-01;1.281417e-01;1.926670e-01;3.928077e-02;6.828777e-02;4.843943e-02;1.733780e-01;4.465502e-02;6.180877e-02;4.841476e-02;4.369782e-02;3.192827e-02
1.195829e-01;1.532852e-01;1.626990e-01;8.281730e-02;6.512975e-02;5.334883e-02;1.242826e-01;2.927670e-02;6.980721e-02;5.146141e-02;3.543895e-02;5.287018e-02
7.782729e-02;1.672049e-01;2.114256e-01;1.107167e-01;4.682558e-02;6.796238e-02;4.395024e-02;2.881929e-02;9.504178e-02;5.109372e-02;3.838822e-02;6.074430e-02
1.422844e-01;1.400641e-01;1.819932e-01;7.686946e-02;3.352061e-02;5.677325e-02;8.796763e-02;3.711783e-02;9.667272e-02;3.376570e-02;7.111983e-02;4.185127e-02
1.847833e-01;1.075087e-01;1.428437e-01;4.267709e-02;3.755939e-02;4.039388e-02;1.426378e-01;5.311342e-02;7.627347e-02;3.133759e-02;1.222100e-01;1.866169e-02
1.630068e-01;9.188120e-02;1.316797e-01;2.754860e-02;3.794728e-02;3.446251e-02;1.414875e-01;5.690588e-02;8.820405e-02;3.121640e-02;1.592249e-01;3.643516e-02
1.216836e-01;1.035043e-01;1.448994e-01;1.419076e-02;3.441289e-02;3.580445e-02;1.123692e-01;6.451206e-02;1.270957e-01;4.181748e-02;1.636350e-01;3.607520e-02
1.465207e-01;9.762698e-02;1.322427e-01;1.989923e-02;3.770800e-02;3.741190e-02;1.286817e-01;6.518040e-02;1.207741e-01;5.405018e-02;1.293316e-01;3.057256e-02
1.461094e-01;1.006117e-01;1.550825e-01;2.077085e-02;4.100372e-02;3.871245e-02;1.373606e-01;5.238317e-02;8.609840e-02;6.327700e-02;9.129249e-02;6.729768e-02
9.594166e-02;1.025943e-01;2.157954e-01;5.650641e-02;6.944519e-02;4.425679e-02;9.951390e-02;5.746941e-02;3.942820e-02;6.079215e-02;9.133574e-02;6.692085e-02
1.221068e-01;9.099180e-02;1.703529e-01;9.111907e-02;8.906448e-02;3.114833e-02;1.381845e-01;4.195276e-02;2.646893e-02;5.118311e-02;7.956079e-02;6.786655e-02
1.181477e-01;8.002007e-02;1.889267e-01;1.022293e-01;1.025202e-01;2.631365e-02;1.363997e-01;2.575038e-02;2.525873e-02;6.059790e-02;8.926934e-02;4.456639e-02
1.147852e-01;5.523412e-02;2.183335e-01;7.865927e-02;1.002873e-01;5.184940e-02;1.173641e-01;2.403962e-02;3.329058e-02;6.699241e-02;9.070526e-02;4.845918e-02
8.940315e-02;5.637381e-02;2.581885e-01;6.634455e-02;7.823449e-02;7.144462e-02;9.061964e-02;4.381699e-02;5.076355e-02;6.513543e-02;7.954968e-02;5.012562e-02
5.624244e-02;4.319916e-02;2.813630e-01;8.881325e-02;8.903560e-02;7.642210e-02;8.109836e-02;5.016936e-02;4.830663e-02;5.628081e-02;8.570617e-02;4.336317e-02
3.651779e-02;3.966208e-02;2.536756e-01;1.048850e-01;1.122758e-01;7.042520e-02;8.825613e-02;5.203684e-02;5.203170e-02;5.714732e-02;1.041746e-01;2.891194e-02
5.747914e-02;8.946341e-02;1.656400e-01;1.016459e-01;8.564128e-02;7.057801e-02;6.315792e-02;5.588330e-02;1.022767e-01;6.398866e-02;8.994391e-02;5.430181e-02
9.344647e-02;9.353855e-02;1.377520e-01;8.462813e-02;5.852506e-02;6.909480e-02;9.611270e-02;7.358688e-02;9.761500e-02;6.940012e-02;7.534033e-02;5.096001e-02
9.523810e-02;9.374476e-02;1.408720e-01;6.208339e-02;5.768811e-02;7.538228e-02;1.069749e-01;8.667509e-02;7.975961e-02;8.078114e-02;7.642093e-02;4.437972e-02
8.637036e-02;8.034191e-02;1.506630e-01;3.022370e-02;6.574839e-02;7.337458e-02;1.401838e-01;9.236894e-02;6.830308e-02;1.011567e-01;5.666889e-02;5.459662e-02
7.823240e-02;4.309916e-02;1.367926e-01;6.719305e-02;1.003248e-01;5.594888e-02;1.498514e-01;4.531416e-02;5.463094e-02;1.137218e-01;4.649521e-02;1.083957e-01
6.456592e-02;5.385989e-02;1.815988e-01;6.538378e-02;7.722232e-02;8.930087e-02;1.345696e-01;3.049953e-02;3.396998e-02;1.143094e-01;4.506385e-02;1.096560e-01
5.433377e-02;7.040233e-02;1.553981e-01;6.826060e-02;7.981029e-02;9.493528e-02;1.186832e-01;4.238688e-02;2.080641e-02;9.379109e-02;6.309855e-02;1.380935e-01
5.177242e-02;6.767855e-02;9.599289e-02;7.712737e-02;6.633672e-02;9.993736e-02;1.127536e-01;6.090905e-02;4.707782e-02;1.003114e-01;6.751639e-02;1.525864e-01
9.511395e-02;4.098275e-02;6.558139e-02;7.217471e-02;5.594051e-02;1.093170e-01;1.106079e-01;7.984712e-02;6.272954e-02;1.238877e-01;4.945259e-02;1.343649e-01
8.655419e-02;6.065301e-02;9.771080e-02;5.053422e-02;5.062211e-02;1.043039e-01;9.676282e-02;7.124045e-02;6.893881e-02;1.171535e-01;5.953024e-02;1.359958e-01
9.302025e-02;5.135011e-02;1.121738e-01;5.259161e-02;6.500871e-02;1.014037e-01;6.989282e-02;7.509022e-02;5.866375e-02;8.746366e-02;6.571795e-02;1.676234e-01
