9.752956e-02;8.212800e-02;6.945152e-02;2.060138e-02;3.362697e-02;7.448994e-02;2.925797e-02;1.270445e-01;5.620629e-02;9.509331e-02;1.570974e-01;1.574731e-01
7.866281e-02;6.581545e-02;8.337264e-02;1.838210e-02;4.479746e-02;8.423951e-02;5.400914e-02;6.644806e-02;6.384501e-02;7.578303e-02;1.705130e-01;1.941318e-01
1.674317e-02;5.996736e-02;1.172639e-01;3.904135e-02;8.367163e-02;1.654604e-01;7.074850e-02;5.407196e-02;5.644630e-02;4.349843e-02;1.274938e-01;1.655932e-01
4.795500e-02;8.167414e-02;1.098529e-01;7.806621e-02;1.001787e-01;1.614484e-01;6.799071e-02;5.847105e-02;4.992562e-02;2.410552e-02;1.118765e-01;1.084553e-01
4.978723e-02;1.429659e-01;1.352893e-01;8.343785e-02;9.215506e-02;1.035454e-01;5.539701e-02;6.698143e-02;6.089681e-02;2.547663e-02;1.104671e-01;7.360031e-02
5.606569e-02;2.573090e-01;1.150431e-01;6.754189e-02;7.252745e-02;5.334839e-02;3.324345e-02;8.261118e-02;1.026973e-01;4.080078e-02;7.396982e-02;4.484200e-02
3.617164e-02;3.406479e-01;2.127376e-01;3.142751e-02;3.787307e-02;3.815665e-02;1.820167e-02;5.518311e-02;1.395185e-01;6.780416e-02;4.054889e-03;1.822325e-02
2.237175e-02;3.346656e-01;2.948621e-01;1.833353e-02;1.278267e-02;3.098859e-02;8.083698e-03;6.022928e-02;1.094638e-01;6.564501e-02;1.785094e-02;2.472304e-02
2.099021e-02;3.352979e-01;4.008717e-01;1.890718e-02;9.687780e-03;2.392304e-02;1.441017e-02;3.931824e-02;4.568997e-02;6.580572e-02;1.031202e-02;1.478608e-02
2.244274e-02;3.107372e-01;4.555866e-01;2.815804e-02;2.195132e-02;2.285697e-02;1.826733e-02;1.883350e-02;2.041064e-02;6.112616e-02;1.133701e-02;8.292465e-03
2.061364e-02;2.765050e-01;4.789021e-01;2.033095e-02;2.801945e-02;1.754526e-02;1.570919e-02;2.430594e-02;2.496641e-02;6.606857e-02;1.370117e-02;1.333229e-02
1.905920e-02;2.516775e-01;5.085616e-01;1.376011e-02;2.417085e-02;1.951433e-02;2.933107e-02;1.888104e-02;1.994629e-02;7.487576e-02;9.497870e-03;1.072436e-02
1.651523e-02;2.037187e-01;5.506245e-01;2.205650e-02;2.035536e-02;1.701902e-02;3.476688e-02;8.508474e-03;2.064649e-02;9.020046e-02;7.474018e-03;8.114323e-03
1.523167e-02;1.898254e-01;5.425835e-01;2.578926e-02;1.755656e-02;1.921342e-02;4.055362e-02;1.729414e-02;2.250848e-02;9.139130e-02;1.073717e-02;7.315442e-03
1.840483e-02;1.899965e-01;5.160059e-01;2.557715e-02;2.186817e-02;1.378088e-02;5.906697e-02;2.581097e-02;2.308822e-02;7.436027e-02;2.297253e-02;9.067574e-03
2.189638e-02;1.516128e-01;4.899915e-01;4.355096e-02;2.919611e-02;3.110672e-02;7.541659e-02;3.539894e-02;1.681046e-02;6.649700e-02;2.362290e-02;1.489955e-02
3.389624e-02;1.340031e-01;3.931018e-01;7.793257e-02;3.982170e-02;4.209471e-02;6.663813e-02;6.694723e-02;3.351668e-02;7.825593e-02;1.875106e-02;1.504082e-02
4.053802e-02;1.514177e-01;3.864032e-01;8.105366e-02;3.335513e-02;6.333148e-02;4.388228e-02;5.571224e-02;3.447677e-02;5.258547e-02;4.298262e-02;1.426152e-02
2.873449e-02;2.170328e-01;4.179731e-01;1.125685e-01;2.742790e-02;2.521506e-02;2.827947e-02;3.786118e-02;2.054173e-02;2.423705e-02;5.118494e-02;8.943783e-03
1.562185e-02;2.064876e-01;4.229137e-01;1.174514e-01;1.543499e-02;6.320638e-02;1.505025e-02;3.592558e-02;1.861030e-02;1.949057e-02;6.368792e-02;6.119435e-03
1.892591e-02;1.971785e-01;4.249308e-01;1.046691e-01;1.577730e-02;6.456635e-02;1.374208e-02;3.977014e-02;2.651633e-02;2.022422e-02;6.994498e-02;3.754415e-03
2.425592e-02;2.323037e-01;3.863562e-01;1.107479e-01;2.096362e-02;3.857026e-02;2.134625e-02;4.051718e-02;3.806473e-02;1.440019e-02;6.722261e-02;5.251414e-03
2.555225e-02;2.301471e-01;3.672318e-01;1.011596e-01;2.747745e-02;8.387333e-02;2.273430e-02;1.745127e-02;3.669485e-02;2.007173e-02;5.619914e-02;1.140711e-02
2.811490e-02;2.520751e-01;2.108921e-01;7.862458e-02;4.530392e-02;1.473972e-01;2.843386e-02;3.978618e-02;3.852633e-02;3.795020e-02;6.764556e-02;2.524999e-02
2.847757e-02;2.542484e-01;3.567045e-01;3.563236e-02;3.017263e-02;8.552210e-02;2.876007e-02;3.920740e-02;4.645292e-02;4.412641e-02;4.198934e-02;8.706313e-03
2.271053e-02;2.323625e-01;4.178984e-01;5.715816e-02;2.967813e-02;3.594268e-02;1.915000e-02;6.248987e-02;4.483579e-02;3.351289e-02;3.400893e-02;1.025214e-02
3.027833e-02;1.865835e-01;3.197594e-01;4.246765e-02;5.215830e-02;5.578838e-02;3.658177e-02;1.159992e-01;5.369044e-02;5.229623e-02;4.147614e-02;1.292057e-02
6.532857e-02;1.333697e-01;1.926045e-01;3.566173e-02;5.943002e-02;6.480435e-02;7.590144e-02;1.281576e-01;6.039577e-02;9.194396e-02;4.215201e-02;5.025039e-02
8.916724e-02;1.026140e-01;1.418908e-01;5.496348e-02;5.438133e-02;5.530300e-02;8.074179e-02;9.960553e-02;5.159214e-02;9.077776e-02;8.381116e-02;9.515175e-02
1.010149e-01;1.169145e-01;1.645508e-01;5.843391e-02;4.495380e-02;6.194847e-02;7.775842e-02;8.886215e-02;4.598860e-02;6.236643e-02;7.519978e-02;1.020083e-01
8.196861e-02;2.044553e-01;2.452434e-01;3.049416e-02;7.126145e-02;8.292308e-02;6.402413e-02;9.362550e-02;3.231833e-02;2.816969e-02;3.083431e-02;3.468197e-02
2.251662e-02;1.644839e-01;2.629589e-01;5.097889e-02;4.223923e-02;1.305705e-01;7.842876e-02;6.391984e-02;3.397178e-02;2.794066e-02;5.696357e-02;6.502743e-02
1.764212e-02;1.139714e-01;2.776277e-01;8.368318e-02;3.357473e-02;1.070191e-01;1.199002e-01;6.759907e-02;2.724199e-02;5.901737e-02;4.971058e-02;4.301252e-02
1.686217e-02;1.015229e-01;3.003834e-01;7.160807e-02;3.783619e-02;6.145100e-02;1.287608e-01;6.026607e-02;2.524843e-02;1.254850e-01;4.552317e-02;2.505284e-02
1.951288e-02;1.402658e-01;3.275224e-01;2.912868e-02;2.453010e-02;3.947427e-02;1.007923e-01;4.961130e-02;3.686747e-02;1.931153e-01;2.392075e-02;1.525867e-02
2.606988e-02;1.969072e-01;2.765777e-01;1.222140e-02;1.624588e-02;6.610072e-02;4.748052e-02;4.034824e-02;6.996619e-02;1.956814e-01;1.532999e-02;3.707090e-02
2.412504e-02;2.676709e-01;2.015015e-01;1.718531e-02;1.215360e-02;1.134988e-01;1.661363e-02;3.056733e-02;1.224762e-01;1.157530e-01;1.686596e-02;6.158868e-02
3.299401e-02;3.159449e-01;1.492366e-01;2.508599e-02;1.587747e-02;1.198757e-01;1.238345e-02;4.352294e-02;1.616556e-01;4.917211e-02;1.943100e-02;5.482015e-02
5.431015e-02;3.029921e-01;1.465812e-01;2.552604e-02;3.685020e-02;7.507017e-02;2.644654e-02;9.474950e-02;1.505127e-01;3.878501e-02;2.100781e-02;2.716847e-02
8.606447e-02;1.982641e-01;1.529075e-01;2.493981e-02;6.578027e-02;3.972782e-02;6.443389e-02;1.861879e-01;9.934837e-02;4.738091e-02;2.544665e-02;9.518387e-03
9.185512e-02;1.069297e-01;1.575629e-01;2.006866e-02;7.595324e-02;5.443365e-02;1.140488e-01;2.271630e-01;6.648485e-02;4.407706e-02;2.356857e-02;1.785453e-02
8.154480e-02;9.267937e-02;1.551710e-01;2.905440e-02;6.800006e-02;6.685934e-02;1.291749e-01;2.084702e-01;7.294329e-02;4.872662e-02;2.081201e-02;2.656407e-02
4.979191e-02;1.510544e-01;1.443136e-01;5.391131e-02;4.150981e-02;9.579275e-02;1.339404e-01;1.428077e-01;5.167165e-02;7.035550e-02;2.088903e-02;4.396180e-02
3.563341e-02;1.093940e-01;1.463762e-01;5.701021e-02;3.701608e-02;1.319365e-01;1.422338e-01;1.109409e-01;4.513126e-02;1.128447e-01;1.450252e-02;5.698036e-02
3.526556e-02;9.649626e-02;1.391208e-01;5.509717e-02;3.252917e-02;1.664277e-01;1.403647e-01;7.631955e-02;5.322916e-02;1.293574e-01;1.497504e-02;6.081752e-02
3.498699e-02;1.257558e-01;1.427679e-01;5.469745e-02;2.474983e-02;1.539649e-01;1.880375e-01;3.982109e-02;4.245166e-02;1.051552e-01;7.278032e-03;8.033370e-02
3.897278e-02;1.230089e-01;1.482078e-01;4.343040e-02;2.037211e-02;8.485693e-02;2.346478e-01;7.280213e-02;3.495932e-02;7.472574e-02;9.625426e-03;1.143907e-01
1.727328e-02;9.462837e-02;1.523189e-01;3.660602e-02;2.101198e-02;5.723915e-02;2.645552e-01;8.387110e-02;4.017801e-02;6.205027e-02;2.381109e-02;1.464566e-01
3.803958e-02;1.418016e-01;1.546625e-01;3.686561e-02;2.324697e-02;4.990446e-02;2.295908e-01;7.753401e-02;5.275521e-02;3.537749e-02;2.239759e-02;1.378241e-01
3.994312e-02;1.848404e-01;1.423662e-01;4.653727e-02;2.266749e-02;7.018918e-02;1.578185e-01;8.282418e-02;6.045657e-02;5.445931e-02;3.000939e-02;1.078884e-01
4.436466e-02;1.226964e-01;1.565047e-01;7.105749e-02;1.432478e-02;4.972448e-02;1.528867e-01;1.282091e-01;5.167206e-02;7.648514e-02;2.896824e-02;1.031062e-01
4.927211e-02;1.556410e-01;2.098907e-01;7.818591e-02;1.069280e-02;4.055438e-02;8.590501e-02;1.081880e-01;6.116254e-02;7.526987e-02;1.298540e-02;1.122522e-01
4.661321e-02;2.053871e-01;2.558511e-01;7.193246e-02;1.244324e-02;4.836079e-02;3.427894e-02;8.232789e-02;4.837658e-02;6.266682e-02;1.071591e-02;1.210459e-01
3.326352e-02;1.705077e-01;2.517985e-01;6.873492e-02;1.884125e-02;3.987460e-02;7.424939e-02;1.127015e-01;3.977591e-02;5.835905e-02;1.123495e-02;1.206586e-01
4.677623e-02;1.944195e-01;2.593985e-01;5.773917e-02;2.672436e-02;2.155075e-02;7.697684e-02;1.140062e-01;3.598262e-02;4.839538e-02;2.616115e-02;9.186922e-02
5.359181e-02;2.414732e-01;2.763934e-01;3.434276e-02;2.281690e-02;3.031064e-02;6.827828e-02;7.485579e-02;6.262632e-02;5.038360e-02;3.296721e-02;5.196007e-02
4.012251e-02;2.246479e-01;2.697515e-01;2.226499e-02;1.435549e-02;4.485261e-02;8.072975e-02;8.371037e-02;9.747509e-02;7.025293e-02;2.312456e-02;2.871222e-02
4.289408e-02;1.802092e-01;2.204548e-01;2.521400e-02;1.668805e-02;1.002701e-01;8.780313e-02;1.096688e-01;1.075317e-01;4.647941e-02;1.753571e-02;4.525115e-02
4.292065e-02;1.193526e-01;1.990146e-01;5.280993e-02;5.017550e-02;1.382776e-01;7.136818e-02;1.115726e-01;1.171499e-01;3.183109e-02;1.713780e-02;4.838962e-02
4.510782e-02;9.752698e-02;1.955473e-01;8.348811e-02;1.093310e-01;1.512006e-01;5.236725e-02;7.205839e-02;9.739161e-02;3.642317e-02;3.029117e-02;2.926658e-02
2.295139e-02;1.261942e-01;2.123315e-01;8.102993e-02;1.038900e-01;1.344958e-01;5.187076e-02;8.305979e-02;9.129463e-02;5.386821e-02;2.264220e-02;1.637169e-02
3.412059e-02;1.829311e-01;2.316236e-01;5.055868e-02;5.294988e-02;1.142455e-01;4.081298e-02;9.572129e-02;9.237678e-02;5.652644e-02;1.813396e-02;2.999911e-02
4.546914e-02;1.950687e-01;2.254762e-01;3.060781e-02;4.075065e-02;9.019169e-02;7.469323e-02;7.566721e-02;8.578628e-02;4.242112e-02;4.064381e-02;5.322408e-02
3.243911e-02;1.742748e-01;2.290301e-01;1.743835e-02;4.180929e-02;9.635057e-02;9.052567e-02;4.913712e-02;9.321484e-02;5.585319e-02;6.398591e-02;5.594105e-02
1.674871e-02;1.492195e-01;2.328436e-01;1.757367e-02;4.351293e-02;1.385051e-01;7.979265e-02;7.152527e-02;8.926132e-02;5.796208e-02;6.683715e-02;3.621807e-02
2.934656e-02;1.689977e-01;2.217690e-01;2.376617e-02;3.765535e-02;1.655200e-01;4.587836e-02;7.950216e-02;7.786245e-02;5.701316e-02;5.651541e-02;3.617366e-02
3.538389e-02;1.696740e-01;2.083848e-01;2.742160e-02;2.314764e-02;1.780535e-01;4.065795e-02;7.457354e-02;7.482638e-02;7.678375e-02;5.711745e-02;3.397546e-02
3.001540e-02;1.249160e-01;2.292145e-01;3.718288e-02;2.733740e-02;1.706251e-01;2.952154e-02;8.647108e-02;9.750406e-02;6.523622e-02;6.586280e-02;3.611301e-02
2.239606e-02;1.579211e-01;2.155882e-01;2.891276e-02;1.981559e-02;1.070877e-01;5.873762e-02;9.748607e-02;1.254109e-01;7.359100e-02;5.639389e-02;3.665911e-02
2.919546e-02;1.446075e-01;1.748083e-01;2.523994e-02;3.347722e-02;1.015367e-01;7.842735e-02;1.121870e-01;1.522605e-01;8.711148e-02;3.059929e-02;3.054925e-02
1.284922e-02;1.098095e-01;1.831763e-01;4.221764e-02;5.205361e-02;8.545381e-02;7.788035e-02;1.072831e-01;2.010230e-01;7.979093e-02;2.696828e-02;2.149424e-02
2.428605e-02;1.602005e-01;2.202328e-01;5.572274e-02;5.356947e-02;6.733474e-02;6.463541e-02;8.808431e-02;1.530887e-01;6.070390e-02;2.723875e-02;2.490266e-02
3.115019e-02;2.215858e-01;2.655285e-01;5.373511e-02;5.477905e-02;9.434269e-02;4.503333e-02;7.737319e-02;6.432854e-02;3.680865e-02;2.416762e-02;3.116733e-02
3.235794e-02;2.105475e-01;2.624215e-01;3.125887e-02;4.551660e-02;1.041592e-01;6.063604e-02;8.505879e-02;7.101479e-02;3.048068e-02;2.535022e-02;4.119778e-02
3.175791e-02;1.873917e-01;2.499839e-01;3.056545e-02;2.781099e-02;9.658441e-02;7.942147e-02;8.834933e-02;6.466002e-02;4.933167e-02;3.577789e-02;5.836523e-02
3.766067e-02;1.920836e-01;2.291485e-01;2.166783e-02;1.363620e-02;8.508906e-02;8.257223e-02;1.113546e-01;8.026817e-02;5.524809e-02;3.364407e-02;5.762702e-02
3.955705e-02;1.847190e-01;2.354468e-01;1.644918e-02;1.555083e-02;1.009329e-01;7.764339e-02;1.187812e-01;9.769288e-02;3.126512e-02;2.771608e-02;5.424567e-02
3.450875e-02;1.773902e-01;2.369439e-01;2.399449e-02;1.651541e-02;1.225492e-01;5.591278e-02;9.998456e-02;7.638069e-02;7.291558e-02;3.978914e-02;4.311530e-02
2.367390e-02;1.955163e-01;2.586245e-01;3.210462e-02;2.974746e-02;1.199628e-01;5.493102e-02;6.064007e-02;5.530202e-02;6.933561e-02;4.344030e-02;5.672137e-02
2.600919e-02;2.229952e-01;2.697480e-01;3.088207e-02;3.291324e-02;7.539315e-02;6.672380e-02;7.353961e-02;6.590325e-02;4.498158e-02;2.929827e-02;6.161259e-02
4.262752e-02;2.203400e-01;2.846727e-01;3.205727e-02;3.456854e-02;7.267088e-02;6.069837e-02;6.002092e-02;5.842924e-02;4.079549e-02;3.243891e-02;6.068023e-02
4.533934e-02;2.175449e-01;3.056762e-01;3.661572e-02;2.521104e-02;8.301371e-02;4.269148e-02;7.451099e-02;5.516457e-02;2.857035e-02;2.904434e-02;5.661744e-02
3.791529e-02;2.246233e-01;2.729084e-01;5.101757e-02;3.371732e-02;9.615254e-02;3.417968e-02;8.839069e-02;5.014114e-02;2.941039e-02;3.277197e-02;4.877174e-02
5.816107e-02;1.713372e-01;2.255597e-01;7.247846e-02;6.364439e-02;9.917483e-02;6.155514e-02;7.699491e-02;3.891668e-02;4.517822e-02;4.006893e-02;4.693056e-02
6.020563e-02;1.026593e-01;2.188442e-01;8.662678e-02;8.136453e-02;1.255471e-01;6.065341e-02;7.024439e-02;4.591841e-02;5.301123e-02;4.424099e-02;5.068412e-02
4.838927e-02;1.389621e-01;1.734010e-01;5.419754e-02;7.854553e-02;1.731458e-01;3.849983e-02;8.916137e-02;9.474014e-02;4.035153e-02;3.114214e-02;3.946375e-02
3.138015e-02;1.304016e-01;9.954461e-02;7.132460e-02;1.330790e-01;1.807608e-01;4.193587e-02;7.782757e-02;1.320334e-01;4.915885e-02;3.066986e-02;2.188374e-02
2.680787e-02;7.693862e-02;8.570419e-02;1.170315e-01;1.873870e-01;1.452069e-01;2.514343e-02;9.084087e-02;1.544077e-01;5.769250e-02;1.874432e-02;1.409511e-02
3.602673e-02;5.788376e-02;7.901461e-02;1.928260e-01;1.440901e-01;7.994758e-02;1.612150e-02;1.186865e-01;1.715847e-01;5.652486e-02;2.101495e-02;2.627870e-02
3.447277e-02;5.713236e-02;1.259033e-01;2.141690e-01;7.134698e-02;5.449814e-02;2.328493e-02;1.438514e-01;1.727515e-01;6.628139e-02;1.801780e-02;1.829040e-02
2.281748e-02;5.764455e-02;1.779933e-01;1.717412e-01;6.994960e-02;6.937671e-02;1.847375e-02;1.649674e-01;1.484518e-01;6.190895e-02;1.233746e-02;2.433767e-02
1.829931e-02;7.192196e-02;2.277222e-01;1.027097e-01;9.173055e-02;9.122374e-02;1.159330e-02;1.961921e-01;1.175395e-01;2.875714e-02;6.925469e-03;3.538509e-02
1.229613e-02;8.100965e-02;2.507294e-01;5.100250e-02;7.429483e-02;1.035522e-01;2.543406e-02;2.230188e-01;1.269979e-01;1.330008e-02;7.212521e-03;3.115194e-02
1.290060e-02;6.631830e-02;2.392541e-01;8.404093e-02;6.243296e-02;1.022066e-01;3.283361e-02;2.275850e-01;1.178113e-01;1.715359e-02;7.478743e-03;2.998438e-02
1.805840e-02;6.347300e-02;2.366660e-01;7.057815e-02;3.774476e-02;1.061232e-01;3.226111e-02;2.583685e-01;1.051584e-01;2.341261e-02;8.521456e-03;3.963433e-02
1.535701e-02;6.120881e-02;2.142496e-01;4.851863e-02;3.770265e-02;9.529272e-02;4.321783e-02;2.972911e-01;1.094189e-01;3.377125e-02;8.087057e-03;3.588440e-02
1.482379e-02;6.764433e-02;2.026583e-01;1.770666e-02;4.005346e-02;7.522357e-02;3.276139e-02;3.369399e-01;1.425568e-01;3.297123e-02;6.801724e-03;2.985890e-02
1.513266e-02;6.483948e-02;1.673205e-01;3.814546e-02;4.158054e-02;6.179794e-02;1.728825e-02;3.441779e-01;1.803798e-01;3.116264e-02;7.804173e-03;3.037062e-02
1.273566e-02;5.830211e-02;1.509255e-01;4.139674e-02;3.919405e-02;5.436931e-02;2.222613e-02;3.428051e-01;2.063210e-01;3.615443e-02;6.612884e-03;2.895704e-02
1.233042e-02;6.678145e-02;1.434224e-01;6.271483e-02;3.922634e-02;4.576685e-02;3.365983e-02;3.113640e-01;2.164337e-01;4.270862e-02;5.305334e-03;2.028633e-02
1.590501e-02;7.490078e-02;1.311718e-01;6.160229e-02;3.032526e-02;6.344380e-02;3.198461e-02;2.595690e-01;2.443913e-01;6.592871e-02;7.379847e-03;1.339753e-02
2.035396e-02;7.612201e-02;1.245821e-01;6.081709e-02;2.141737e-02;7.073902e-02;4.182965e-02;2.003451e-01;2.840806e-01;7.517596e-02;1.148674e-02;1.305052e-02
1.359944e-02;7.156882e-02;1.261206e-01;5.940694e-02;3.954891e-02;6.997797e-02;5.726919e-02;2.293426e-01;2.560566e-01;4.546004e-02;1.142013e-02;2.022883e-02
2.315463e-02;9.060884e-02;1.275238e-01;4.291009e-02;7.088322e-02;5.984505e-02;3.681494e-02;2.293674e-01;2.400915e-01;4.863479e-02;1.071585e-02;1.944989e-02
1.922337e-02;7.210673e-02;1.205052e-01;3.970963e-02;9.389286e-02;6.577110e-02;2.219831e-02;2.296793e-01;2.291775e-01;6.985285e-02;1.326598e-02;2.461722e-02
2.024422e-02;7.448282e-02;1.327788e-01;7.046036e-02;7.734211e-02;7.687059e-02;2.424923e-02;2.399734e-01;1.659969e-01;6.692321e-02;2.385592e-02;2.682248e-02
1.678532e-02;7.247002e-02;1.231368e-01;5.268617e-02;1.960692e-02;8.328724e-02;2.419982e-02;2.626497e-01;2.182534e-01;6.994714e-02;3.288654e-02;2.409093e-02
1.621672e-02;7.623054e-02;1.200482e-01;4.071863e-02;3.016522e-02;6.246286e-02;2.736606e-02;2.745329e-01;2.249176e-01;6.641839e-02;3.363484e-02;2.728800e-02
1.857930e-02;6.466764e-02;1.183239e-01;3.935158e-02;5.107553e-02;4.804663e-02;2.422581e-02;2.978815e-01;2.288031e-01;5.213694e-02;2.861011e-02;2.829787e-02
2.192199e-02;8.899813e-02;1.270621e-01;3.591330e-02;6.814274e-02;4.379860e-02;1.234394e-02;3.265378e-01;1.840775e-01;3.821281e-02;1.953864e-02;3.345251e-02
2.387560e-02;1.196589e-01;1.250822e-01;4.026596e-02;5.852945e-02;6.921062e-02;2.574635e-02;3.048320e-01;1.643777e-01;2.411440e-02;1.705471e-02;2.725214e-02
2.109996e-02;8.997684e-02;1.260720e-01;3.722832e-02;3.772552e-02;7.694796e-02;4.974221e-02;2.977466e-01;1.886704e-01;2.812123e-02;2.499891e-02;2.167009e-02
1.753608e-02;5.656606e-02;1.294992e-01;2.806080e-02;6.179093e-02;6.886394e-02;6.744974e-02;2.982600e-01;1.907560e-01;3.050242e-02;2.561535e-02;2.509940e-02
1.602999e-02;7.616869e-02;1.417139e-01;4.513880e-02;1.234807e-01;7.554133e-02;3.576325e-02;2.523730e-01;1.536644e-01;2.923783e-02;2.144397e-02;2.944413e-02
2.466676e-02;8.870471e-02;1.689933e-01;6.602629e-02;1.305559e-01;8.997097e-02;3.484805e-02;1.981580e-01;1.242056e-01;2.932063e-02;2.124702e-02;2.330281e-02
1.594599e-02;7.303002e-02;1.737051e-01;6.644347e-02;8.907702e-02;8.232286e-02;4.255343e-02;2.030701e-01;1.774497e-01;3.757218e-02;2.459713e-02;1.423299e-02
1.989436e-02;9.461986e-02;1.778640e-01;5.972823e-02;5.806913e-02;8.787690e-02;3.764620e-02;1.903717e-01;1.944084e-01;3.265731e-02;2.289124e-02;2.397269e-02
9.660359e-03;9.517473e-02;1.891107e-01;3.439130e-02;5.161041e-02;1.000558e-01;3.979354e-02;2.063585e-01;1.859283e-01;3.333198e-02;2.281407e-02;3.177042e-02
2.590760e-02;9.375954e-02;2.038181e-01;4.148963e-02;3.714943e-02;9.171056e-02;3.629538e-02;2.339692e-01;1.577469e-01;3.035434e-02;1.604853e-02;3.175075e-02
1.684739e-02;8.373326e-02;2.047063e-01;6.249629e-02;4.322091e-02;5.283416e-02;2.842711e-02;2.386711e-01;1.907423e-01;3.630174e-02;1.310773e-02;2.891162e-02
1.880841e-02;1.068079e-01;2.066095e-01;6.088773e-02;4.783804e-02;3.019609e-02;2.886535e-02;2.267301e-01;1.928942e-01;3.600694e-02;1.405743e-02;3.029835e-02
2.628595e-02;1.283960e-01;2.033671e-01;2.642567e-02;6.361971e-02;4.531509e-02;3.874315e-02;2.225355e-01;1.554930e-01;4.181017e-02;1.830330e-02;2.970535e-02
2.185520e-02;1.181377e-01;1.928623e-01;5.920866e-02;7.598233e-02;8.744482e-02;4.005247e-02;2.277177e-01;8.485721e-02;3.688199e-02;2.815654e-02;2.684314e-02
2.309352e-02;1.191122e-01;1.777915e-01;6.232852e-02;6.563377e-02;7.782926e-02;2.731274e-02;2.141312e-01;1.573906e-01;2.864624e-02;2.626920e-02;2.046128e-02
2.294693e-02;1.157280e-01;1.719052e-01;8.275694e-02;6.367393e-02;5.682845e-02;1.978811e-02;1.991394e-01;1.899232e-01;3.803152e-02;2.363856e-02;1.563975e-02
1.955022e-02;9.053332e-02;1.592122e-01;1.022746e-01;9.241576e-02;5.862269e-02;2.527767e-02;1.811836e-01;1.835112e-01;4.452528e-02;2.262010e-02;2.027319e-02
1.538758e-02;9.425179e-02;1.528767e-01;8.431698e-02;1.008216e-01;9.384762e-02;3.923608e-02;1.922068e-01;1.414173e-01;5.066620e-02;1.308117e-02;2.189023e-02
2.257315e-02;1.210371e-01;1.450828e-01;6.282365e-02;7.034637e-02;1.125087e-01;3.898381e-02;2.050551e-01;1.371626e-01;4.394252e-02;2.017957e-02;2.030460e-02
1.086937e-02;1.058525e-01;1.562893e-01;5.821133e-02;4.873519e-02;9.494030e-02;4.404439e-02;2.253265e-01;1.701348e-01;4.098483e-02;2.517275e-02;1.943882e-02
2.196978e-02;1.115654e-01;1.749002e-01;6.366678e-02;4.170745e-02;8.422624e-02;4.018380e-02;2.169803e-01;1.734711e-01;3.769169e-02;1.564810e-02;1.798899e-02
2.481971e-02;1.268192e-01;2.024844e-01;4.255072e-02;3.661939e-02;7.556346e-02;2.847665e-02;2.201920e-01;1.749379e-01;2.910708e-02;1.526408e-02;2.316548e-02
3.097476e-02;1.433624e-01;2.212296e-01;2.998137e-02;3.701093e-02;8.165503e-02;1.706636e-02;2.280283e-01;1.429389e-01;2.238895e-02;2.044692e-02;2.491649e-02
2.869816e-02;1.338995e-01;2.334727e-01;4.400890e-02;3.942451e-02;1.024270e-01;1.227300e-02;2.310298e-01;1.123060e-01;2.513163e-02;2.108695e-02;1.624184e-02
2.176288e-02;9.061685e-02;2.276917e-01;3.195719e-02;4.568367e-02;1.002176e-01;1.104960e-02;2.526565e-01;1.394315e-01;3.539529e-02;2.825982e-02;1.527735e-02
2.036661e-02;1.284508e-01;1.924742e-01;4.197187e-02;5.836835e-02;4.621192e-02;1.170193e-02;2.297265e-01;1.648189e-01;4.858851e-02;3.135292e-02;2.596742e-02
1.118750e-02;1.161158e-01;1.486685e-01;2.633816e-02;6.493040e-02;4.433036e-02;1.377372e-02;2.392197e-01;2.219499e-01;5.874677e-02;2.237657e-02;3.236260e-02
1.071496e-02;8.076701e-02;1.282871e-01;1.939742e-02;6.981459e-02;3.972677e-02;2.084259e-02;2.257192e-01;2.831272e-01;6.920896e-02;1.656054e-02;3.583362e-02
1.712922e-02;8.943249e-02;1.258001e-01;3.734317e-02;8.591534e-02;4.205251e-02;1.614569e-02;2.033057e-01;2.696196e-01;6.825522e-02;1.291291e-02;3.208805e-02
1.953159e-02;1.065894e-01;1.256050e-01;4.998433e-02;1.096804e-01;2.920641e-02;1.168672e-02;2.026120e-01;2.335889e-01;6.603147e-02;1.796845e-02;2.751533e-02
1.207110e-02;9.071913e-02;1.071770e-01;4.070043e-02;1.280387e-01;7.227462e-02;1.900585e-02;2.329770e-01;1.806923e-01;6.675287e-02;2.232981e-02;2.726115e-02
1.867489e-02;8.941362e-02;1.110533e-01;4.707974e-02;1.260234e-01;7.409807e-02;2.243637e-02;2.301839e-01;1.679529e-01;6.634401e-02;2.264035e-02;2.409950e-02
1.647508e-02;9.975653e-02;1.026793e-01;3.635705e-02;1.228443e-01;4.721726e-02;2.394114e-02;2.074914e-01;2.078589e-01;8.169798e-02;3.142190e-02;2.225909e-02
3.063350e-02;8.679010e-02;9.805273e-02;2.048761e-02;1.205871e-01;7.347117e-02;2.282787e-02;2.008013e-01;2.018252e-01;8.072928e-02;4.392845e-02;1.986570e-02
3.896697e-02;3.661487e-02;1.013194e-01;1.922582e-02;8.547805e-02;1.178639e-01;6.599437e-02;1.887622e-01;1.695419e-01;8.666863e-02;5.910111e-02;3.046276e-02
3.580939e-02;1.111523e-01;1.019744e-01;2.597933e-02;4.935250e-02;1.056144e-01;8.926166e-02;1.569602e-01;1.438599e-01;8.524402e-02;5.301210e-02;4.177975e-02
5.909308e-02;1.568699e-01;8.744770e-02;2.715020e-02;3.870193e-02;9.122733e-02;7.469700e-02;1.365203e-01;1.331407e-01;9.447654e-02;4.424566e-02;5.642962e-02
1.056031e-01;2.109972e-01;9.103725e-02;1.953181e-02;3.904464e-02;6.964371e-02;5.393706e-02;1.756456e-01;9.903052e-02;7.076824e-02;2.324515e-02;4.151563e-02
1.324794e-01;3.063090e-01;1.394265e-01;1.335074e-02;3.509181e-02;3.596070e-02;3.449468e-02;1.631405e-01;5.887700e-02;5.103473e-02;8.792553e-03;2.104242e-02
1.243103e-01;4.013228e-01;1.594013e-01;8.750422e-03;2.409199e-02;3.470167e-02;1.908803e-02;9.288811e-02;6.223537e-02;5.253991e-02;8.329406e-03;1.234062e-02
8.187214e-02;4.583010e-01;2.325227e-01;1.274035e-02;1.224295e-02;2.594392e-02;1.171142e-02;3.815238e-02;8.251607e-02;3.392114e-02;3.402762e-03;6.673200e-03
4.651134e-02;4.794681e-01;2.527501e-01;1.192050e-02;6.356249e-03;2.793453e-02;6.970084e-03;3.826850e-02;1.014612e-01;2.085344e-02;1.648898e-03;5.857088e-03
3.812806e-02;4.724068e-01;2.786509e-01;1.016960e-02;5.277872e-03;3.422414e-02;5.831650e-03;3.961581e-02;8.845226e-02;1.287931e-02;5.647680e-03;8.715908e-03
3.417543e-02;4.547816e-01;3.054023e-01;7.467748e-03;1.015739e-02;4.352266e-02;7.191297e-03;3.679195e-02;7.033372e-02;1.390383e-02;5.537078e-03;1.073495e-02
3.352902e-02;4.153479e-01;3.406357e-01;9.661268e-03;1.119256e-02;4.028554e-02;7.687991e-03;4.245919e-02;5.183616e-02;2.653472e-02;7.297199e-03;1.353284e-02
2.620902e-02;3.484870e-01;4.040057e-01;1.455390e-02;8.406204e-03;2.987028e-02;1.316024e-02;5.166877e-02;3.859381e-02;4.113004e-02;9.750566e-03;1.416441e-02
2.173712e-02;2.860168e-01;4.626461e-01;1.340690e-02;6.439841e-03;2.606915e-02;1.734387e-02;5.349267e-02;3.035179e-02;6.318906e-02;9.487621e-03;9.819122e-03
1.963711e-02;2.611507e-01;4.954486e-01;1.495298e-02;7.489502e-03;1.393703e-02;1.623566e-02;4.072102e-02;3.463193e-02;8.028189e-02;9.623996e-03;5.889515e-03
2.266353e-02;2.340805e-01;4.890536e-01;2.141427e-02;9.766695e-03;2.676540e-02;2.299501e-02;3.590616e-02;2.735321e-02;9.025865e-02;1.128451e-02;8.458490e-03
3.292780e-02;2.553535e-01;4.547358e-01;2.394059e-02;1.228788e-02;2.506841e-02;2.190104e-02;3.562054e-02;2.674952e-02;9.464826e-02;9.113614e-03;7.653060e-03
4.098996e-02;3.095276e-01;3.909142e-01;2.183678e-02;1.355884e-02;3.369180e-02;1.897168e-02;2.822051e-02;3.994291e-02;8.624829e-02;8.948708e-03;7.148681e-03
5.357102e-02;3.540217e-01;3.460687e-01;1.849147e-02;1.459149e-02;2.044298e-02;1.882213e-02;4.239250e-02;4.329526e-02;7.010438e-02;1.117268e-02;7.025732e-03
4.563772e-02;3.186749e-01;3.549833e-01;2.397616e-02;2.372893e-02;3.651265e-02;2.919491e-02;5.689747e-02;5.847892e-02;3.574841e-02;6.426837e-03;9.739877e-03
4.134708e-02;2.773351e-01;3.334670e-01;3.380122e-02;3.352632e-02;5.898034e-02;3.472869e-02;4.929623e-02;6.133845e-02;4.445495e-02;1.817778e-02;1.354679e-02
3.635197e-02;2.610137e-01;3.115429e-01;3.731085e-02;5.448902e-02;6.451561e-02;3.974201e-02;4.476262e-02;5.859463e-02;5.649518e-02;2.218331e-02;1.299824e-02
2.389688e-02;2.266440e-01;3.109956e-01;3.981249e-02;6.755166e-02;8.797120e-02;4.514265e-02;4.972607e-02;5.421601e-02;5.976100e-02;1.929248e-02;1.498989e-02
2.785396e-02;2.138047e-01;2.870855e-01;7.823516e-02;4.255833e-02;5.378668e-02;5.860601e-02;6.954899e-02;8.279215e-02;5.919281e-02;8.407126e-03;1.812850e-02
3.783548e-02;2.049226e-01;2.282238e-01;9.875903e-02;5.513400e-02;7.189281e-02;5.410368e-02;7.969815e-02;8.912760e-02;5.548092e-02;1.297304e-02;1.184891e-02
3.231694e-02;2.382540e-01;2.360488e-01;7.710227e-02;4.686109e-02;1.059863e-01;3.312002e-02;7.288800e-02;5.789744e-02;6.182804e-02;2.006447e-02;1.763265e-02
2.938662e-02;2.844103e-01;2.782976e-01;6.198033e-02;4.734710e-02;1.086046e-01;1.927316e-02;4.660208e-02;4.249674e-02;4.671083e-02;1.449344e-02;2.039721e-02
4.665133e-02;3.228576e-01;2.510587e-01;4.854830e-02;4.556733e-02;8.429918e-02;1.422732e-02;4.921734e-02;5.058949e-02;5.123311e-02;1.607723e-02;1.967301e-02
8.276156e-02;3.013489e-01;1.901255e-01;3.065662e-02;4.936977e-02;6.057100e-02;2.217803e-02;8.072221e-02;6.023640e-02;7.551974e-02;2.100522e-02;2.550509e-02
1.192875e-01;2.141833e-01;2.020224e-01;3.963611e-02;4.976628e-02;5.479790e-02;2.983887e-02;1.046833e-01;6.376290e-02;6.458094e-02;2.077610e-02;3.666432e-02
9.233047e-02;2.566031e-01;2.470634e-01;4.486720e-02;3.939154e-02;5.488682e-02;2.546455e-02;7.460801e-02;4.750120e-02;4.697033e-02;2.464318e-02;4.567017e-02
5.884334e-02;2.649678e-01;2.764304e-01;3.784771e-02;4.625137e-02;6.623995e-02;3.695968e-02;7.197012e-02;3.773913e-02;3.562661e-02;2.157734e-02;4.554651e-02
4.318661e-02;2.457777e-01;2.830153e-01;4.181497e-02;6.821808e-02;7.118849e-02;4.156861e-02;7.569464e-02;4.984463e-02;3.149549e-02;2.222010e-02;2.597542e-02
3.108214e-02;2.177254e-01;2.625670e-01;4.365722e-02;7.622395e-02;7.819227e-02;3.425566e-02;9.332919e-02;6.865754e-02;4.220136e-02;3.149840e-02;2.060989e-02
3.135584e-02;1.562723e-01;2.379395e-01;4.008397e-02;7.545402e-02;1.078918e-01;4.213478e-02;1.122966e-01;8.584781e-02;5.583378e-02;2.416440e-02;3.072525e-02
4.060033e-02;1.802110e-01;2.568291e-01;3.245614e-02;7.205173e-02;9.662220e-02;3.359224e-02;9.147114e-02;9.567305e-02;4.784779e-02;3.111668e-02;2.152847e-02
3.763535e-02;2.356337e-01;2.669977e-01;4.625344e-02;5.956888e-02;3.860916e-02;3.695394e-02;8.427878e-02;9.452127e-02;4.432773e-02;2.643237e-02;2.878770e-02
3.447123e-02;2.896377e-01;2.798765e-01;3.554843e-02;4.342626e-02;4.944505e-02;3.384099e-02;6.684471e-02;7.481401e-02;4.667832e-02;2.097145e-02;2.444539e-02
4.927538e-02;3.427364e-01;3.073770e-01;2.410612e-02;3.100737e-02;5.472435e-02;1.652959e-02;5.321861e-02;4.924522e-02;4.024860e-02;1.656666e-02;1.496474e-02
5.354711e-02;3.369986e-01;2.920589e-01;2.430792e-02;3.935056e-02;6.773815e-02;1.108773e-02;5.800994e-02;5.074809e-02;3.636783e-02;1.631208e-02;1.347315e-02
4.721245e-02;3.072986e-01;2.747882e-01;1.840020e-02;3.389822e-02;8.649664e-02;1.576663e-02;8.123685e-02;6.672666e-02;3.722580e-02;1.535912e-02;1.559058e-02
4.934422e-02;2.773699e-01;2.778591e-01;2.420026e-02;2.694265e-02;7.568380e-02;2.396500e-02;9.462435e-02;7.098132e-02;4.200839e-02;2.083833e-02;1.618263e-02
5.452876e-02;2.031716e-01;2.901013e-01;2.993269e-02;2.160342e-02;7.261217e-02;3.617249e-02;1.073241e-01;6.216562e-02;6.672350e-02;3.430039e-02;2.136390e-02
5.859615e-02;2.053149e-01;1.662828e-01;3.858056e-02;3.555097e-02;1.250682e-01;5.042812e-02;1.218880e-01;4.683331e-02;6.593136e-02;5.594163e-02;2.958393e-02
4.100776e-02;1.265767e-01;8.287375e-02;3.489853e-02;4.967330e-02;2.081797e-01;1.050859e-01;1.223535e-01;6.415719e-02;4.140052e-02;8.745760e-02;3.633565e-02
2.722096e-02;8.075227e-02;4.741595e-02;2.382193e-02;6.452608e-02;2.278796e-01;1.306732e-01;9.075385e-02;6.895664e-02;9.376115e-02;1.012195e-01;4.301883e-02
3.406734e-02;8.021395e-02;6.610069e-02;3.304994e-02;1.004608e-01;1.813503e-01;9.455024e-02;5.733771e-02;7.905821e-02;1.698035e-01;6.966799e-02;3.433935e-02
4.169952e-02;8.574710e-02;1.071986e-01;5.792930e-02;1.352281e-01;1.033731e-01;5.052382e-02;4.261712e-02;1.118602e-01;2.110475e-01;2.059639e-02;3.217921e-02
7.526589e-02;7.771052e-02;1.227796e-01;1.053053e-01;1.175949e-01;4.709520e-02;5.455945e-02;5.991454e-02;1.566397e-01;1.457944e-01;2.221911e-02;1.512143e-02
1.200246e-01;6.722845e-02;1.002701e-01;1.648805e-01;8.270251e-02;4.032243e-02;6.540016e-02;7.067903e-02;1.922256e-01;6.605544e-02;2.040152e-02;9.809688e-03
1.375683e-01;5.742843e-02;7.409557e-02;2.162959e-01;5.869677e-02;3.047485e-02;5.301704e-02;7.311847e-02;2.155862e-01;4.621462e-02;2.500883e-02;1.249501e-02
1.275112e-01;4.565357e-02;5.338845e-02;2.359742e-01;3.336952e-02;2.898695e-02;4.338901e-02;8.620552e-02;2.266803e-01;6.464369e-02;3.335268e-02;2.084494e-02
1.096865e-01;3.021106e-02;4.684055e-02;2.384682e-01;4.821068e-02;3.025669e-02;3.789330e-02;1.028620e-01;2.252774e-01;7.863282e-02;4.001667e-02;1.164420e-02
1.077761e-01;2.249134e-02;4.389597e-02;2.260514e-01;4.242171e-02;1.977460e-02;4.092322e-02;1.182239e-01;2.282937e-01;8.461736e-02;4.249094e-02;2.303967e-02
9.597711e-02;4.299118e-02;6.230257e-02;1.869164e-01;2.497651e-02;2.148720e-02;6.212464e-02;1.155044e-01;2.339300e-01;8.760943e-02;3.736033e-02;2.882023e-02
8.280820e-02;5.702716e-02;6.314678e-02;1.686938e-01;8.612782e-02;3.536623e-02;7.911675e-02;9.896784e-02;2.089732e-01;7.511166e-02;2.492399e-02;1.973662e-02
6.486049e-02;6.091303e-02;7.646110e-02;1.677307e-01;1.517646e-01;7.247701e-02;8.451170e-02;7.140091e-02;1.581353e-01;6.834362e-02;1.058122e-02;1.282033e-02
3.058748e-02;7.914322e-02;6.795143e-02;1.798192e-01;1.881519e-01;7.045580e-02;8.205176e-02;7.764556e-02;1.363757e-01;6.030901e-02;1.053322e-02;1.697567e-02
2.377998e-02;8.764303e-02;9.028990e-02;1.819233e-01;2.246714e-01;5.837914e-02;4.432446e-02;7.303151e-02;1.204251e-01;6.015561e-02;1.689901e-02;1.847756e-02
3.958233e-02;7.970037e-02;9.608620e-02;1.699120e-01;2.203518e-01;8.029108e-02;3.584393e-02;8.460686e-02;9.366916e-02;5.350551e-02;2.943144e-02;1.701942e-02
5.239639e-02;7.955145e-02;8.943985e-02;1.389404e-01;1.571295e-01;8.025952e-02;3.669546e-02;1.111572e-01;1.442011e-01;5.618568e-02;3.737028e-02;1.667311e-02
6.967022e-02;8.559895e-02;7.783438e-02;1.144230e-01;8.874377e-02;6.123368e-02;3.031115e-02;1.191805e-01;2.206116e-01;7.192332e-02;4.423437e-02;1.623510e-02
8.324198e-02;8.791190e-02;4.459816e-02;9.338549e-02;7.714931e-02;8.216874e-02;4.544024e-02;1.352815e-01;2.457168e-01;5.213168e-02;4.179499e-02;1.117923e-02
6.687017e-02;7.599293e-02;5.170399e-02;9.170130e-02;1.281923e-01;6.909059e-02;5.518407e-02;1.297665e-01;2.121257e-01;9.398299e-02;1.678311e-02;8.606398e-03
5.803137e-02;9.254567e-02;7.843561e-02;7.644814e-02;1.353705e-01;4.733089e-02;5.289469e-02;1.168968e-01;1.945360e-01;1.088250e-01;2.099133e-02;1.769406e-02
5.557145e-02;1.085718e-01;1.088860e-01;5.813751e-02;1.260169e-01;7.177772e-02;5.475660e-02;9.493189e-02;1.832401e-01;1.034831e-01;1.877282e-02;1.585419e-02
7.069818e-02;1.127982e-01;1.277377e-01;4.978260e-02;1.131102e-01;7.713466e-02;4.279418e-02;7.976396e-02;1.817570e-01;1.028280e-01;2.910511e-02;1.249022e-02
1.055884e-01;1.321548e-01;1.362060e-01;6.025657e-02;1.194845e-01;4.494309e-02;3.818997e-02;7.481664e-02;1.591076e-01;7.841907e-02;2.868028e-02;2.215296e-02
1.127815e-01;1.091105e-01;1.146246e-01;8.963318e-02;1.438712e-01;6.736788e-02;3.931762e-02;6.469876e-02;1.202779e-01;9.572700e-02;2.125539e-02;2.133442e-02
9.854458e-02;9.635549e-02;1.073861e-01;1.183365e-01;1.413823e-01;4.613955e-02;2.972391e-02;8.835074e-02;1.066662e-01;1.236410e-01;2.136038e-02;2.211327e-02
7.430564e-02;1.096384e-01;1.078955e-01;1.179473e-01;1.441063e-01;5.893272e-02;2.036317e-02;9.269971e-02;1.130119e-01;1.146379e-01;2.332847e-02;2.313299e-02
6.265166e-02;1.270884e-01;1.080977e-01;1.153632e-01;1.343360e-01;6.019345e-02;1.645678e-02;9.205694e-02;1.462464e-01;8.994260e-02;2.463431e-02;2.293262e-02
5.780149e-02;1.096625e-01;8.811082e-02;1.158683e-01;1.066022e-01;7.265088e-02;2.279513e-02;9.672567e-02;1.709249e-01;1.184552e-01;1.867998e-02;2.172295e-02
5.554495e-02;1.199305e-01;1.340117e-01;1.061280e-01;7.893565e-02;6.708052e-02;2.350507e-02;8.377082e-02;1.622763e-01;1.258280e-01;2.377458e-02;1.921391e-02
5.628598e-02;1.901181e-01;1.822411e-01;6.862082e-02;4.658163e-02;9.539738e-02;2.842591e-02;7.611556e-02;1.326029e-01;7.264077e-02;1.245675e-02;3.851309e-02
5.942404e-02;1.923930e-01;1.088596e-01;7.035214e-02;2.738478e-02;1.116353e-01;7.095788e-02;5.762445e-02;1.262082e-01;6.144389e-02;2.324822e-02;9.046855e-02
5.364382e-02;1.725212e-01;1.028516e-01;5.983830e-02;1.535985e-02;7.989570e-02;1.221194e-01;5.606108e-02;1.324848e-01;4.394886e-02;2.813415e-02;1.331413e-01
3.761090e-02;1.541819e-01;9.292327e-02;5.771368e-02;2.083558e-02;3.833285e-02;1.473733e-01;5.975455e-02;1.467557e-01;3.419132e-02;2.144317e-02;1.888837e-01
3.025561e-02;7.277878e-02;7.182597e-02;7.023917e-02;3.492031e-02;5.125775e-02;1.418154e-01;7.332463e-02;1.365405e-01;4.921809e-02;3.333895e-02;2.344849e-01
3.826644e-02;1.079295e-01;6.942883e-02;7.184061e-02;4.280244e-02;6.249801e-02;1.433261e-01;5.379716e-02;1.107562e-01;2.487436e-02;2.865442e-02;2.458259e-01
4.668913e-02;8.914813e-02;2.954071e-02;7.227965e-02;3.971291e-02;7.508492e-02;1.697868e-01;5.545105e-02;1.168532e-01;3.612271e-02;3.383765e-02;2.354931e-01
3.465971e-02;7.714310e-02;6.065748e-02;4.483154e-02;2.664337e-02;8.935685e-02;1.948082e-01;6.425021e-02;1.297418e-01;3.277095e-02;5.432020e-02;1.908165e-01
2.992892e-02;5.572927e-02;5.502762e-02;3.877950e-02;1.517463e-02;7.175580e-02;2.868769e-01;5.398914e-02;1.289541e-01;3.093511e-02;4.995030e-02;1.828987e-01
2.003807e-02;1.942399e-02;5.162324e-02;3.731692e-02;2.094595e-02;1.101236e-01;3.454874e-01;5.385552e-02;1.049741e-01;1.754171e-02;5.365768e-02;1.650118e-01
2.139399e-02;5.100515e-02;5.768847e-02;2.744985e-02;1.870521e-02;1.323301e-01;3.480494e-01;3.906288e-02;8.955728e-02;1.307278e-02;6.492337e-02;1.367615e-01
2.066903e-02;5.886170e-02;5.636166e-02;2.137332e-02;2.436255e-02;1.487573e-01;3.579320e-01;2.693115e-02;8.115663e-02;1.556495e-02;6.138246e-02;1.266472e-01
1.832223e-02;2.410162e-02;6.038472e-02;2.218733e-02;2.706236e-02;1.789822e-01;3.490759e-01;2.305274e-02;7.418878e-02;1.656171e-02;7.630301e-02;1.297774e-01
1.973458e-02;5.581612e-02;7.022947e-02;3.122077e-02;2.090671e-02;2.142079e-01;2.742982e-01;2.982932e-02;7.795154e-02;1.745910e-02;7.652364e-02;1.118227e-01
2.236418e-02;7.060438e-02;9.040843e-02;3.867617e-02;2.600900e-02;2.241537e-01;1.888250e-01;5.037387e-02;9.539490e-02;2.124364e-02;7.100178e-02;1.009450e-01
3.513666e-02;6.522705e-02;7.355053e-02;5.326493e-02;3.114828e-02;2.166986e-01;1.054203e-01;8.965945e-02;1.360409e-01;4.307539e-02;6.133303e-02;8.944494e-02
4.466262e-02;5.720693e-02;5.268504e-02;8.061446e-02;8.257277e-02;1.421479e-01;1.102590e-01;1.131262e-01;1.413810e-01;6.513906e-02;3.221780e-02;7.798734e-02
3.898484e-02;7.131170e-02;4.386190e-02;8.886799e-02;1.139561e-01;8.792132e-02;1.516041e-01;1.045695e-01;1.255460e-01;6.332290e-02;5.270363e-02;5.735008e-02
3.142158e-02;9.690895e-02;6.753339e-02;7.022727e-02;8.751330e-02;9.007333e-02;1.567363e-01;1.087407e-01;1.476677e-01;4.171859e-02;4.189479e-02;5.956416e-02
3.602192e-02;1.080900e-01;8.666892e-02;4.256897e-02;5.540438e-02;1.088018e-01;1.466899e-01;1.010682e-01;1.600928e-01;6.649397e-02;3.466909e-02;5.343013e-02
5.053030e-02;5.769374e-02;8.085317e-02;3.171181e-02;4.743325e-02;1.422968e-01;1.426907e-01;1.194675e-01;1.373624e-01;8.401447e-02;6.692800e-02;3.901784e-02
5.695704e-02;6.202336e-02;1.113134e-01;1.822870e-02;4.288601e-02;2.276936e-01;1.205787e-01;7.395560e-02;8.685473e-02;7.151342e-02;9.571760e-02;3.227790e-02
4.332409e-02;3.674285e-02;1.253933e-01;1.920510e-02;3.695818e-02;3.226637e-01;8.804726e-02;3.536499e-02;8.474233e-02;5.713648e-02;1.146607e-01;3.576105e-02
2.698402e-02;3.194529e-02;9.692992e-02;2.743500e-02;5.177597e-02;3.786744e-01;6.830741e-02;2.325464e-02;7.332931e-02;6.261263e-02;1.330136e-01;2.573777e-02
2.493851e-02;3.046310e-02;5.117408e-02;2.814511e-02;5.548753e-02;4.196587e-01;4.733930e-02;3.670825e-02;6.571627e-02;6.733218e-02;1.545307e-01;1.850626e-02
1.518139e-02;2.115961e-02;2.711442e-02;2.555544e-02;5.193091e-02;3.709874e-01;6.388453e-02;4.964193e-02;9.724405e-02;6.680097e-02;1.867728e-01;2.372658e-02
1.454657e-02;4.421211e-02;3.853525e-02;2.673303e-02;8.629087e-02;2.879373e-01;7.066128e-02;5.812646e-02;9.708405e-02;6.622162e-02;1.808880e-01;2.876348e-02
1.737011e-02;7.617465e-02;7.130493e-02;2.331680e-02;6.861379e-02;2.672292e-01;7.232468e-02;5.738306e-02;7.959722e-02;7.596590e-02;1.640508e-01;2.666885e-02
1.491828e-02;7.276373e-02;7.466485e-02;1.894060e-02;4.211487e-02;2.642471e-01;6.961578e-02;6.574618e-02;1.167784e-01;6.327656e-02;1.735795e-01;2.335413e-02
1.599130e-02;9.294776e-02;8.922013e-02;2.009946e-02;5.742883e-02;2.381417e-01;6.170360e-02;7.093704e-02;1.261643e-01;4.745959e-02;1.558172e-01;2.408914e-02
1.562589e-02;1.068312e-01;9.858721e-02;1.386273e-02;4.220645e-02;1.981923e-01;6.018549e-02;6.877182e-02;1.432215e-01;7.886318e-02;1.478552e-01;2.579708e-02
2.250260e-02;1.014659e-01;8.792140e-02;1.599876e-02;4.669064e-02;1.503953e-01;6.533023e-02;7.863403e-02;1.630129e-01;1.067771e-01;1.257673e-01;3.550382e-02
4.084962e-02;9.734806e-02;8.051874e-02;1.894473e-02;4.832300e-02;1.268161e-01;6.353793e-02;9.781672e-02;1.822272e-01;1.076737e-01;8.753124e-02;4.841299e-02
5.055359e-02;6.102064e-02;6.539159e-02;2.104384e-02;4.544566e-02;1.295144e-01;5.557114e-02;9.814032e-02;1.788346e-01;1.054080e-01;1.293372e-01;5.973905e-02
5.020121e-02;7.549655e-02;6.855858e-02;4.218174e-02;5.732413e-02;1.254819e-01;3.272591e-02;1.277773e-01;1.094262e-01;6.702293e-02;1.787086e-01;6.509497e-02
4.672393e-02;9.308594e-02;7.324868e-02;9.637906e-02;6.483030e-02;1.341972e-01;5.125960e-02;1.195623e-01;1.023064e-01;6.375660e-02;9.484669e-02;5.980327e-02
4.878139e-02;9.038288e-02;6.279197e-02;1.121954e-01;6.510538e-02;1.583713e-01;6.927317e-02;1.247883e-01;9.994515e-02;6.323977e-02;6.820881e-02;3.691647e-02
4.113320e-02;1.235515e-01;1.148570e-01;8.766376e-02;6.289779e-02;1.548441e-01;5.498592e-02;1.076729e-01;8.131780e-02;5.553183e-02;8.241936e-02;3.312477e-02
4.304340e-02;1.674117e-01;1.591721e-01;4.088563e-02;5.926595e-02;2.086395e-01;2.397618e-02;1.018439e-01;7.211976e-02;2.314463e-02;5.045232e-02;5.004497e-02
4.709592e-02;1.330772e-01;1.188825e-01;3.106883e-02;6.953730e-02;2.113450e-01;4.792271e-02;1.024484e-01;9.070878e-02;3.973956e-02;4.829336e-02;5.988052e-02
