7.052231e-02;8.466929e-02;1.134250e-01;4.588824e-02;6.329003e-02;7.007517e-02;1.437755e-01;9.598675e-02;1.390344e-01;8.036573e-02;4.133760e-02;5.162993e-02
6.211559e-02;1.022839e-01;1.270924e-01;6.138960e-02;8.088606e-02;5.470215e-02;1.312673e-01;7.404895e-02;1.390155e-01;8.785381e-02;5.161519e-02;2.772964e-02
8.131496e-02;7.052599e-02;1.753752e-01;4.316534e-02;8.902045e-02;4.702744e-02;1.229576e-01;8.906537e-02;1.086899e-01;4.934311e-02;5.569166e-02;6.782302e-02
6.923594e-02;6.682202e-02;2.348207e-01;4.166308e-02;5.898476e-02;4.843910e-02;1.202126e-01;9.768105e-02;7.779715e-02;6.713371e-02;5.757645e-02;5.963350e-02
3.537512e-02;3.673292e-02;4.062338e-01;4.746192e-02;8.240454e-02;4.801714e-02;1.115242e-01;6.530450e-02;4.807277e-02;4.685284e-02;3.868268e-02;3.333761e-02
1.943546e-02;3.190230e-02;5.315146e-01;6.462882e-02;7.787958e-02;4.258871e-02;9.325556e-02;3.105607e-02;3.082474e-02;3.914452e-02;2.619657e-02;1.157312e-02
2.523833e-02;5.001312e-02;6.005455e-01;6.308358e-02;6.285623e-02;3.137160e-02;5.009350e-02;2.089296e-02;3.063961e-02;3.447205e-02;2.120940e-02;9.584122e-03
4.917270e-02;6.766479e-02;6.162503e-01;5.083270e-02;3.539063e-02;2.000232e-02;4.400272e-02;1.622860e-02;4.182083e-02;2.866726e-02;1.641919e-02;1.354797e-02
6.446385e-02;7.546509e-02;6.051968e-01;3.755524e-02;1.616420e-02;1.825497e-02;4.516104e-02;1.327953e-02;6.131928e-02;2.239513e-02;2.093050e-02;1.981435e-02
6.265108e-02;6.194501e-02;5.697939e-01;2.794700e-02;2.011674e-02;1.366832e-02;5.572612e-02;2.560435e-02;5.185442e-02;3.869643e-02;4.965494e-02;2.234162e-02
4.605915e-02;3.829997e-02;4.814839e-01;2.446978e-02;3.367938e-02;2.944932e-02;4.340037e-02;3.029459e-02;5.260238e-02;8.338010e-02;9.659789e-02;4.028314e-02
5.387799e-02;4.014313e-02;3.048253e-01;3.347386e-02;6.576725e-02;4.351468e-02;1.225319e-01;4.695066e-02;5.734562e-02;9.626486e-02;8.387981e-02;5.142499e-02
6.579117e-02;5.138095e-02;1.762172e-01;5.809285e-02;7.615136e-02;8.273064e-02;1.596535e-01;7.280973e-02;5.148964e-02;8.597884e-02;7.452165e-02;4.518251e-02
8.463346e-02;7.247856e-02;1.233148e-01;6.146529e-02;1.073237e-01;7.247553e-02;1.096607e-01;6.809906e-02;9.399504e-02;7.016233e-02;7.515847e-02;6.123308e-02
8.562024e-02;6.448720e-02;1.248690e-01;7.216788e-02;8.189259e-02;6.093292e-02;1.271631e-01;8.125197e-02;8.847104e-02;8.614530e-02;6.074580e-02;6.625292e-02
9.625288e-02;5.793587e-02;1.755064e-01;5.224155e-02;7.912715e-02;6.607831e-02;1.474695e-01;6.062001e-02;5.728124e-02;8.094577e-02;6.556596e-02;6.097541e-02
1.064896e-01;7.238622e-02;2.072760e-01;5.654468e-02;7.701246e-02;5.750424e-02;1.528786e-01;4.062731e-02;3.922821e-02;7.576720e-02;6.775099e-02;4.653443e-02
1.081895e-01;7.630981e-02;2.064563e-01;5.756512e-02;7.697928e-02;5.440535e-02;1.551005e-01;3.470143e-02;3.422425e-02;8.014146e-02;7.209372e-02;4.383328e-02
1.161053e-01;6.999866e-02;1.894565e-01;6.002106e-02;7.256547e-02;5.500942e-02;1.571185e-01;3.548742e-02;3.976249e-02;9.009110e-02;6.891579e-02;4.546829e-02
7.151320e-02;6.168579e-02;3.647571e-01;7.402753e-02;8.255928e-02;5.840627e-02;9.864607e-02;3.490648e-02;3.769613e-02;6.119531e-02;3.258713e-02;2.201973e-02
4.795733e-02;7.842193e-02;4.645255e-01;6.012716e-02;6.195534e-02;4.248663e-02;6.232457e-02;1.907491e-02;6.834281e-02;6.252646e-02;1.782257e-02;1.443480e-02
4.766456e-02;1.268423e-01;4.448775e-01;2.762331e-02;2.813153e-02;3.616559e-02;4.682129e-02;1.726934e-02;1.312270e-01;7.762951e-02;7.027988e-03;8.720091e-03
2.484156e-02;1.607669e-01;3.823988e-01;1.724916e-02;1.373493e-02;3.312701e-02;3.129385e-02;2.236672e-02;1.933309e-01;1.002877e-01;9.772483e-03;1.083002e-02
3.362779e-02;1.771397e-01;3.199071e-01;1.442042e-02;1.102360e-02;2.733027e-02;1.808045e-02;2.169172e-02;2.644892e-01;8.659215e-02;7.803647e-03;1.789404e-02
3.509143e-02;1.718130e-01;3.054986e-01;1.413788e-02;1.247854e-02;3.951885e-02;1.833516e-02;1.382983e-02;2.927933e-01;7.175565e-02;8.639602e-03;1.610817e-02
2.475377e-02;1.269927e-01;3.756650e-01;1.618035e-02;7.323457e-03;3.552486e-02;1.564400e-02;1.516996e-02;2.309425e-01;1.251325e-01;1.149543e-02;1.517533e-02
6.192138e-03;8.876976e-02;4.563187e-01;1.929218e-02;9.262952e-03;2.440380e-02;2.622941e-02;1.173906e-02;1.451105e-01;1.869870e-01;1.148367e-02;1.421082e-02
9.744946e-03;9.272879e-02;4.863266e-01;1.602992e-02;1.100098e-02;1.350988e-02;4.162665e-02;9.893128e-03;1.093716e-01;1.955228e-01;8.424909e-03;5.819755e-03
4.032661e-02;1.240144e-01;4.494933e-01;1.730305e-02;1.484168e-02;1.071343e-02;3.654388e-02;1.815565e-02;1.236078e-01;1.432978e-01;1.065073e-02;1.105161e-02
9.418526e-02;1.621070e-01;3.720936e-01;2.187610e-02;1.300506e-02;1.588788e-02;2.348801e-02;2.894993e-02;1.563653e-01;8.095680e-02;7.950873e-03;2.313419e-02
1.497367e-01;1.636184e-01;2.856574e-01;2.349192e-02;1.747606e-02;2.649765e-02;3.442267e-02;4.908272e-02;1.519307e-01;4.466949e-02;1.909188e-02;3.432429e-02
1.856908e-01;1.284103e-01;1.498400e-01;2.893669e-02;3.851714e-02;5.662800e-02;6.274184e-02;6.751891e-02;8.939510e-02;7.525764e-02;4.997946e-02;6.708407e-02
1.022676e-01;5.717587e-02;2.461028e-01;3.519479e-02;3.241926e-02;6.761231e-02;6.773296e-02;4.053269e-02;1.101285e-01;1.053594e-01;6.382912e-02;7.164464e-02
6.429823e-02;9.179655e-02;1.968658e-01;3.300845e-02;2.442318e-02;5.533091e-02;4.802238e-02;5.732436e-02;2.009757e-01;1.079296e-01;4.449848e-02;7.552630e-02
6.526837e-02;8.422889e-02;1.297234e-01;3.214677e-02;4.354296e-02;5.012509e-02;2.904723e-02;7.990030e-02;1.989622e-01;1.570366e-01;4.469894e-02;8.531924e-02
9.754750e-02;6.105200e-02;8.183349e-02;3.648595e-02;5.432928e-02;5.900171e-02;8.122195e-02;8.003983e-02;1.524482e-01;1.782431e-01;4.898505e-02;6.881196e-02
1.213800e-01;4.667109e-02;9.306095e-02;3.968879e-02;6.467564e-02;4.861464e-02;8.796327e-02;7.452946e-02;1.757068e-01;1.406084e-01;4.957970e-02;5.752135e-02
1.432263e-01;7.035642e-02;1.113878e-01;5.062178e-02;8.138615e-02;4.927522e-02;4.516663e-02;8.135056e-02;1.708148e-01;1.013880e-01;3.906161e-02;5.596477e-02
1.054845e-01;7.550649e-02;1.325716e-01;5.752712e-02;5.365320e-02;6.711213e-02;5.364469e-02;9.929717e-02;1.445242e-01;1.105293e-01;5.557727e-02;4.457226e-02
5.804211e-02;5.428840e-02;2.744876e-01;5.284492e-02;6.187673e-02;5.781258e-02;8.437415e-02;7.028087e-02;1.068823e-01;1.087650e-01;4.257157e-02;2.777370e-02
4.594133e-02;3.279516e-02;4.993028e-01;5.045824e-02;6.615001e-02;4.351891e-02;7.752600e-02;2.322006e-02;5.119917e-02;4.920531e-02;3.470793e-02;2.597510e-02
5.365399e-02;5.586906e-02;5.794305e-01;5.154876e-02;6.040320e-02;3.100531e-02;4.994652e-02;2.392674e-02;2.321389e-02;3.424194e-02;1.779192e-02;1.896821e-02
8.479561e-02;8.716112e-02;5.530108e-01;4.008264e-02;4.997148e-02;1.412097e-02;3.902536e-02;2.361664e-02;2.695691e-02;3.014051e-02;2.949960e-02;2.161836e-02
1.666060e-01;1.201386e-01;4.775491e-01;2.906975e-02;4.404903e-02;1.039788e-02;4.281783e-02;1.998514e-02;1.642662e-02;2.635849e-02;2.043051e-02;2.617103e-02
2.314133e-01;1.453453e-01;3.198642e-01;2.928595e-02;4.124679e-02;8.107902e-03;5.243061e-02;5.317788e-02;4.325039e-02;2.790409e-02;3.024402e-02;1.772947e-02
2.619813e-01;1.265545e-01;2.195685e-01;3.036460e-02;4.080708e-02;1.484215e-02;7.158508e-02;1.239257e-01;4.422512e-02;1.772865e-02;2.195388e-02;2.646338e-02
3.266646e-01;9.651724e-02;1.332643e-01;1.491394e-02;4.291416e-02;1.145521e-02;8.079813e-02;2.064050e-01;2.741704e-02;1.096092e-02;1.812581e-02;3.056369e-02
3.459175e-01;9.923165e-02;1.159541e-01;9.273240e-03;5.177849e-02;7.525723e-03;4.542053e-02;2.382322e-01;3.860160e-02;9.003178e-03;1.680382e-02;2.225797e-02
3.604878e-01;1.124129e-01;1.096295e-01;6.554423e-03;6.299616e-02;4.158348e-03;1.102003e-02;2.320776e-01;5.812710e-02;8.110666e-03;1.477834e-02;1.964713e-02
3.765264e-01;1.077129e-01;1.108426e-01;4.945174e-03;6.717125e-02;4.862496e-03;2.006131e-02;2.134634e-01;4.224838e-02;6.478626e-03;1.703754e-02;2.864995e-02
3.877394e-01;1.167560e-01;1.181742e-01;1.147974e-02;7.457543e-02;9.063723e-03;1.892953e-02;1.795107e-01;2.539209e-02;7.898523e-03;1.755176e-02;3.292883e-02
4.144489e-01;1.280269e-01;1.160419e-01;1.262134e-02;7.751691e-02;1.189916e-02;1.485136e-02;1.362402e-01;2.150019e-02;1.056697e-02;1.575456e-02;4.053159e-02
4.320359e-01;1.353163e-01;1.135955e-01;1.067558e-02;7.354154e-02;1.077945e-02;2.986999e-02;9.436935e-02;2.424196e-02;1.148623e-02;1.697686e-02;4.711141e-02
3.820117e-01;1.274177e-01;1.408915e-01;1.897083e-02;5.211876e-02;1.380085e-02;6.351571e-02;5.940539e-02;3.460886e-02;2.328853e-02;2.642041e-02;5.754976e-02
3.177949e-01;1.065069e-01;1.661878e-01;3.238123e-02;4.587342e-02;2.576804e-02;8.643051e-02;4.548838e-02;4.428415e-02;3.932221e-02;3.894092e-02;5.102147e-02
3.110255e-01;8.196802e-02;1.451021e-01;3.453577e-02;6.013195e-02;3.217090e-02;9.238978e-02;6.909824e-02;5.546752e-02;4.365125e-02;4.344654e-02;3.101244e-02
2.876162e-01;1.023758e-01;1.413676e-01;3.269637e-02;3.720310e-02;2.189373e-02;1.006218e-01;1.246518e-01;3.672960e-02;4.008615e-02;3.874583e-02;3.601195e-02
2.028542e-01;1.053126e-01;1.388841e-01;2.623402e-02;3.921683e-02;2.172787e-02;1.053109e-01;1.733382e-01;6.670983e-02;4.584584e-02;4.356494e-02;3.100071e-02
1.540482e-01;8.855753e-02;1.888007e-01;2.024785e-02;5.271187e-02;3.146632e-02;1.110239e-01;1.710834e-01;6.040662e-02;4.914562e-02;4.757975e-02;2.492816e-02
1.509760e-01;7.954700e-02;1.821821e-01;1.834674e-02;4.203994e-02;4.790986e-02;1.114444e-01;1.441651e-01;6.866702e-02;4.924658e-02;5.630245e-02;4.917290e-02
1.346362e-01;6.323107e-02;1.802675e-01;3.473520e-02;4.264689e-02;5.463560e-02;1.132241e-01;1.346815e-01;4.660461e-02;5.313758e-02;6.558629e-02;7.661346e-02
8.831865e-02;2.825427e-02;1.597560e-01;5.144447e-02;7.313247e-02;5.138353e-02;1.002377e-01;1.181692e-01;1.016606e-01;7.126892e-02;8.213431e-02;7.423986e-02
1.093916e-01;5.599998e-02;1.625432e-01;5.802226e-02;9.427454e-02;4.114027e-02;1.131807e-01;8.013714e-02;9.082778e-02;6.846497e-02;7.741706e-02;4.860048e-02
7.022345e-02;9.775883e-02;1.589811e-01;7.959314e-02;6.170655e-02;5.484197e-02;1.271694e-01;7.984565e-02;8.060462e-02;8.649148e-02;5.031005e-02;5.247368e-02
7.668693e-02;8.628872e-02;1.515187e-01;7.638811e-02;6.122422e-02;5.746195e-02;1.189771e-01;9.389845e-02;8.186504e-02;9.098551e-02;4.842388e-02;5.628136e-02
9.072769e-02;5.679556e-02;1.492333e-01;8.031651e-02;6.252899e-02;6.750711e-02;1.307316e-01;9.948378e-02;8.513661e-02;9.668955e-02;2.637161e-02;5.447773e-02
5.966081e-02;7.854113e-02;2.825631e-01;8.652224e-02;6.100612e-02;7.008862e-02;1.227253e-01;4.195558e-02;7.955028e-02;6.797075e-02;2.818837e-02;2.122776e-02
4.499716e-02;1.057002e-01;3.443178e-01;7.363578e-02;5.953887e-02;7.553155e-02;9.910736e-02;1.745448e-02;7.970236e-02;6.854224e-02;2.152068e-02;9.951537e-03
3.839274e-02;1.471009e-01;3.739848e-01;4.790447e-02;3.364043e-02;7.745701e-02;6.142313e-02;9.406980e-03;1.145716e-01;7.525782e-02;1.112172e-02;9.738357e-03
2.646276e-02;2.080240e-01;3.674768e-01;1.997042e-02;1.246037e-02;6.454585e-02;2.282960e-02;1.048466e-02;1.607841e-01;8.335219e-02;9.820552e-03;1.378872e-02
2.163162e-02;2.024122e-01;3.835236e-01;1.572858e-02;1.017534e-02;4.093421e-02;1.595332e-02;7.906568e-03;1.565977e-01;1.234275e-01;8.343006e-03;1.336624e-02
1.688094e-02;1.261499e-01;4.490803e-01;2.127128e-02;1.054472e-02;2.563006e-02;2.116856e-02;8.893489e-03;1.178215e-01;1.873488e-01;8.314894e-03;6.895674e-03
1.507447e-02;8.466880e-02;4.961173e-01;2.978882e-02;7.553092e-03;9.120626e-03;3.298544e-02;3.113304e-03;6.872880e-02;2.266111e-01;1.761150e-02;8.626661e-03
1.649111e-02;5.457634e-02;5.343135e-01;3.636028e-02;1.342859e-02;7.104995e-03;3.575926e-02;4.039099e-03;2.633134e-02;2.279758e-01;3.683482e-02;6.784927e-03
1.952607e-02;2.739268e-02;5.460963e-01;6.595369e-02;2.023075e-02;8.615956e-03;3.043129e-02;9.839583e-03;7.714978e-03;1.936468e-01;6.205995e-02;8.491956e-03
1.479048e-02;1.724731e-02;5.300896e-01;1.013881e-01;2.245246e-02;9.044122e-03;1.228106e-02;1.194686e-02;1.755485e-02;1.474873e-01;1.013258e-01;1.439212e-02
1.472232e-02;2.046549e-02;4.443245e-01;1.557153e-01;3.803883e-02;1.370911e-02;1.541257e-02;1.911917e-02;1.753333e-02;9.276780e-02;1.639777e-01;4.213845e-03
1.138811e-02;2.069264e-02;3.353156e-01;2.143848e-01;7.452694e-02;2.008754e-02;1.019424e-02;3.254011e-02;1.265009e-02;4.069203e-02;2.144917e-01;1.303621e-02
9.521175e-03;1.966918e-02;2.348481e-01;2.127623e-01;1.471248e-01;3.048082e-02;2.222256e-02;3.737196e-02;9.269163e-03;1.026041e-02;1.972431e-01;6.922642e-02
1.078609e-02;1.407920e-02;1.796518e-01;1.564267e-01;2.355231e-01;4.324015e-02;3.002078e-02;3.061447e-02;2.129386e-02;2.442048e-02;1.268852e-01;1.270581e-01
1.587429e-02;1.029550e-02;1.357623e-01;1.035647e-01;3.501972e-01;5.905126e-02;4.685608e-02;2.597485e-02;3.367734e-02;1.884433e-02;3.786088e-02;1.620414e-01
1.438973e-02;6.303967e-03;1.107849e-01;6.477769e-02;4.009999e-01;7.290163e-02;6.282223e-02;1.061327e-02;6.164820e-02;1.011212e-02;3.167568e-02;1.529707e-01
1.608057e-02;5.166239e-03;8.004924e-02;5.842088e-02;3.974771e-01;1.035975e-01;7.799026e-02;1.203715e-02;7.929830e-02;1.748979e-02;2.593541e-02;1.264576e-01
1.525057e-02;8.219035e-03;8.044844e-02;3.625348e-02;4.012852e-01;1.267185e-01;8.479059e-02;1.419551e-02;9.211758e-02;1.318107e-02;1.353760e-02;1.140025e-01
2.836305e-02;1.031694e-02;7.627081e-02;4.408914e-02;3.933198e-01;1.128821e-01;1.139632e-01;1.292192e-02;1.000942e-01;1.385167e-02;1.130385e-02;8.262344e-02
3.992654e-02;1.734009e-02;1.180914e-01;6.504189e-02;3.594316e-01;1.163846e-01;7.821286e-02;1.986105e-02;1.008795e-01;2.154569e-02;1.317951e-02;5.010525e-02
2.949958e-02;1.104027e-02;1.316403e-01;6.302233e-02;3.147598e-01;1.189603e-01;1.353066e-01;2.286495e-02;9.659173e-02;2.249514e-02;1.896263e-02;3.485636e-02
1.116675e-02;6.034848e-03;1.128011e-01;4.943107e-02;3.493143e-01;1.306148e-01;1.441201e-01;1.133054e-02;9.550074e-02;2.084175e-02;1.823504e-02;5.060900e-02
8.405777e-03;8.458704e-03;1.454486e-01;9.908724e-02;3.492716e-01;1.050426e-01;8.978192e-02;1.561961e-02;7.587142e-02;1.775892e-02;1.250916e-02;7.274453e-02
5.531965e-03;1.047562e-02;2.435474e-01;1.472875e-01;2.867458e-01;7.625455e-02;5.012123e-02;3.897993e-02;3.149329e-02;1.733871e-02;3.098953e-02;6.123454e-02
5.613623e-03;1.452981e-02;3.656196e-01;1.670674e-01;1.990768e-01;5.844712e-02;2.085140e-02;5.650093e-02;1.639586e-02;1.756998e-02;4.650915e-02;3.181823e-02
9.187485e-03;1.298118e-02;4.974434e-01;1.495478e-01;1.258231e-01;4.210902e-02;2.699650e-02;4.588485e-02;1.199945e-02;1.656465e-02;4.808052e-02;1.338207e-02
1.792134e-02;2.241028e-02;6.135346e-01;9.713180e-02;7.601865e-02;2.949440e-02;3.876096e-02;1.836595e-02;1.271673e-02;3.654587e-02;2.878201e-02;8.317444e-03
2.225942e-02;4.528518e-02;6.700976e-01;6.226678e-02;4.064183e-02;2.043838e-02;3.360575e-02;1.052984e-02;1.962432e-02;4.852827e-02;1.624821e-02;1.047444e-02
4.224669e-02;1.016804e-01;6.154285e-01;3.809152e-02;1.389182e-02;2.843450e-02;2.043627e-02;1.268549e-02;6.679709e-02;4.112088e-02;8.168182e-03;1.101861e-02
1.061321e-01;1.523174e-01;4.619099e-01;2.236187e-02;2.199942e-02;3.334392e-02;1.093429e-02;2.940602e-02;1.123608e-01;2.563428e-02;1.066961e-02;1.293027e-02
2.010928e-01;1.453776e-01;3.038889e-01;1.470534e-02;4.243793e-02;2.479494e-02;1.906009e-02;8.655582e-02;1.021414e-01;1.714782e-02;2.169970e-02;2.109776e-02
2.706017e-01;8.786564e-02;2.406822e-01;1.553384e-02;5.866683e-02;1.800547e-02;2.938670e-02;1.554863e-01;5.106136e-02;1.529455e-02;2.787281e-02;2.954271e-02
2.956330e-01;5.219520e-02;1.834935e-01;1.837084e-02;5.195564e-02;1.743175e-02;5.283231e-02;2.070081e-01;1.349723e-02;1.956156e-02;3.944529e-02;4.857558e-02
2.408311e-01;5.093275e-02;1.748779e-01;4.110564e-02;3.446395e-02;1.993236e-02;9.274299e-02;1.723685e-01;2.863727e-02;3.809064e-02;5.129760e-02;5.471922e-02
2.079750e-01;3.673705e-02;1.265727e-01;6.455947e-02;2.488892e-02;3.054829e-02;1.534733e-01;1.298406e-01;3.393814e-02;5.430625e-02;5.983182e-02;7.732859e-02
1.464651e-01;5.004681e-02;1.459044e-01;5.409957e-02;1.887858e-02;3.101944e-02;1.794126e-01;1.016139e-01;4.353225e-02;5.828211e-02;7.967717e-02;9.106807e-02
1.103606e-01;3.248538e-02;1.225628e-01;4.219512e-02;4.707288e-02;2.426280e-02;1.733301e-01;1.032975e-01;6.319603e-02;6.938848e-02;1.203650e-01;9.148334e-02
9.182187e-02;2.820116e-02;2.819228e-01;3.980804e-02;6.022556e-02;3.438209e-02;8.769622e-02;7.320862e-02;6.059799e-02;6.920686e-02;1.207918e-01;5.213696e-02
6.043151e-02;3.905852e-02;2.738323e-01;3.277265e-02;6.187071e-02;4.006782e-02;9.016321e-02;6.449073e-02;5.431534e-02;8.808237e-02;1.305115e-01;6.440338e-02
6.172547e-02;4.284553e-02;1.759148e-01;3.918834e-02;5.900361e-02;3.480158e-02;1.055830e-01;7.044722e-02;8.650410e-02;1.153065e-01;1.438086e-01;6.487120e-02
6.283984e-02;3.351334e-02;9.643508e-02;4.383832e-02;5.214966e-02;3.988138e-02;1.281000e-01;4.952222e-02;8.903271e-02;1.692913e-01;1.655831e-01;6.981295e-02
6.140245e-02;3.489793e-02;1.195120e-01;5.140221e-02;3.562911e-02;4.665693e-02;1.250326e-01;3.471766e-02;9.945074e-02;1.653018e-01;1.612808e-01;6.471575e-02
8.006385e-02;2.462640e-02;1.068650e-01;4.444512e-02;6.423304e-02;6.358180e-02;1.155678e-01;4.653419e-02;9.682335e-02;1.321176e-01;1.559402e-01;6.920166e-02
7.778579e-02;5.810138e-02;1.619545e-01;5.571764e-02;6.612684e-02;5.478994e-02;1.166392e-01;7.659084e-02;5.667221e-02;1.048699e-01;1.054712e-01;6.528058e-02
5.216056e-02;5.676932e-02;2.044850e-01;6.791199e-02;6.222907e-02;6.051754e-02;1.415946e-01;7.464702e-02;7.795382e-02;8.477453e-02;5.444100e-02;6.251557e-02
1.882068e-02;4.661202e-02;1.752523e-01;6.763460e-02;8.660962e-02;7.976431e-02;1.704486e-01;5.442825e-02;1.362776e-01;6.932398e-02;4.494493e-02;4.988316e-02
4.403652e-02;4.174711e-02;1.342397e-01;7.081655e-02;8.351628e-02;8.959641e-02;1.681298e-01;6.932006e-02;1.289615e-01;6.462996e-02;4.911380e-02;5.589235e-02
2.759922e-02;3.470280e-02;1.811790e-01;6.640544e-02;8.108936e-02;8.794139e-02;1.788074e-01;9.257033e-02;6.300907e-02;6.659595e-02;7.371654e-02;4.638346e-02
3.167492e-02;4.051637e-02;1.921256e-01;5.664757e-02;7.636589e-02;7.695580e-02;2.029261e-01;8.964647e-02;3.539019e-02;6.662634e-02;8.876287e-02;4.236188e-02
6.036866e-02;4.418404e-02;1.587745e-01;3.750508e-02;7.283840e-02;5.339769e-02;2.239411e-01;4.431579e-02;8.055068e-02;8.043772e-02;9.584938e-02;4.783700e-02
6.497848e-02;4.126411e-02;1.978408e-01;4.054928e-02;7.254916e-02;4.868263e-02;1.955081e-01;4.758884e-02;9.104259e-02;7.106823e-02;8.078230e-02;4.814548e-02
5.411394e-02;3.318166e-02;2.082964e-01;6.521753e-02;8.609241e-02;5.750351e-02;1.356237e-01;5.833611e-02;1.019576e-01;7.680338e-02;7.597128e-02;4.690240e-02
6.753989e-02;6.163776e-02;9.433931e-02;6.293371e-02;9.726406e-02;7.099152e-02;1.360370e-01;5.262400e-02;1.162725e-01;1.102560e-01;8.090366e-02;4.920054e-02
4.969921e-02;4.950147e-02;2.136156e-01;4.554624e-02;9.636880e-02;5.989326e-02;1.771035e-01;4.347716e-02;6.827493e-02;8.885848e-02;6.650231e-02;4.115898e-02
5.304520e-02;3.718909e-02;1.974182e-01;4.678071e-02;9.465660e-02;5.726854e-02;1.584302e-01;4.598107e-02;8.189465e-02;8.542936e-02;9.630077e-02;4.560570e-02
4.583199e-02;8.437421e-02;1.274473e-01;4.459433e-02;7.532240e-02;5.457452e-02;1.349209e-01;5.781731e-02;8.869378e-02;1.238569e-01;1.116310e-01;5.093538e-02
7.473402e-02;1.110142e-01;8.712046e-02;5.768239e-02;6.483237e-02;6.515805e-02;1.522969e-01;5.988079e-02;6.963370e-02;1.294048e-01;9.204906e-02;3.619309e-02
7.493486e-02;1.112246e-01;1.400789e-01;5.870746e-02;8.943307e-02;7.010643e-02;1.492386e-01;6.344160e-02;5.885357e-02;8.281149e-02;7.264492e-02;2.852459e-02
6.116235e-02;7.880685e-02;1.073807e-01;7.103028e-02;1.173275e-01;7.357631e-02;1.702618e-01;6.810181e-02;9.577516e-02;5.323924e-02;5.339016e-02;4.994780e-02
5.453677e-02;5.596453e-02;1.351406e-01;8.385189e-02;1.130606e-01;6.556611e-02;1.440599e-01;8.242323e-02;9.604612e-02;6.017439e-02;6.479925e-02;4.437668e-02
7.333359e-02;5.164048e-02;1.260414e-01;8.413829e-02;1.151198e-01;6.196791e-02;9.030582e-02;7.444056e-02;1.073232e-01;1.011015e-01;6.236972e-02;5.221767e-02
9.171489e-02;4.062974e-02;9.825942e-02;8.944327e-02;7.281284e-02;6.928537e-02;1.011847e-01;7.056624e-02;1.050591e-01;1.079337e-01;7.323548e-02;7.987524e-02
1.162467e-01;4.579641e-02;1.037244e-01;7.506872e-02;6.079797e-02;5.981732e-02;1.298739e-01;9.401792e-02;7.991088e-02;9.902241e-02;7.044660e-02;6.527673e-02
1.141374e-01;5.155140e-02;6.692779e-02;5.955233e-02;7.933374e-02;6.305873e-02;2.004929e-01;7.179850e-02;9.123123e-02;1.011989e-01;5.788226e-02;4.283493e-02
7.709452e-02;5.537985e-02;6.587721e-02;5.729263e-02;9.008478e-02;8.835605e-02;2.075660e-01;6.722119e-02;9.527908e-02;1.061295e-01;3.933019e-02;5.038904e-02
6.900380e-02;4.719209e-02;9.144198e-02;4.453841e-02;9.484038e-02;1.115141e-01;1.932172e-01;7.974814e-02;5.660592e-02;8.269571e-02;7.498685e-02;5.421541e-02
6.864295e-02;4.509764e-02;1.027595e-01;4.248796e-02;7.493466e-02;8.309410e-02;1.704099e-01;1.055140e-01;4.939444e-02;1.249509e-01;5.816214e-02;7.455172e-02
6.727286e-02;6.193710e-02;1.009945e-01;4.897856e-02;6.435814e-02;5.266710e-02;1.523659e-01;8.503434e-02;8.466207e-02;1.502364e-01;3.638038e-02;9.511262e-02
7.370485e-02;7.651276e-02;7.604150e-02;4.861144e-02;8.247262e-02;5.377987e-02;1.245143e-01;4.843844e-02;1.444385e-01;1.342237e-01;4.264950e-02;9.461251e-02
7.696678e-02;7.286175e-02;7.263151e-02;4.085775e-02;7.708997e-02;4.848733e-02;1.336499e-01;1.146708e-01;1.066485e-01;1.166259e-01;5.627598e-02;8.323376e-02
6.135830e-02;7.110599e-02;7.767411e-02;4.277054e-02;4.705149e-02;5.810014e-02;1.550170e-01;1.044052e-01;1.132551e-01;1.256224e-01;6.733125e-02;7.630848e-02
8.124147e-02;6.325011e-02;1.245118e-01;5.947514e-02;4.865082e-02;5.729557e-02;1.112033e-01;5.463235e-02;1.287892e-01;1.498019e-01;4.880363e-02;7.234474e-02
8.839624e-02;6.989790e-02;1.214567e-01;5.887672e-02;5.669982e-02;4.199331e-02;1.182050e-01;7.605797e-02;1.132320e-01;1.452530e-01;3.906167e-02;7.086961e-02
6.313324e-02;8.786543e-02;1.345444e-01;7.125850e-02;5.974109e-02;4.591130e-02;1.177932e-01;7.690019e-02;1.025230e-01;1.133187e-01;6.015725e-02;6.685373e-02
2.413877e-02;8.896161e-02;1.599720e-01;8.304363e-02;7.531738e-02;8.124476e-02;1.047389e-01;7.612561e-02;8.232433e-02;8.552355e-02;7.099991e-02;6.760951e-02
5.760191e-02;9.180502e-02;1.108246e-01;6.711596e-02;8.108516e-02;8.996107e-02;1.452901e-01;5.316478e-02;6.391537e-02;6.609078e-02;8.875433e-02;8.439090e-02
6.226145e-02;8.738468e-02;9.232181e-02;3.965343e-02;9.898663e-02;6.771914e-02;1.552412e-01;6.401940e-02;9.245122e-02;6.879102e-02;1.210610e-01;5.010904e-02
1.099310e-01;5.288460e-02;9.824395e-02;3.456481e-02;9.692591e-02;6.932788e-02;1.353585e-01;8.639532e-02;8.359374e-02;6.566974e-02;1.081145e-01;5.898992e-02
9.537005e-02;3.240184e-02;9.558301e-02;3.604011e-02;7.954130e-02;1.095607e-01;8.332185e-02;6.156365e-02;1.287791e-01;9.655441e-02;1.101290e-01;7.115500e-02
6.177983e-02;3.764477e-02;8.391449e-02;2.714354e-02;7.559270e-02;8.978356e-02;6.856590e-02;6.833509e-02;1.804727e-01;1.213595e-01;1.119850e-01;7.342280e-02
4.266604e-02;3.883927e-02;1.042537e-01;2.338249e-02;9.305073e-02;6.161755e-02;9.791481e-02;7.227710e-02;1.881130e-01;1.078368e-01;9.536608e-02;7.468231e-02
4.943850e-02;5.504453e-02;2.907843e-01;6.884577e-02;9.266425e-02;4.879050e-02;1.438442e-01;4.954455e-02;5.193033e-02;4.790652e-02;7.630012e-02;2.490632e-02
6.513049e-02;6.997330e-02;3.136436e-01;6.277313e-02;7.401394e-02;4.598141e-02;1.198538e-01;4.583752e-02;7.920998e-02;4.876730e-02;4.892884e-02;2.588667e-02
8.668513e-02;9.426693e-02;2.858934e-01;5.297629e-02;4.969971e-02;4.923911e-02;7.607215e-02;6.418174e-02;1.396070e-01;3.739468e-02;4.127347e-02;2.271040e-02
1.206788e-01;1.172884e-01;2.416637e-01;3.900424e-02;2.217779e-02;5.160743e-02;3.254155e-02;9.026469e-02;2.128268e-01;2.072116e-02;3.289904e-02;1.832647e-02
1.599499e-01;1.133749e-01;2.037786e-01;2.246760e-02;1.593518e-02;4.383837e-02;4.878484e-02;9.388502e-02;2.108991e-01;3.687077e-02;2.586310e-02;2.435270e-02
1.754457e-01;1.403022e-01;3.272901e-01;2.083186e-02;2.490638e-02;2.779973e-02;6.110855e-02;5.732699e-02;1.037131e-01;2.637971e-02;1.660385e-02;1.829193e-02
1.622221e-01;1.880411e-01;4.665633e-01;1.909187e-02;1.178883e-02;1.516819e-02;3.442324e-02;9.499186e-03;6.420161e-02;1.215939e-02;9.172764e-03;7.668419e-03
1.779098e-01;1.817202e-01;4.518857e-01;1.806377e-02;1.480698e-02;1.598201e-02;1.789998e-02;1.031514e-02;6.660645e-02;1.674557e-02;1.377869e-02;1.428577e-02
1.995495e-01;1.432211e-01;4.272580e-01;2.302677e-02;1.432059e-02;1.373414e-02;2.741724e-02;2.550362e-02;3.741638e-02;2.525152e-02;2.844927e-02;3.485190e-02
1.831067e-01;8.343421e-02;3.923925e-01;2.558381e-02;1.883644e-02;2.477761e-02;3.111564e-02;3.976564e-02;4.377938e-02;4.412660e-02;6.598138e-02;4.710018e-02
1.242471e-01;3.418050e-02;2.403087e-01;2.500456e-02;4.674280e-02;5.276613e-02;8.269547e-02;5.292712e-02;1.324508e-01;6.597268e-02;1.092406e-01;3.346368e-02
1.186982e-01;4.277807e-02;1.424707e-01;2.707495e-02;5.354801e-02;5.892065e-02;9.920947e-02;6.947437e-02;1.899196e-01;6.510027e-02;9.426531e-02;3.854039e-02
1.450527e-01;9.454437e-02;1.778250e-01;4.725900e-02;3.852673e-02;4.993992e-02;1.111670e-01;9.537796e-02;1.010440e-01;4.618187e-02;4.563763e-02;4.744379e-02
1.087486e-01;6.847633e-02;1.869241e-01;5.935369e-02;4.332036e-02;5.456394e-02;1.008799e-01;1.038336e-01;1.271147e-01;7.880146e-02;3.697727e-02;3.100610e-02
1.385887e-01;9.407903e-02;1.786943e-01;5.028886e-02;5.103275e-02;5.807775e-02;8.337033e-02;6.687438e-02;8.105151e-02;9.407244e-02;6.088980e-02;4.298015e-02
1.244654e-01;1.012361e-01;1.524196e-01;5.605635e-02;5.713226e-02;8.444832e-02;1.174879e-01;4.843011e-02;5.544719e-02;7.259303e-02;6.480642e-02;6.547736e-02
1.011918e-01;8.627461e-02;1.480254e-01;7.304993e-02;6.428622e-02;8.335867e-02;1.300057e-01;5.926360e-02;5.376902e-02;6.263342e-02;6.805890e-02;7.008273e-02
8.151379e-02;6.232180e-02;1.403423e-01;8.481353e-02;6.776248e-02;7.238610e-02;1.352333e-01;6.918740e-02;6.961297e-02;6.353733e-02;7.973199e-02;7.355694e-02
4.607417e-02;3.165434e-02;2.826352e-01;9.675039e-02;7.912415e-02;5.160438e-02;1.559442e-01;4.652311e-02;6.906421e-02;3.836104e-02;5.837221e-02;4.389258e-02
3.415329e-02;4.011051e-02;4.467729e-01;8.949673e-02;7.527894e-02;4.821184e-02;1.229966e-01;2.489748e-02;4.461417e-02;3.771807e-02;2.202637e-02;1.372315e-02
3.343205e-02;7.701843e-02;4.879942e-01;6.777743e-02;4.631997e-02;5.229101e-02;7.253120e-02;2.291439e-02;6.267267e-02;5.071053e-02;1.934722e-02;6.990885e-03
3.193468e-02;1.264758e-01;4.474287e-01;3.844893e-02;1.977937e-02;6.659959e-02;4.648405e-02;2.414982e-02;1.333869e-01;4.270513e-02;1.545318e-02;7.153798e-03
4.569960e-02;1.787498e-01;3.210048e-01;1.812902e-02;1.139953e-02;8.513142e-02;3.751998e-02;1.537158e-02;2.499653e-01;1.928512e-02;8.525140e-03;9.218798e-03
6.280772e-02;1.907634e-01;2.556443e-01;1.011386e-02;2.046100e-02;7.691244e-02;2.815767e-02;8.554893e-03;3.008589e-01;2.878478e-02;4.953105e-03;1.198787e-02
7.050972e-02;1.946087e-01;2.652030e-01;1.023791e-02;1.588966e-02;6.342279e-02;1.826544e-02;1.549515e-02;3.194038e-01;1.246806e-02;5.525978e-03;8.969856e-03
5.532627e-02;1.922235e-01;3.029666e-01;1.085870e-02;7.829146e-03;5.291208e-02;7.977215e-03;1.143794e-02;3.239717e-01;2.274402e-02;4.059206e-03;7.693538e-03
3.621848e-02;1.759277e-01;3.464943e-01;1.343539e-02;9.968039e-03;3.870200e-02;1.311866e-02;6.680548e-03;3.090927e-01;3.202956e-02;1.016239e-02;8.170227e-03
2.580581e-02;1.487244e-01;4.063788e-01;1.825270e-02;1.051670e-02;2.414799e-02;2.410896e-02;1.471540e-02;2.641073e-01;3.776142e-02;1.609482e-02;9.385672e-03
1.519021e-02;1.127503e-01;4.925662e-01;2.275399e-02;1.239739e-02;1.864287e-02;2.199003e-02;1.434531e-02;1.929219e-01;7.280108e-02;1.437769e-02;9.263049e-03
1.899520e-02;9.182754e-02;5.392742e-01;3.466317e-02;1.725184e-02;1.524740e-02;2.962109e-02;1.217259e-02;1.306541e-01;8.618470e-02;1.481306e-02;9.295087e-03
3.431969e-02;8.891258e-02;5.543563e-01;4.435899e-02;2.136594e-02;1.751733e-02;4.853454e-02;1.203072e-02;8.535849e-02;6.322060e-02;2.099721e-02;9.027671e-03
1.961521e-02;5.259679e-02;6.858881e-01;5.497060e-02;2.985886e-02;1.445942e-02;2.876431e-02;8.404441e-03;3.988277e-02;5.192535e-02;8.134301e-03;5.499900e-03
1.580004e-02;2.895800e-02;7.375726e-01;5.887285e-02;2.790596e-02;1.000151e-02;1.964589e-02;6.060145e-03;2.938832e-02;5.046024e-02;1.031395e-02;5.020597e-03
1.818167e-02;1.284839e-02;7.425849e-01;7.001320e-02;3.510305e-02;1.100146e-02;1.486371e-02;8.730392e-03;2.878723e-02;4.303140e-02;1.184686e-02;3.007785e-03
1.684949e-02;1.589883e-02;7.323305e-01;7.914410e-02;3.535941e-02;7.806970e-03;1.361977e-02;8.024350e-03;2.834031e-02;4.035762e-02;1.800468e-02;4.263943e-03
2.355112e-02;3.087995e-02;7.048503e-01;8.484002e-02;3.463379e-02;6.547983e-03;1.852195e-02;7.683456e-03;2.163266e-02;4.245092e-02;1.806350e-02;6.344341e-03
2.993976e-02;2.711115e-02;6.652359e-01;1.006272e-01;4.867335e-02;1.363103e-02;2.544708e-02;7.687259e-03;1.441832e-02;3.645951e-02;2.265389e-02;8.115495e-03
2.539709e-02;1.932802e-02;6.893246e-01;1.160838e-01;5.051000e-02;1.376356e-02;2.071583e-02;5.779743e-03;9.802729e-03;1.815038e-02;2.447393e-02;6.670225e-03
2.892370e-02;1.285323e-02;7.049633e-01;1.115911e-01;4.325368e-02;1.169970e-02;1.786711e-02;4.742193e-03;9.680845e-03;2.802888e-02;2.211208e-02;4.284251e-03
4.061995e-02;1.185624e-02;7.068022e-01;1.033821e-01;3.608954e-02;9.839357e-03;1.496817e-02;4.014985e-03;8.091348e-03;4.257353e-02;1.658393e-02;5.178669e-03
5.285898e-02;2.227726e-02;6.905869e-01;8.479288e-02;3.323718e-02;8.881636e-03;2.585695e-02;2.723046e-03;5.549287e-03;5.727465e-02;8.676552e-03;7.284695e-03
5.161846e-02;2.252729e-02;6.895900e-01;6.504544e-02;2.570071e-02;7.764359e-03;2.861087e-02;2.433452e-03;9.781516e-03;7.513635e-02;8.833628e-03;1.295787e-02
4.139621e-02;4.426308e-02;6.860083e-01;5.106426e-02;2.239030e-02;9.359187e-03;3.110402e-02;6.329897e-03;6.433740e-03;8.154085e-02;8.202716e-03;1.190740e-02
2.226343e-02;7.663973e-02;6.928526e-01;3.699729e-02;1.763901e-02;6.679600e-03;2.762592e-02;7.239817e-03;2.810320e-02;6.757762e-02;8.750820e-03;7.630987e-03
4.356869e-02;1.202854e-01;6.363176e-01;3.118735e-02;1.660360e-02;2.171319e-02;2.073518e-02;1.056933e-02;4.888414e-02;3.377221e-02;7.962811e-03;8.400504e-03
7.472118e-02;1.510969e-01;5.204101e-01;3.536052e-02;1.078799e-02;3.642193e-02;3.097014e-02;1.500946e-02;7.786238e-02;2.342774e-02;1.463823e-02;9.293408e-03
1.000141e-01;1.344827e-01;4.525466e-01;3.510978e-02;1.579306e-02;3.188226e-02;4.668840e-02;2.354250e-02;9.035993e-02;2.551456e-02;3.030923e-02;1.375684e-02
9.855361e-02;9.437699e-02;4.595603e-01;3.890805e-02;1.991835e-02;3.165704e-02;4.738157e-02;3.280584e-02;7.620672e-02;3.218405e-02;4.283686e-02;2.561063e-02
1.029702e-01;6.026748e-02;3.743975e-01;5.611704e-02;2.303348e-02;3.048985e-02;4.103780e-02;3.323790e-02;9.471157e-02;6.347976e-02;5.784228e-02;6.241522e-02
9.992865e-02;6.264085e-02;3.393853e-01;5.534511e-02;2.125694e-02;3.048763e-02;4.447329e-02;5.232900e-02;8.355268e-02;6.803697e-02;8.412612e-02;5.843747e-02
1.071333e-01;4.631164e-02;3.543608e-01;4.527824e-02;4.561648e-02;2.686243e-02;7.211456e-02;6.404022e-02;6.224251e-02;6.620116e-02;8.304494e-02;2.679375e-02
6.605181e-02;6.381854e-02;4.356769e-01;3.956058e-02;3.720200e-02;3.497283e-02;8.099963e-02;5.394832e-02;5.322271e-02;6.329015e-02;4.913861e-02;2.211791e-02
2.922818e-02;7.896647e-02;4.923014e-01;4.158431e-02;2.611363e-02;3.123833e-02;4.491176e-02;3.384355e-02;8.994022e-02;8.565481e-02;2.829388e-02;1.792347e-02
3.546475e-02;9.920051e-02;4.580852e-01;3.462669e-02;2.464665e-02;2.762453e-02;1.835170e-02;2.170580e-02;1.432655e-01;9.519226e-02;1.676182e-02;2.507467e-02
8.285508e-02;1.144935e-01;2.929909e-01;2.420689e-02;2.876499e-02;2.321759e-02;2.009744e-02;5.123875e-02;2.284764e-01;7.152210e-02;3.380736e-02;2.832897e-02
1.258117e-01;1.216411e-01;1.656880e-01;1.688687e-02;3.858503e-02;1.757631e-02;1.299050e-02;7.667854e-02;3.068399e-01;3.618391e-02;5.222190e-02;2.889631e-02
1.458503e-01;1.170903e-01;1.401251e-01;1.040831e-02;4.552945e-02;1.291720e-02;2.294582e-02;1.001868e-01;2.835824e-01;1.967972e-02;7.553965e-02;2.614502e-02
1.568405e-01;1.290292e-01;1.298796e-01;9.835999e-03;4.484114e-02;7.439528e-03;2.417132e-02;1.118618e-01;2.385130e-01;3.837661e-02;8.740389e-02;2.180756e-02
1.756547e-01;1.286523e-01;1.347866e-01;1.251961e-02;4.277120e-02;1.076685e-02;3.226096e-02;1.331945e-01;1.940977e-01;4.692864e-02;7.447091e-02;1.389598e-02
1.532596e-01;1.506501e-01;1.549150e-01;1.724003e-02;3.099583e-02;1.693821e-02;2.495099e-02;1.171910e-01;2.265172e-01;4.083661e-02;5.027759e-02;1.622783e-02
1.333544e-01;1.553328e-01;1.770894e-01;2.154224e-02;2.870384e-02;2.078144e-02;2.672700e-02;9.302358e-02;2.576998e-01;4.276221e-02;2.727058e-02;1.571278e-02
1.775170e-01;1.438856e-01;1.854762e-01;1.349209e-02;3.669022e-02;1.180993e-02;3.943713e-02;1.194497e-01;1.895259e-01;2.762079e-02;3.675564e-02;1.833965e-02
2.049432e-01;1.387367e-01;1.907887e-01;1.308610e-02;3.975759e-02;1.374651e-02;3.499942e-02;1.456916e-01;1.358164e-01;2.120661e-02;3.632814e-02;2.489908e-02
1.782541e-01;1.250924e-01;1.852832e-01;1.310919e-02;3.340325e-02;1.674277e-02;3.595930e-02;1.551525e-01;1.648278e-01;2.754016e-02;3.318293e-02;3.145245e-02
1.743186e-01;1.261781e-01;1.915038e-01;1.918355e-02;2.849429e-02;1.844062e-02;3.085732e-02;1.326248e-01;1.679055e-01;3.382473e-02;4.339918e-02;3.326958e-02
1.791890e-01;1.361940e-01;2.158522e-01;1.832800e-02;2.338849e-02;1.087360e-02;3.031949e-02;1.187921e-01;1.445775e-01;3.400685e-02;5.252986e-02;3.594903e-02
1.728363e-01;1.370995e-01;2.205341e-01;1.087032e-02;3.145664e-02;1.133330e-02;2.952370e-02;1.310796e-01;1.480184e-01;2.993148e-02;5.212488e-02;2.519175e-02
1.742191e-01;1.185653e-01;2.225070e-01;9.472055e-03;4.504120e-02;1.289622e-02;2.822528e-02;1.457631e-01;1.496278e-01;2.173465e-02;4.794285e-02;2.400551e-02
1.903154e-01;9.314249e-02;2.005002e-01;1.218754e-02;4.837522e-02;1.422761e-02;4.706756e-02;1.788498e-01;1.318688e-01;1.997870e-02;3.875614e-02;2.473056e-02
2.097706e-01;4.815676e-02;1.574560e-01;1.743918e-02;5.487123e-02;1.817458e-02;9.253050e-02;1.870141e-01;1.194854e-01;2.300895e-02;3.857974e-02;3.351303e-02
2.381774e-01;7.239853e-02;1.748459e-01;2.245933e-02;4.596308e-02;2.688930e-02;1.033046e-01;1.184525e-01;9.598965e-02;2.766370e-02;3.875685e-02;3.509922e-02
2.786243e-01;1.327082e-01;2.876821e-01;1.579862e-02;2.693027e-02;1.571144e-02;3.258602e-02;8.129158e-02;4.993470e-02;1.299698e-02;3.778272e-02;2.795303e-02
3.319516e-01;1.377339e-01;2.633436e-01;9.398587e-03;2.385399e-02;9.934028e-03;1.098117e-02;9.848122e-02;4.161095e-02;8.811895e-03;3.334570e-02;3.055337e-02
3.458278e-01;1.324764e-01;2.370448e-01;8.297239e-03;2.880616e-02;7.262061e-03;1.464120e-02;9.993332e-02;4.835216e-02;1.215053e-02;3.421692e-02;3.099132e-02
3.523220e-01;1.369075e-01;2.199766e-01;6.183719e-03;2.721225e-02;8.810060e-03;1.308829e-02;9.916662e-02;5.367633e-02;1.246501e-02;3.797260e-02;3.221905e-02
3.442054e-01;1.299384e-01;2.630615e-01;8.865243e-03;3.068463e-02;6.188699e-03;1.838117e-02;8.448865e-02;4.122802e-02;1.191117e-02;3.201157e-02;2.903554e-02
3.252012e-01;1.282484e-01;3.094426e-01;1.082777e-02;2.179434e-02;8.651852e-03;1.744152e-02;7.648435e-02;3.452334e-02;1.396798e-02;2.566955e-02;2.774697e-02
3.056198e-01;1.367305e-01;3.383782e-01;1.223405e-02;1.822478e-02;6.168765e-03;2.412200e-02;7.408562e-02;2.685092e-02;1.058692e-02;1.943377e-02;2.756473e-02
3.263048e-01;1.307316e-01;2.991320e-01;1.409457e-02;1.965381e-02;7.401776e-03;2.809576e-02;8.049778e-02;2.442545e-02;1.061089e-02;2.414922e-02;3.490238e-02
3.542453e-01;1.238558e-01;2.679171e-01;1.087363e-02;1.641102e-02;7.836238e-03;2.747481e-02;8.355031e-02;2.313376e-02;1.622888e-02;3.094623e-02;3.752694e-02
3.137397e-01;1.332380e-01;2.831358e-01;1.143304e-02;1.815926e-02;1.248437e-02;3.590888e-02;7.384018e-02;3.338472e-02;2.211439e-02;3.194184e-02;3.061981e-02
2.922076e-01;1.546424e-01;3.128341e-01;1.069061e-02;1.651395e-02;1.329598e-02;3.477396e-02;5.966252e-02;3.354738e-02;1.807083e-02;2.451095e-02;2.924973e-02
2.854076e-01;1.684497e-01;3.831002e-01;1.293886e-02;1.432635e-02;8.409983e-03;2.407859e-02;2.986308e-02;2.412825e-02;1.540178e-02;1.733635e-02;1.655922e-02
2.937743e-01;1.406864e-01;3.228595e-01;1.186900e-02;1.707360e-02;1.045994e-02;3.546875e-02;6.513946e-02;3.525795e-02;1.631171e-02;2.092729e-02;3.017211e-02
3.757619e-01;1.204073e-01;2.092052e-01;4.440478e-03;1.331831e-02;6.231623e-03;4.751512e-02;1.189013e-01;2.543470e-02;1.541333e-02;2.254510e-02;4.082574e-02
3.889493e-01;1.287625e-01;1.891141e-01;6.358542e-03;1.722996e-02;7.224963e-03;3.193405e-02;1.396988e-01;1.765439e-02;1.151433e-02;2.190101e-02;3.965798e-02
3.436283e-01;1.552545e-01;2.286757e-01;8.059340e-03;1.614331e-02;7.225964e-03;2.107447e-02;1.135517e-01;4.397678e-02;1.834222e-02;1.857178e-02;2.549605e-02
2.695395e-01;1.798099e-01;2.793001e-01;1.266199e-02;1.734047e-02;7.178956e-03;2.275490e-02;7.278679e-02;7.624803e-02;2.888606e-02;1.546005e-02;1.803323e-02
1.880502e-01;2.052936e-01;3.328712e-01;1.498396e-02;9.746538e-03;5.603839e-03;2.904337e-02;4.325800e-02;1.162591e-01;3.016797e-02;1.134489e-02;1.337732e-02
9.638589e-02;1.987816e-01;4.586234e-01;1.887525e-02;6.170323e-03;1.223953e-02;2.369766e-02;1.337982e-02;1.395365e-01;2.075599e-02;6.736686e-03;4.817397e-03
1.277206e-02;1.502944e-01;6.066808e-01;2.269458e-02;1.418154e-02;1.508028e-02;1.750653e-02;1.904374e-02;9.953876e-02;3.042620e-02;5.599545e-03;6.181637e-03
4.213590e-02;1.088196e-01;6.726491e-01;2.331780e-02;8.487573e-03;7.910069e-03;2.228792e-02;1.754225e-02;4.739295e-02;3.547334e-02;5.767738e-03;8.215819e-03
2.945963e-02;6.182006e-02;7.315505e-01;4.003056e-02;2.236769e-02;7.506211e-03;2.408265e-02;1.376185e-02;2.222998e-02;3.364743e-02;6.852555e-03;6.690963e-03
2.004250e-02;3.483786e-02;6.852008e-01;7.655057e-02;6.097049e-02;2.024285e-02;4.525498e-02;9.056095e-03;7.035831e-03;2.223627e-02;1.148386e-02;7.087869e-03
1.993784e-02;3.257761e-02;5.328500e-01;1.087952e-01;1.311299e-01;5.028889e-02;6.968994e-02;9.657195e-03;9.976328e-03;1.121892e-02;1.211946e-02;1.175866e-02
2.603873e-02;2.286149e-02;4.117044e-01;1.041951e-01;1.933950e-01;7.150935e-02;1.117611e-01;1.227257e-02;1.461868e-02;9.569263e-03;8.659755e-03;1.341454e-02
2.458929e-02;1.683247e-02;4.254670e-01;8.761918e-02;2.122566e-01;6.099508e-02;1.111956e-01;1.173920e-02;1.305823e-02;1.362914e-02;1.054396e-02;1.207426e-02
2.065296e-02;2.357882e-02;3.964457e-01;8.357690e-02;2.183518e-01;7.749186e-02;1.193470e-01;1.519447e-02;1.170483e-02;1.248654e-02;1.150701e-02;9.662121e-03
8.264841e-03;1.317548e-02;3.772875e-01;1.000343e-01;2.558626e-01;9.589697e-02;9.163990e-02;9.086231e-03;7.256159e-03;1.699444e-02;1.198709e-02;1.251442e-02
1.675502e-02;9.369416e-03;3.961405e-01;1.322028e-01;2.562900e-01;7.919496e-02;4.248598e-02;9.291170e-03;1.356239e-02;1.766064e-02;1.819825e-02;8.848771e-03
1.325613e-02;8.906851e-03;4.739676e-01;1.425468e-01;2.003714e-01;5.505763e-02;3.244836e-02;1.259603e-02;9.166917e-03;1.144216e-02;2.974897e-02;1.049120e-02
1.169256e-02;1.567266e-02;5.313044e-01;1.506286e-01;1.513302e-01;4.727724e-02;7.640120e-03;1.336570e-02;8.669192e-03;8.487737e-03;4.629271e-02;7.638983e-03
2.540656e-02;1.660049e-02;5.543070e-01;1.245268e-01;9.774015e-02;3.661149e-02;4.293946e-02;1.802453e-02;1.129141e-02;2.176226e-02;3.843197e-02;1.235783e-02
3.282714e-02;2.089562e-02;5.430676e-01;1.022569e-01;6.714899e-02;2.870307e-02;5.504378e-02;2.469102e-02;2.067700e-02;5.158122e-02;3.516356e-02;1.794407e-02
2.943994e-02;2.764130e-02;5.404332e-01;8.112003e-02;4.843737e-02;2.263329e-02;5.585650e-02;2.261726e-02;3.650390e-02;8.640174e-02;3.306025e-02;1.585522e-02
2.590180e-02;3.383237e-02;5.891948e-01;5.496862e-02;2.532674e-02;1.462621e-02;2.784528e-02;1.902102e-02;5.259528e-02;1.224760e-01;1.320847e-02;2.100340e-02
2.349425e-02;5.872021e-02;5.690938e-01;3.323625e-02;2.485527e-02;1.403844e-02;3.645032e-02;1.929685e-02;5.568679e-02;1.238134e-01;1.089477e-02;3.041971e-02
2.039079e-02;7.854865e-02;5.547479e-01;2.669241e-02;1.349943e-02;1.333645e-02;4.159991e-02;1.921180e-02;7.009794e-02;1.009635e-01;6.210185e-03;5.470116e-02
2.561287e-02;8.383305e-02;5.327471e-01;2.724614e-02;1.025929e-02;1.887887e-02;3.607487e-02;1.200948e-02;9.303495e-02;9.049416e-02;1.451453e-02;5.529468e-02
