9.674734e-02;7.249250e-02;1.495825e-01;1.114557e-01;5.269865e-02;9.287524e-02;8.323539e-02;5.722236e-02;9.646061e-02;6.697099e-02;6.650675e-02;5.375196e-02
1.171888e-01;7.351089e-02;1.356731e-01;1.260834e-01;7.382072e-02;8.150906e-02;7.218646e-02;5.439254e-02;8.476818e-02;5.676707e-02;8.988835e-02;3.421137e-02
6.973026e-02;7.437175e-02;1.570924e-01;1.403918e-01;8.790974e-02;8.114955e-02;1.065645e-01;7.319347e-02;6.516044e-02;4.835278e-02;7.589518e-02;2.018819e-02
6.893112e-02;5.021986e-02;2.139654e-01;1.412129e-01;7.758861e-02;7.400180e-02;1.244289e-01;7.026161e-02;4.850931e-02;5.306051e-02;5.282480e-02;2.499511e-02
7.492802e-02;8.111424e-02;1.889380e-01;5.349515e-02;7.186659e-02;4.942825e-02;1.149836e-01;4.563434e-02;6.764748e-02;9.080477e-02;1.080927e-01;5.306692e-02
9.286635e-02;1.103456e-01;1.825936e-01;4.869492e-02;5.361751e-02;4.028089e-02;1.287793e-01;4.084127e-02;4.876700e-02;8.241825e-02;1.066728e-01;6.412246e-02
9.391332e-02;1.381254e-01;1.799483e-01;4.411791e-02;5.170095e-02;3.055116e-02;1.989727e-01;3.746982e-02;4.068936e-02;5.330319e-02;8.963990e-02;4.156794e-02
9.763169e-02;1.744574e-01;1.372629e-01;3.284759e-02;4.310125e-02;3.106843e-02;2.837146e-01;2.704930e-02;3.244868e-02;3.422667e-02;7.773345e-02;2.845821e-02
1.373664e-01;1.648153e-01;7.332736e-02;3.751532e-02;3.606405e-02;3.120411e-02;3.012305e-01;3.006203e-02;4.219165e-02;3.119732e-02;7.176238e-02;4.326356e-02
1.719585e-01;1.087399e-01;1.669327e-01;3.573491e-02;6.628531e-02;4.320135e-02;2.082657e-01;2.107137e-02;5.144186e-02;2.339996e-02;6.017482e-02;4.279359e-02
1.336308e-01;7.754623e-02;2.910078e-01;2.973921e-02;8.393135e-02;5.822360e-02;1.002880e-01;2.327565e-02;5.199871e-02;3.954978e-02;5.726440e-02;5.354453e-02
6.039964e-02;5.666351e-02;3.803481e-01;3.940393e-02;7.749971e-02;5.928985e-02;1.407242e-01;2.204671e-02;3.189001e-02;5.331785e-02;3.449136e-02;4.392515e-02
5.707874e-02;5.154848e-02;3.530073e-01;6.396934e-02;9.190414e-02;5.676191e-02;1.599448e-01;2.146668e-02;2.943764e-02;5.075660e-02;3.094418e-02;3.318007e-02
4.088134e-02;7.624172e-02;3.100691e-01;7.139341e-02;9.738781e-02;7.827602e-02;1.204131e-01;3.650907e-02;3.658884e-02;5.773670e-02;4.373702e-02;3.076587e-02
4.126560e-02;6.822133e-02;2.431291e-01;5.404204e-02;9.178180e-02;6.944080e-02;2.162279e-01;4.592882e-02;3.865408e-02;4.260731e-02;5.047387e-02;3.822720e-02
1.113896e-01;1.140067e-01;2.159957e-01;5.692558e-02;5.699140e-02;4.843005e-02;1.774899e-01;4.972950e-02;4.932557e-02;5.164263e-02;4.130838e-02;2.676498e-02
1.180109e-01;1.044907e-01;2.228422e-01;7.483051e-02;6.028446e-02;4.911313e-02;1.345029e-01;5.337173e-02;6.373643e-02;5.262041e-02;3.558456e-02;3.061218e-02
1.193788e-01;8.262453e-02;2.499747e-01;9.441632e-02;6.830247e-02;4.232990e-02;1.082013e-01;5.149100e-02;7.360388e-02;4.654777e-02;2.716793e-02;3.596140e-02
1.347659e-01;4.091977e-02;2.765611e-01;9.383771e-02;9.183853e-02;3.976815e-02;8.291586e-02;6.830017e-02;6.953428e-02;4.105739e-02;1.411682e-02;4.638428e-02
1.772915e-01;5.982920e-02;1.942699e-01;5.572448e-02;1.206954e-01;6.323211e-02;6.221353e-02;9.829868e-02;5.488881e-02;4.375448e-02;3.507497e-02;3.472686e-02
1.981955e-01;7.877108e-02;1.085962e-01;6.335693e-02;1.325029e-01;6.683762e-02;7.984017e-02;1.078310e-01;5.829787e-02;2.883208e-02;5.978056e-02;1.715811e-02
2.236486e-01;1.073703e-01;1.073609e-01;6.204099e-02;1.022553e-01;4.827844e-02;1.056380e-01;6.696713e-02;6.234466e-02;2.726445e-02;5.620349e-02;3.062777e-02
1.965871e-01;1.158303e-01;1.230092e-01;5.976676e-02;5.869265e-02;5.403620e-02;1.400266e-01;6.779104e-02;8.741836e-02;2.258843e-02;2.917535e-02;4.507804e-02
1.523589e-01;1.141210e-01;1.444815e-01;5.202458e-02;4.854444e-02;7.449578e-02;1.601783e-01;7.941017e-02;8.419964e-02;3.161503e-02;1.828763e-02;4.028295e-02
7.502242e-02;1.051107e-01;1.581586e-01;4.562517e-02;6.170356e-02;9.573415e-02;2.074679e-01;8.699046e-02;6.456454e-02;3.414995e-02;2.447635e-02;4.099621e-02
1.030561e-01;7.621286e-02;2.259460e-01;6.688528e-02;9.309391e-02;5.674178e-02;1.520484e-01;6.204500e-02;4.416144e-02;3.274374e-02;4.049535e-02;4.657011e-02
9.163991e-02;5.934576e-02;1.722953e-01;5.789383e-02;9.390772e-02;6.810056e-02;1.489969e-01;6.199712e-02;9.357691e-02;3.585164e-02;4.896133e-02;6.743305e-02
8.787750e-02;5.380822e-02;1.210407e-01;4.818077e-02;9.566142e-02;9.238502e-02;1.108280e-01;9.790884e-02;1.014544e-01;5.974500e-02;5.454513e-02;7.656503e-02
7.104127e-02;6.475350e-02;1.113981e-01;7.542634e-02;8.022789e-02;8.991130e-02;1.528420e-01;8.253077e-02;7.213255e-02;9.028963e-02;5.567502e-02;5.377164e-02
3.504339e-02;4.918554e-02;1.718444e-01;8.058735e-02;7.661045e-02;7.723027e-02;1.641722e-01;7.117726e-02;9.542295e-02;1.121154e-01;3.132344e-02;3.528735e-02
5.640352e-02;4.980407e-02;1.551647e-01;6.404985e-02;7.795780e-02;6.341555e-02;1.038088e-01;1.182445e-01;1.164151e-01;1.413192e-01;2.043751e-02;3.297941e-02
6.485189e-02;5.006151e-02;1.014718e-01;6.271400e-02;5.342497e-02;2.984093e-02;1.137450e-01;1.137140e-01;1.526166e-01;1.512473e-01;5.954674e-02;4.676522e-02
5.810811e-02;5.011232e-02;6.484581e-02;4.104396e-02;4.225764e-02;5.325348e-02;1.782201e-01;1.142191e-01;1.464701e-01;1.370540e-01;6.983317e-02;4.458227e-02
4.245650e-02;5.044345e-02;6.745248e-02;4.079030e-02;6.022264e-02;7.876991e-02;1.548676e-01;1.984795e-01;1.151230e-01;1.274527e-01;3.988390e-02;2.405811e-02
4.114964e-02;4.581131e-02;9.433322e-02;5.959727e-02;4.694723e-02;5.238339e-02;1.325475e-01;1.559576e-01;1.695066e-01;1.408905e-01;3.899877e-02;2.187697e-02
3.961870e-02;5.372467e-02;1.347299e-01;6.810984e-02;5.209381e-02;5.194282e-02;1.468682e-01;1.198016e-01;1.489221e-01;1.203049e-01;3.718676e-02;2.669665e-02
4.648749e-02;3.555166e-02;1.814490e-01;6.724448e-02;8.985604e-02;6.336868e-02;1.619017e-01;9.381157e-02;1.160639e-01;8.108892e-02;2.987787e-02;3.329877e-02
6.235803e-02;3.875317e-02;1.824890e-01;8.981264e-02;1.243661e-01;5.485133e-02;1.121006e-01;8.866915e-02;8.155937e-02;6.383978e-02;5.429158e-02;4.690916e-02
8.147450e-02;7.021324e-02;1.275630e-01;7.696325e-02;1.136967e-01;3.984491e-02;8.628618e-02;1.052583e-01;9.645512e-02;8.385823e-02;6.667331e-02;5.171325e-02
3.880252e-02;7.536240e-02;1.462827e-01;5.704489e-02;5.811249e-02;6.013124e-02;1.409667e-01;9.411866e-02;1.255948e-01;6.097695e-02;7.944318e-02;6.316340e-02
1.094313e-01;1.080000e-01;1.664932e-01;6.086738e-02;7.818767e-02;8.288467e-02;1.525650e-01;4.599395e-02;6.992853e-02;4.173501e-02;4.010772e-02;4.380557e-02
1.397063e-01;1.158448e-01;2.009037e-01;5.246773e-02;7.566670e-02;1.012678e-01;1.361225e-01;4.045903e-02;4.289975e-02;3.502436e-02;2.449605e-02;3.514140e-02
1.319249e-01;1.124289e-01;2.850921e-01;3.077347e-02;7.118847e-02;1.035607e-01;1.239496e-01;3.214230e-02;3.607037e-02;3.150400e-02;1.526655e-02;2.609859e-02
7.106152e-02;7.017728e-02;4.055976e-01;9.108195e-02;5.908637e-02;6.900901e-02;8.323314e-02;3.874167e-02;3.443066e-02;2.215052e-02;3.873746e-02;1.669287e-02
5.676353e-02;3.927787e-02;3.955574e-01;1.190489e-01;7.300696e-02;5.000337e-02;9.516227e-02;4.954042e-02;2.557943e-02;4.071617e-02;4.559797e-02;9.745679e-03
5.238280e-02;3.712127e-02;3.701607e-01;1.111770e-01;8.814594e-02;3.258566e-02;1.152799e-01;5.195737e-02;3.845922e-02;5.316826e-02;3.349183e-02;1.607013e-02
5.855460e-02;6.005495e-02;3.253409e-01;1.005973e-01;9.107896e-02;5.396072e-02;1.173555e-01;3.725605e-02;5.569442e-02;5.512568e-02;1.385063e-02;3.113033e-02
6.429946e-02;8.228983e-02;2.890390e-01;1.039738e-01;7.195752e-02;7.056861e-02;9.755401e-02;3.665664e-02;6.941114e-02;4.953410e-02;2.735799e-02;3.735783e-02
8.774924e-02;6.139114e-02;2.841695e-01;7.936819e-02;7.558668e-02;7.357178e-02;8.831897e-02;3.077218e-02;6.586993e-02;5.963629e-02;6.584992e-02;2.771625e-02
1.010095e-01;3.119328e-02;3.407678e-01;4.887006e-02;7.298072e-02;4.465812e-02;7.075453e-02;2.403226e-02;7.038611e-02;8.253008e-02;1.035748e-01;9.242765e-03
7.561682e-02;3.354464e-02;3.886458e-01;5.061404e-02;6.578296e-02;2.404427e-02;5.820792e-02;2.645889e-02;9.633394e-02;8.268259e-02;7.538224e-02;2.268591e-02
3.636049e-02;7.917636e-02;4.032244e-01;3.044300e-02;3.498287e-02;3.554607e-02;7.420277e-02;2.491357e-02;5.808564e-02;1.312493e-01;4.164943e-02;5.016614e-02
3.482239e-02;1.098743e-01;3.568675e-01;1.799078e-02;2.451777e-02;5.973977e-02;8.204354e-02;2.593529e-02;4.679970e-02;1.310100e-01;3.863216e-02;7.176686e-02
6.106112e-02;1.318349e-01;3.667250e-01;1.494784e-02;2.023315e-02;5.806020e-02;6.282099e-02;1.482220e-02;6.231055e-02;9.751624e-02;3.668024e-02;7.298755e-02
6.245147e-02;1.381617e-01;4.433990e-01;2.171821e-02;1.856332e-02;4.079574e-02;6.051820e-02;1.229531e-02;4.654578e-02;8.326689e-02;2.432860e-02;4.795581e-02
1.002479e-01;1.575617e-01;4.125791e-01;2.625056e-02;1.457256e-02;3.191747e-02;6.209970e-02;1.640040e-02;4.595530e-02;5.513133e-02;2.713402e-02;5.014999e-02
1.304311e-01;1.858535e-01;3.313478e-01;3.115658e-02;1.548697e-02;3.790056e-02;7.641798e-02;1.697157e-02;5.825699e-02;3.341043e-02;2.844067e-02;5.432603e-02
1.338959e-01;2.010929e-01;2.670176e-01;4.979051e-02;2.039023e-02;4.755651e-02;9.703577e-02;2.225292e-02;7.569202e-02;1.556138e-02;2.452439e-02;4.518979e-02
7.491893e-02;1.950457e-01;2.605377e-01;6.292656e-02;2.434368e-02;5.858807e-02;1.006080e-01;3.243696e-02;9.044559e-02;3.495003e-02;1.415965e-02;5.103912e-02
2.475612e-02;1.967367e-01;3.367931e-01;5.314383e-02;2.108949e-02;6.683826e-02;6.414767e-02;2.712498e-02;9.107158e-02;4.436510e-02;1.668192e-02;5.725130e-02
3.121608e-02;1.814144e-01;4.036129e-01;5.531529e-02;2.678808e-02;6.375390e-02;3.351138e-02;2.525393e-02;8.175038e-02;4.149794e-02;9.945780e-03;4.593989e-02
2.219177e-02;1.224959e-01;4.522539e-01;5.636085e-02;4.204899e-02;5.093269e-02;6.827942e-02;2.007104e-02;6.382695e-02;4.331116e-02;1.652742e-02;4.169991e-02
2.049604e-02;6.325958e-02;4.690844e-01;4.850709e-02;6.719941e-02;5.050690e-02;9.499882e-02;2.379643e-02;5.032538e-02;4.502107e-02;3.182634e-02;3.497856e-02
3.500639e-02;3.500318e-02;4.446037e-01;5.237450e-02;5.725620e-02;4.156901e-02;1.118845e-01;3.316410e-02;4.971080e-02;6.323273e-02;5.368995e-02;2.250490e-02
2.847214e-02;4.762229e-02;3.604504e-01;1.058310e-01;5.986461e-02;4.212546e-02;7.954648e-02;6.527020e-02;3.735641e-02;7.562422e-02;5.851697e-02;3.931987e-02
4.542835e-02;4.848240e-02;3.140051e-01;1.065020e-01;8.510121e-02;5.472241e-02;1.231284e-01;6.462999e-02;2.245458e-02;6.158834e-02;3.985329e-02;3.410389e-02
4.746201e-02;3.526310e-02;3.947995e-01;6.216582e-02;9.265914e-02;4.835484e-02;1.381294e-01;3.287281e-02;2.742229e-02;7.202536e-02;2.737628e-02;2.146948e-02
4.551739e-02;3.219034e-02;4.509745e-01;3.716837e-02;1.017883e-01;4.053339e-02;1.444866e-01;2.396301e-02;1.505375e-02;7.846321e-02;1.910055e-02;1.076058e-02
5.615514e-02;4.278576e-02;4.592905e-01;4.687543e-02;8.583602e-02;3.847953e-02;1.269361e-01;3.178506e-02;1.100141e-02;6.993505e-02;2.541997e-02;5.500094e-03
5.615572e-02;3.823020e-02;4.953814e-01;5.002385e-02;6.563261e-02;3.506222e-02;1.075660e-01;3.372287e-02;1.955228e-02;6.046565e-02;2.782741e-02;1.037972e-02
3.311389e-02;2.961688e-02;5.451099e-01;3.818379e-02;8.005839e-02;3.217286e-02;8.263489e-02;3.491613e-02;2.829771e-02;4.606792e-02;3.037467e-02;1.945308e-02
3.801322e-02;5.113489e-02;5.072055e-01;5.419725e-02;7.749155e-02;4.301430e-02;7.124060e-02;3.627861e-02;3.052877e-02;4.401036e-02;2.102239e-02;2.586256e-02
8.116332e-02;3.896383e-02;4.075200e-01;6.913073e-02;7.733156e-02;5.844952e-02;9.305662e-02;3.250477e-02;3.483355e-02;4.703638e-02;3.317597e-02;2.683379e-02
1.060961e-01;4.390213e-02;3.198850e-01;5.466802e-02;6.489941e-02;4.858310e-02;1.550707e-01;2.788403e-02;4.390854e-02;4.458430e-02;5.043761e-02;4.008119e-02
1.177594e-01;4.065341e-02;2.183731e-01;4.652025e-02;6.840613e-02;5.669284e-02;2.582777e-01;2.297650e-02;3.837448e-02;6.137985e-02;3.582326e-02;3.476311e-02
1.230117e-01;5.382928e-02;1.655766e-01;5.657975e-02;7.670639e-02;6.261086e-02;2.660582e-01;3.908773e-02;2.159263e-02;5.501256e-02;4.571499e-02;3.421934e-02
1.044313e-01;8.243985e-02;1.947853e-01;6.442959e-02;5.120485e-02;6.439253e-02;2.509252e-01;4.494477e-02;3.606406e-02;3.212599e-02;4.470869e-02;2.954789e-02
6.411694e-02;7.333537e-02;2.437913e-01;6.389038e-02;3.860220e-02;6.558336e-02;2.439671e-01;3.712285e-02;3.295888e-02;6.360546e-02;4.404660e-02;2.897958e-02
2.304458e-02;3.247939e-02;2.800206e-01;5.313838e-02;6.579483e-02;5.929505e-02;2.641461e-01;4.113600e-02;3.165412e-02;8.125216e-02;4.579076e-02;2.224800e-02
4.049151e-02;3.588922e-02;2.588348e-01;4.619873e-02;6.513333e-02;6.839363e-02;2.266626e-01;5.163255e-02;4.695963e-02;7.271807e-02;5.563048e-02;3.145549e-02
8.772773e-02;9.967608e-02;1.610932e-01;4.536832e-02;6.198966e-02;8.619341e-02;2.272672e-01;6.197692e-02;4.107755e-02;5.173675e-02;3.260994e-02;4.328324e-02
1.110569e-01;8.228699e-02;1.439793e-01;5.249912e-02;5.811044e-02;6.097184e-02;2.848835e-01;5.632360e-02;3.555683e-02;4.881863e-02;3.241275e-02;3.310017e-02
8.642111e-02;5.630777e-02;1.675145e-01;7.101128e-02;8.463695e-02;6.180265e-02;2.799422e-01;5.469292e-02;4.070206e-02;4.254781e-02;2.964945e-02;2.477126e-02
7.274858e-02;2.359516e-02;1.593198e-01;7.488025e-02;8.577749e-02;6.094284e-02;2.470228e-01;7.419090e-02;7.120279e-02;5.715152e-02;4.774816e-02;2.541970e-02
6.315176e-02;2.591004e-02;1.544575e-01;6.773537e-02;5.797608e-02;9.839002e-02;1.812469e-01;1.020601e-01;1.057860e-01;6.358223e-02;4.539160e-02;3.431240e-02
5.407465e-02;1.908905e-02;1.572217e-01;6.422366e-02;5.839119e-02;8.965864e-02;2.243046e-01;1.103701e-01;1.073306e-01;6.313904e-02;2.681773e-02;2.537906e-02
5.744104e-02;2.414745e-02;1.424414e-01;5.800918e-02;7.734503e-02;7.747261e-02;2.271251e-01;1.153570e-01;8.367509e-02;5.884474e-02;5.081733e-02;2.732412e-02
4.050777e-02;3.548344e-02;1.308519e-01;5.812114e-02;7.697706e-02;1.167769e-01;2.255597e-01;1.008252e-01;7.362410e-02;4.824236e-02;4.926644e-02;4.376402e-02
2.630640e-02;3.810287e-02;1.209420e-01;5.226392e-02;6.919174e-02;1.435201e-01;2.516685e-01;9.376898e-02;7.214547e-02;3.858178e-02;3.992188e-02;5.358636e-02
6.029051e-02;5.074423e-02;1.841586e-01;6.821409e-02;1.002683e-01;1.456813e-01;1.597741e-01;5.598395e-02;4.530010e-02;3.860778e-02;3.354506e-02;5.743205e-02
5.012387e-02;4.857270e-02;2.011197e-01;7.235786e-02;9.691519e-02;1.095272e-01;1.796987e-01;7.356744e-02;3.555094e-02;4.660016e-02;4.704817e-02;3.891813e-02
3.413527e-02;3.723013e-02;1.490228e-01;5.895400e-02;1.004078e-01;9.204731e-02;1.781243e-01;9.607898e-02;6.067306e-02;6.707647e-02;6.727608e-02;5.897371e-02
6.143006e-02;4.954066e-02;1.164761e-01;4.833756e-02;1.088065e-01;1.496866e-01;1.213526e-01;7.847380e-02;6.957683e-02;6.422988e-02;5.604427e-02;7.604508e-02
5.313557e-02;4.753218e-02;1.135938e-01;3.491833e-02;7.990626e-02;1.127943e-01;1.980975e-01;9.611364e-02;1.074450e-01;5.984505e-02;4.405100e-02;5.256730e-02
6.078279e-02;3.297713e-02;1.831822e-01;5.459278e-02;5.999585e-02;6.287093e-02;2.508928e-01;9.528776e-02;9.376518e-02;5.249591e-02;2.226023e-02;3.089642e-02
7.281661e-02;5.174790e-02;1.717611e-01;9.029455e-02;6.178764e-02;6.632266e-02;2.523793e-01;4.795531e-02;6.111343e-02;5.435655e-02;3.334451e-02;3.612039e-02
7.914820e-02;6.648617e-02;1.588886e-01;9.970621e-02;5.843058e-02;6.017539e-02;1.912616e-01;1.063956e-01;3.788526e-02;6.483753e-02;3.014431e-02;4.664054e-02
5.956342e-02;7.310147e-02;1.722296e-01;7.651320e-02;7.915201e-02;4.608455e-02;1.318562e-01;1.135160e-01;7.774604e-02;6.799004e-02;3.208016e-02;7.016741e-02
9.785652e-02;8.641966e-02;1.961230e-01;6.019709e-02;8.115605e-02;5.302307e-02;1.083357e-01;6.337778e-02;6.238247e-02;4.792477e-02;6.466951e-02;7.853442e-02
1.106310e-01;1.097776e-01;1.791671e-01;2.931139e-02;8.347123e-02;6.094559e-02;1.095444e-01;5.612934e-02;5.608185e-02;8.360542e-02;6.756693e-02;5.376814e-02
1.178425e-01;4.600131e-02;2.374778e-01;3.887763e-02;5.389234e-02;5.150739e-02;1.971047e-01;4.902672e-02;5.202820e-02;5.603006e-02;4.751366e-02;5.269764e-02
1.326800e-01;4.128217e-02;2.183755e-01;4.087772e-02;5.087325e-02;4.840389e-02;2.453901e-01;3.787553e-02;5.504963e-02;3.954602e-02;3.769262e-02;5.195356e-02
1.513374e-01;5.743732e-02;1.850056e-01;3.702997e-02;7.341863e-02;5.096817e-02;2.224828e-01;3.384502e-02;4.782842e-02;5.059520e-02;3.673260e-02;5.331892e-02
1.926401e-01;3.851776e-02;2.065163e-01;4.723769e-02;1.088302e-01;5.901160e-02;1.049299e-01;3.725970e-02;5.325910e-02;5.429704e-02;3.198881e-02;6.551191e-02
9.802277e-02;8.321860e-02;1.927453e-01;4.528452e-02;7.527620e-02;4.134947e-02;1.786039e-01;5.938664e-02;5.874094e-02;6.227423e-02;5.277339e-02;5.232404e-02
3.656260e-02;6.259143e-02;2.123882e-01;3.999119e-02;6.136010e-02;5.214244e-02;2.251162e-01;9.145670e-02;5.903290e-02;9.254880e-02;3.816482e-02;2.864470e-02
4.942919e-02;4.813974e-02;2.763287e-01;3.963748e-02;5.282712e-02;4.811561e-02;1.974036e-01;8.739743e-02;5.146252e-02;9.248895e-02;4.154099e-02;1.522861e-02
6.296038e-02;4.514271e-02;3.236707e-01;4.467407e-02;4.114692e-02;3.976630e-02;1.634092e-01;7.395118e-02;4.063419e-02;9.122945e-02;5.431401e-02;1.910089e-02
4.805993e-02;4.217388e-02;3.477635e-01;4.820054e-02;2.985943e-02;3.746826e-02;1.316776e-01;8.283840e-02;3.693141e-02;1.083125e-01;6.623338e-02;2.048108e-02
3.951337e-02;3.252608e-02;3.750949e-01;5.783813e-02;5.546930e-02;3.607203e-02;7.927239e-02;7.012141e-02;3.415465e-02;1.094644e-01;8.553585e-02;2.493753e-02
7.383709e-02;3.243463e-02;3.579759e-01;5.910233e-02;4.129001e-02;3.410629e-02;1.065837e-01;4.237472e-02;3.404912e-02;1.032686e-01;8.641364e-02;2.856395e-02
1.052841e-01;6.891908e-02;2.641580e-01;6.680825e-02;4.290756e-02;4.032622e-02;1.060770e-01;6.125481e-02;3.254361e-02;7.942306e-02;9.090023e-02;4.139813e-02
8.616614e-02;1.268213e-01;1.094544e-01;7.882900e-02;9.740221e-02;6.309953e-02;1.188463e-01;7.040280e-02;2.479276e-02;5.308188e-02;9.504359e-02;7.606006e-02
1.012224e-01;1.109708e-01;1.599075e-01;5.804792e-02;1.137496e-01;6.187436e-02;1.271460e-01;5.768667e-02;3.430682e-02;3.594698e-02;5.262556e-02;8.651552e-02
8.730500e-02;8.173692e-02;1.769720e-01;6.317995e-02;1.390689e-01;5.963001e-02;8.195341e-02;6.103302e-02;5.140217e-02;3.347979e-02;5.105723e-02;1.131817e-01
1.627817e-01;5.551468e-02;1.163275e-01;5.298959e-02;1.530739e-01;6.558969e-02;9.827676e-02;4.013545e-02;6.556049e-02;2.095411e-02;3.888268e-02;1.299135e-01
1.644379e-01;2.372476e-02;1.316956e-01;6.268549e-02;1.525909e-01;6.266970e-02;7.016370e-02;4.400469e-02;6.832311e-02;3.604841e-02;5.101042e-02;1.326452e-01
1.517584e-01;4.807722e-02;1.793195e-01;5.992615e-02;1.058805e-01;4.195961e-02;1.154689e-01;4.069769e-02;4.936861e-02;4.430793e-02;5.952298e-02;1.037126e-01
9.641074e-02;6.039392e-02;2.011566e-01;5.115044e-02;7.700454e-02;3.940794e-02;2.413374e-01;3.060943e-02;2.947635e-02;4.912283e-02;5.066387e-02;7.326601e-02
7.784278e-02;6.954624e-02;1.556689e-01;4.199584e-02;7.779348e-02;5.777882e-02;3.185627e-01;4.721147e-02;4.596332e-02;4.108511e-02;3.795088e-02;2.860040e-02
9.261625e-02;7.101939e-02;1.430561e-01;3.931812e-02;7.702934e-02;7.627422e-02;3.232387e-01;4.127308e-02;3.608279e-02;4.701820e-02;2.958677e-02;2.348709e-02
7.547224e-02;6.561606e-02;1.723682e-01;5.650422e-02;7.655449e-02;7.952560e-02;2.819031e-01;4.831667e-02;3.908140e-02;4.604965e-02;3.652884e-02;2.207954e-02
5.945561e-02;5.560654e-02;1.867686e-01;8.338544e-02;6.886149e-02;7.983463e-02;2.548642e-01;5.064665e-02;3.331851e-02;4.475369e-02;5.273082e-02;2.977383e-02
4.132636e-02;5.368906e-02;1.987343e-01;8.492854e-02;8.020264e-02;7.038350e-02;2.361483e-01;4.274733e-02;3.077817e-02;5.675749e-02;6.445223e-02;3.985208e-02
5.816915e-02;5.809937e-02;2.073764e-01;7.171527e-02;7.784479e-02;5.175732e-02;1.953413e-01;5.447714e-02;4.338874e-02;5.572737e-02;5.806774e-02;6.803541e-02
7.719124e-02;3.764623e-02;2.159747e-01;6.456644e-02;7.086829e-02;4.572644e-02;1.537502e-01;5.762319e-02;5.438701e-02;8.330446e-02;6.006240e-02;7.889941e-02
1.113988e-01;4.806221e-02;1.537753e-01;7.155035e-02;8.612388e-02;5.831604e-02;1.189959e-01;6.863301e-02;7.862107e-02;8.100622e-02;8.338526e-02;4.013188e-02
1.360366e-01;6.244721e-02;1.577264e-01;7.534514e-02;8.723110e-02;4.725873e-02;9.880244e-02;5.940924e-02;6.382740e-02;6.471191e-02;8.808453e-02;5.911933e-02
1.021132e-01;7.677583e-02;2.021212e-01;6.855368e-02;5.742227e-02;5.346421e-02;1.660471e-01;3.538407e-02;3.504678e-02;5.779736e-02;7.724987e-02;6.802447e-02
8.393301e-02;6.613578e-02;2.243404e-01;7.692420e-02;4.931926e-02;4.880342e-02;1.463860e-01;7.050376e-02;5.323815e-02;5.622397e-02;5.058752e-02;7.360449e-02
8.019738e-02;5.875714e-02;1.500285e-01;1.168048e-01;7.517821e-02;6.905290e-02;9.283308e-02;9.200601e-02;4.754791e-02;8.916775e-02;6.070277e-02;6.772351e-02
8.557311e-02;7.432857e-02;1.298604e-01;9.834662e-02;7.377853e-02;7.710385e-02;8.108747e-02;7.800119e-02;1.071023e-01;8.536476e-02;5.310019e-02;5.635294e-02
7.827608e-02;7.402937e-02;1.703844e-01;5.685642e-02;7.829778e-02;6.106146e-02;1.187939e-01;5.509507e-02;1.083751e-01;1.003429e-01;5.677091e-02;4.171661e-02
9.794502e-02;6.295335e-02;1.667416e-01;6.254688e-02;9.072702e-02;5.351454e-02;1.348597e-01;5.886136e-02;9.213185e-02;8.908016e-02;5.707844e-02;3.356010e-02
