7.793257e-02;3.987482e-02;2.146591e-01;4.123743e-02;6.803264e-02;4.176240e-02;2.863168e-01;3.601423e-02;4.819522e-02;5.724036e-02;4.837564e-02;4.035871e-02
5.647547e-02;5.650235e-02;2.321900e-01;3.699600e-02;3.913819e-02;3.392841e-02;3.043781e-01;4.095501e-02;5.314003e-02;5.743362e-02;5.301276e-02;3.585007e-02
2.107393e-02;7.453477e-02;2.990419e-01;5.200455e-02;4.818313e-02;6.543753e-02;1.853170e-01;4.155701e-02;8.935665e-02;6.562927e-02;3.313084e-02;2.473345e-02
3.478650e-02;8.031115e-02;3.026803e-01;5.311467e-02;3.949700e-02;7.289425e-02;8.362754e-02;4.290302e-02;1.251930e-01;7.651506e-02;4.419537e-02;4.428215e-02
3.869531e-02;8.477754e-02;2.164028e-01;5.840083e-02;4.600104e-02;9.179530e-02;7.468670e-02;4.817848e-02;1.558649e-01;4.912561e-02;5.245861e-02;8.361290e-02
4.317588e-02;9.679269e-02;2.064686e-01;5.759340e-02;4.233858e-02;1.148266e-01;6.364155e-02;2.489507e-02;1.684621e-01;5.177463e-02;1.437743e-02;1.156535e-01
4.350887e-02;1.084337e-01;2.275397e-01;5.126267e-02;4.633471e-02;1.226142e-01;3.214184e-02;2.752634e-02;1.562762e-01;3.853726e-02;2.961160e-02;1.162129e-01
4.895787e-02;1.084144e-01;2.262778e-01;4.609809e-02;5.338617e-02;1.157430e-01;6.636644e-02;2.888196e-02;1.306017e-01;4.403538e-02;3.059373e-02;1.006435e-01
5.915032e-02;1.101849e-01;2.801406e-01;4.352988e-02;5.700221e-02;1.044732e-01;7.715482e-02;3.034015e-02;9.764346e-02;3.470931e-02;2.964135e-02;7.602990e-02
4.384479e-02;1.165469e-01;4.062597e-01;4.638802e-02;5.588637e-02;8.869533e-02;6.108109e-02;2.466700e-02;6.235883e-02;3.297824e-02;1.362650e-02;4.766734e-02
2.942564e-02;1.242642e-01;4.824469e-01;5.170012e-02;3.873038e-02;8.202554e-02;4.212506e-02;1.821029e-02;4.997393e-02;3.775426e-02;9.506268e-03;3.383738e-02
2.485096e-02;1.248844e-01;4.792650e-01;6.500823e-02;3.386354e-02;8.383485e-02;4.129785e-02;1.763910e-02;5.225320e-02;3.400226e-02;1.045384e-02;3.264673e-02
3.626574e-02;1.034228e-01;4.473530e-01;7.266278e-02;3.994079e-02;8.577854e-02;5.161723e-02;2.313454e-02;5.485918e-02;3.568877e-02;1.170242e-02;3.757417e-02
3.063151e-02;6.774393e-02;3.629670e-01;6.435228e-02;5.534788e-02;8.859809e-02;1.052261e-01;4.078800e-02;7.527384e-02;4.060023e-02;2.882375e-02;3.964746e-02
3.024903e-02;7.140167e-02;2.762911e-01;6.564466e-02;5.798693e-02;1.063739e-01;1.116986e-01;4.083636e-02;1.216773e-01;4.111431e-02;3.444045e-02;4.228555e-02
3.063991e-02;8.297719e-02;2.361404e-01;6.872699e-02;5.133997e-02;1.195730e-01;7.327776e-02;4.152628e-02;1.762130e-01;4.319849e-02;3.167950e-02;4.470742e-02
3.796272e-02;8.401634e-02;2.173069e-01;6.098378e-02;5.513256e-02;1.121435e-01;8.345933e-02;5.268769e-02;1.768266e-01;4.292354e-02;4.435581e-02;3.220122e-02
4.790011e-02;8.609152e-02;2.236752e-01;5.273502e-02;6.750719e-02;9.036137e-02;9.620157e-02;6.075657e-02;1.618008e-01;4.044554e-02;5.187976e-02;2.064534e-02
5.618610e-02;8.139719e-02;2.085885e-01;5.106020e-02;6.947780e-02;7.806391e-02;1.327032e-01;6.654073e-02;1.423700e-01;3.842427e-02;5.327449e-02;2.191372e-02
6.670614e-02;5.691731e-02;1.823260e-01;4.849309e-02;6.752830e-02;7.245319e-02;2.171505e-01;7.409880e-02;9.755265e-02;3.626036e-02;5.475765e-02;2.575604e-02
6.479388e-02;2.912010e-02;1.319886e-01;4.737351e-02;6.568219e-02;6.552662e-02;3.494006e-01;8.053679e-02;6.321937e-02;3.497048e-02;4.211590e-02;2.527202e-02
4.521257e-02;3.423631e-02;1.058224e-01;4.481186e-02;8.672009e-02;6.464886e-02;3.979531e-01;7.985854e-02;4.808591e-02;3.528349e-02;3.067465e-02;2.669225e-02
2.947691e-02;6.139007e-02;1.891228e-01;5.514554e-02;1.056566e-01;7.386425e-02;2.627517e-01;6.224668e-02;4.086062e-02;4.875181e-02;4.759683e-02;2.313629e-02
7.550184e-02;9.200533e-02;1.070379e-01;9.038264e-02;1.269183e-01;9.436432e-02;1.834604e-01;4.266982e-02;2.683324e-02;6.582661e-02;6.117003e-02;3.382960e-02
1.029673e-01;5.904366e-02;1.751497e-01;6.478747e-02;1.135096e-01;7.496625e-02;9.598194e-02;7.063736e-02;6.045813e-02;4.989504e-02;9.392019e-02;3.868325e-02
9.215858e-02;6.138837e-02;1.393720e-01;2.833012e-02;5.448556e-02;8.329932e-02;1.421164e-01;9.167653e-02;9.545195e-02;6.825811e-02;9.208509e-02;5.137799e-02
7.634977e-02;5.717051e-02;1.457910e-01;3.199727e-02;4.672144e-02;9.029049e-02;1.459747e-01;7.965200e-02;1.181218e-01;5.896632e-02;9.172764e-02;5.723716e-02
9.530648e-02;5.504728e-02;1.778785e-01;2.554544e-02;5.096437e-02;1.006310e-01;1.222170e-01;6.021367e-02;1.408253e-01;3.068940e-02;8.343617e-02;5.724545e-02
1.175007e-01;4.125797e-02;1.933237e-01;4.408529e-02;7.004145e-02;1.047833e-01;8.131202e-02;7.031841e-02;1.150174e-01;5.083945e-02;5.361278e-02;5.790743e-02
1.145684e-01;4.153575e-02;1.808327e-01;4.853311e-02;7.650394e-02;8.188704e-02;9.740177e-02;1.075989e-01;7.827084e-02;7.970571e-02;4.436599e-02;4.879590e-02
9.784056e-02;1.143494e-01;1.472103e-01;5.050762e-02;9.130961e-02;5.941015e-02;1.277864e-01;8.357133e-02;6.338511e-02;8.256458e-02;4.576692e-02;3.629803e-02
5.720147e-02;9.975896e-02;1.027750e-01;4.934468e-02;1.178279e-01;6.312215e-02;2.584588e-01;3.430771e-02;5.787608e-02;8.056601e-02;4.559683e-02;3.316442e-02
3.281710e-02;5.480883e-02;1.834485e-01;4.095183e-02;1.038734e-01;5.655900e-02;2.871273e-01;3.405514e-02;5.118048e-02;9.087463e-02;4.363782e-02;2.066597e-02
3.573131e-02;5.136710e-02;2.339884e-01;3.909478e-02;7.234325e-02;5.156374e-02;2.239017e-01;5.213330e-02;5.543957e-02;9.913523e-02;6.087070e-02;2.443089e-02
8.715136e-02;6.745566e-02;1.388684e-01;7.003200e-02;6.699207e-02;5.395689e-02;1.594177e-01;7.946798e-02;7.794208e-02;6.827851e-02;6.508929e-02;6.534806e-02
1.138185e-01;6.695471e-02;1.219143e-01;4.405556e-02;6.809449e-02;4.885600e-02;2.481347e-01;5.176087e-02;5.641085e-02;7.239827e-02;4.752502e-02;6.007675e-02
9.376773e-02;5.164120e-02;2.087796e-01;4.659772e-02;4.757022e-02;2.756537e-02;2.606029e-01;4.285141e-02;3.838712e-02;8.221573e-02;4.975239e-02;5.026865e-02
1.147975e-01;7.572920e-02;2.220099e-01;4.681247e-02;4.892370e-02;3.846556e-02;2.004260e-01;4.762004e-02;4.240242e-02;7.426853e-02;4.661322e-02;4.193141e-02
7.419674e-02;1.137042e-01;2.407101e-01;4.730919e-02;4.642221e-02;5.901552e-02;1.489134e-01;4.724089e-02;5.494582e-02;9.050389e-02;3.071389e-02;4.632414e-02
1.096741e-01;1.272390e-01;2.145087e-01;3.882746e-02;4.662318e-02;6.862668e-02;1.161728e-01;4.520649e-02;6.170884e-02;8.181672e-02;4.223921e-02;4.735690e-02
1.461190e-01;1.382664e-01;1.854403e-01;3.457770e-02;4.380427e-02;6.764864e-02;1.465589e-01;4.546939e-02;6.349034e-02;6.297635e-02;2.380899e-02;4.183973e-02
1.041667e-01;1.194309e-01;1.966031e-01;3.681054e-02;5.149731e-02;6.850442e-02;1.976843e-01;5.398829e-02;5.523736e-02;5.841437e-02;2.820500e-02;2.945771e-02
9.772509e-02;1.087267e-01;1.452021e-01;3.347979e-02;6.468851e-02;7.283723e-02;2.530935e-01;5.560983e-02;3.812917e-02;5.802209e-02;3.877426e-02;3.371172e-02
8.273557e-02;1.457464e-01;1.835527e-01;3.549840e-02;8.940250e-02;6.509952e-02;2.026951e-01;4.435923e-02;2.168825e-02;4.403855e-02;4.555787e-02;3.962596e-02
1.480595e-01;1.623498e-01;1.697251e-01;3.014499e-02;8.563886e-02;6.340078e-02;1.309336e-01;4.380968e-02;4.344798e-02;4.851025e-02;3.635530e-02;3.762413e-02
9.825169e-02;1.640223e-01;1.782784e-01;4.102460e-02;9.106066e-02;8.666164e-02;1.056978e-01;4.026818e-02;5.990746e-02;6.845302e-02;2.401904e-02;4.235529e-02
1.108871e-01;1.183193e-01;1.538554e-01;5.421247e-02;8.582594e-02;6.399199e-02;1.234305e-01;5.314071e-02;6.631055e-02;7.573516e-02;3.359810e-02;6.069278e-02
1.073992e-01;7.342828e-02;1.647873e-01;7.806922e-02;1.024988e-01;7.149991e-02;9.082719e-02;6.066145e-02;7.088981e-02;8.303694e-02;3.417248e-02;6.272946e-02
7.685266e-02;5.436115e-02;2.116054e-01;5.971985e-02;1.218292e-01;7.153000e-02;1.172913e-01;4.580072e-02;9.182791e-02;7.065110e-02;3.057784e-02;4.795288e-02
6.844284e-02;7.677451e-02;2.191604e-01;5.853911e-02;1.118047e-01;6.335904e-02;1.251775e-01;6.802226e-02;5.817687e-02;5.405054e-02;4.448537e-02;5.200685e-02
7.384834e-02;1.041110e-01;1.872658e-01;8.142911e-02;9.357006e-02;4.389394e-02;7.908911e-02;8.182424e-02;7.405340e-02;8.578148e-02;3.080266e-02;6.433079e-02
9.917083e-02;7.939000e-02;1.061362e-01;1.012650e-01;9.222811e-02;6.720869e-02;7.122952e-02;6.782471e-02;1.055794e-01;1.020647e-01;5.938584e-02;4.851697e-02
9.006544e-02;5.263776e-02;1.236632e-01;5.202872e-02;8.630130e-02;9.006956e-02;1.449197e-01;6.237356e-02;1.087542e-01;9.289408e-02;5.824830e-02;3.804413e-02
1.185719e-01;1.108998e-01;1.538996e-01;5.376426e-02;5.172028e-02;7.117593e-02;1.869808e-01;5.777218e-02;4.238040e-02;5.326193e-02;5.045749e-02;4.911552e-02
1.218286e-01;1.275456e-01;1.762901e-01;4.009034e-02;4.071165e-02;5.076808e-02;1.501028e-01;4.299973e-02;6.098611e-02;6.117625e-02;5.680025e-02;7.070050e-02
9.666506e-02;1.651037e-01;2.018000e-01;3.195070e-02;3.008316e-02;5.183861e-02;8.317107e-02;2.883777e-02;8.833084e-02;6.445605e-02;4.532552e-02;1.124375e-01
1.065083e-01;1.857732e-01;1.788576e-01;2.787648e-02;2.805150e-02;5.048964e-02;5.940626e-02;2.570226e-02;8.954582e-02;6.556445e-02;6.193266e-02;1.202918e-01
1.918124e-01;1.947142e-01;1.157586e-01;2.323666e-02;3.482184e-02;4.102977e-02;1.006083e-01;3.572052e-02;6.602249e-02;5.062078e-02;8.591560e-02;5.973886e-02
1.841058e-01;2.718298e-01;1.494607e-01;2.000779e-02;2.955633e-02;3.177107e-02;7.717987e-02;3.374166e-02;6.019294e-02;3.632104e-02;7.195163e-02;3.388134e-02
1.844990e-01;3.097617e-01;1.453117e-01;3.154859e-02;3.084813e-02;3.102493e-02;5.344842e-02;3.447627e-02;5.371100e-02;3.364513e-02;5.656346e-02;3.516168e-02
2.086444e-01;2.893761e-01;1.138775e-01;6.657025e-02;4.517191e-02;3.303090e-02;7.145339e-02;3.365996e-02;4.990089e-02;2.726920e-02;4.790830e-02;1.313716e-02
1.573408e-01;2.439888e-01;1.683424e-01;8.841580e-02;6.901991e-02;5.546787e-02;4.717030e-02;2.096186e-02;6.189228e-02;3.195326e-02;2.909840e-02;2.634836e-02
1.345841e-01;2.173111e-01;1.851037e-01;7.401545e-02;6.465873e-02;7.657408e-02;4.419094e-02;2.848792e-02;6.514556e-02;4.395264e-02;2.871655e-02;3.725923e-02
8.839133e-02;1.665041e-01;2.844815e-01;4.764138e-02;4.749063e-02;6.402363e-02;7.330801e-02;3.210599e-02;5.369382e-02;7.807354e-02;2.797321e-02;3.631286e-02
4.252283e-02;1.038724e-01;4.231976e-01;3.583641e-02;4.749370e-02;2.788028e-02;7.786281e-02;3.674838e-02;5.313941e-02;1.018195e-01;2.654457e-02;2.308221e-02
5.883932e-02;3.250396e-02;4.778169e-01;5.126810e-02;4.160976e-02;1.022323e-02;7.365973e-02;3.364413e-02;4.969853e-02;1.067971e-01;4.658249e-02;1.735682e-02
5.029193e-02;3.973228e-02;4.698237e-01;5.490404e-02;3.485589e-02;1.362126e-02;7.364775e-02;2.253813e-02;4.257265e-02;1.049243e-01;7.290003e-02;2.018800e-02
4.460068e-02;3.743433e-02;4.381081e-01;7.531751e-02;3.685391e-02;2.258837e-02;6.656034e-02;2.820399e-02;3.716794e-02;1.015464e-01;9.646238e-02;1.515612e-02
3.271832e-02;2.355287e-02;3.832003e-01;9.372946e-02;4.855271e-02;3.604275e-02;6.179537e-02;4.103431e-02;2.793697e-02;1.036296e-01;1.301165e-01;1.769079e-02
1.543658e-02;3.129753e-02;3.507730e-01;9.994636e-02;7.588102e-02;4.195331e-02;4.528922e-02;5.454335e-02;1.944408e-02;9.052685e-02;1.496127e-01;2.529591e-02
2.046576e-02;4.908549e-02;2.869140e-01;8.639057e-02;1.196760e-01;5.122269e-02;5.049366e-02;5.123608e-02;3.454360e-02;6.726365e-02;1.305292e-01;5.217936e-02
1.003512e-01;1.785816e-02;2.247286e-01;5.628912e-02;1.480775e-01;7.263841e-02;9.170928e-02;4.401304e-02;5.820004e-02;3.926346e-02;6.816530e-02;7.870586e-02
1.472408e-01;3.977710e-02;1.531868e-01;3.936420e-02;1.415050e-01;9.304272e-02;1.225824e-01;5.207728e-02;5.734861e-02;3.787480e-02;3.713604e-02;7.886433e-02
1.783000e-01;4.837840e-02;9.706506e-02;3.881771e-02;1.341591e-01;1.028274e-01;1.624291e-01;5.515699e-02;3.519812e-02;4.633068e-02;3.470417e-02;6.663322e-02
1.490098e-01;4.066199e-02;1.064052e-01;4.544585e-02;1.437279e-01;1.027227e-01;1.048821e-01;8.605301e-02;7.377689e-02;5.042402e-02;3.291210e-02;6.397847e-02
7.357202e-02;3.239868e-02;1.049710e-01;3.696159e-02;1.155174e-01;7.410357e-02;2.844234e-01;7.435215e-02;9.517702e-02;4.702124e-02;2.356794e-02;3.793395e-02
3.671126e-02;4.118192e-02;1.125937e-01;3.380131e-02;7.105590e-02;6.566267e-02;3.714605e-01;6.568869e-02;1.163985e-01;4.671603e-02;1.832158e-02;2.040800e-02
2.690470e-02;6.101485e-02;1.141797e-01;5.338442e-02;6.232266e-02;9.411519e-02;3.056087e-01;7.796847e-02;9.000812e-02;6.427490e-02;2.654608e-02;2.367218e-02
4.030661e-02;7.646852e-02;1.154210e-01;8.119359e-02;7.694285e-02;1.133413e-01;1.271120e-01;1.248825e-01;1.020380e-01;6.520700e-02;4.675046e-02;3.033618e-02
6.317761e-02;7.474295e-02;1.081065e-01;1.058294e-01;7.494485e-02;1.014850e-01;9.264665e-02;1.364195e-01;9.418093e-02;6.730675e-02;5.218113e-02;2.897880e-02
1.218356e-01;6.117503e-02;1.195265e-01;1.143737e-01;6.108429e-02;6.323624e-02;1.103837e-01;1.166479e-01;8.015861e-02;7.290225e-02;4.759365e-02;3.108265e-02
1.245453e-01;6.288701e-02;1.009393e-01;1.135297e-01;7.915759e-02;5.108381e-02;8.312753e-02;1.253059e-01;1.053355e-01;8.093973e-02;4.375662e-02;2.939208e-02
9.329299e-02;5.258500e-02;9.828564e-02;8.113313e-02;6.879595e-02;5.462971e-02;7.127442e-02;1.614155e-01;1.529831e-01;9.574525e-02;4.169891e-02;2.816044e-02
7.673911e-02;6.931114e-02;1.309455e-01;5.378509e-02;3.230599e-02;5.528818e-02;1.066533e-01;1.515861e-01;1.509376e-01;8.466940e-02;4.467223e-02;4.310631e-02
8.849611e-02;8.038504e-02;1.207257e-01;6.246378e-02;3.969922e-02;5.925086e-02;1.135016e-01;1.059794e-01;1.446261e-01;8.128213e-02;5.067260e-02;5.291752e-02
6.610492e-02;7.012810e-02;1.057943e-01;5.395995e-02;5.303342e-02;8.853838e-02;1.106049e-01;1.241143e-01;1.542880e-01;7.373665e-02;5.638560e-02;4.331154e-02
7.043944e-02;6.184222e-02;1.433975e-01;4.625149e-02;4.592830e-02;8.212610e-02;1.105425e-01;1.274667e-01;1.551499e-01;5.582797e-02;5.244335e-02;4.858464e-02
9.708622e-02;5.199687e-02;1.628520e-01;6.801389e-02;5.824115e-02;5.014193e-02;1.092154e-01;1.067727e-01;1.606819e-01;4.782850e-02;2.831580e-02;5.885367e-02
1.218859e-01;3.606430e-02;1.068996e-01;8.923914e-02;7.939288e-02;7.293424e-02;1.201302e-01;7.384468e-02;1.356960e-01;5.247308e-02;6.796641e-02;4.347357e-02
1.036227e-01;6.554706e-02;1.210641e-01;8.757037e-02;4.994887e-02;9.201123e-02;1.282943e-01;8.881240e-02;8.452211e-02;5.028702e-02;8.609075e-02;4.222910e-02
1.000165e-01;6.086866e-02;1.236730e-01;6.204846e-02;7.323596e-02;7.581069e-02;1.234068e-01;1.028179e-01;8.148637e-02;8.717799e-02;7.159399e-02;3.786365e-02
7.478314e-02;6.737410e-02;1.470404e-01;7.208941e-02;9.029002e-02;6.474276e-02;7.368943e-02;1.302519e-01;6.220977e-02;1.209323e-01;4.803129e-02;4.856549e-02
6.582146e-02;7.843306e-02;1.625437e-01;8.676429e-02;7.274209e-02;6.960128e-02;9.799054e-02;1.322310e-01;7.622415e-02;8.557175e-02;3.029067e-02;4.178607e-02
1.153698e-01;9.244034e-02;1.025025e-01;6.796496e-02;5.894358e-02;6.631213e-02;1.547948e-01;1.316815e-01;7.201413e-02;5.325520e-02;3.472115e-02;4.999988e-02
1.364402e-01;9.133496e-02;1.293365e-01;5.294807e-02;6.102924e-02;5.226582e-02;1.139873e-01;1.535402e-01;6.113209e-02;4.973162e-02;5.198731e-02;4.626654e-02
8.481960e-02;5.409214e-02;2.488290e-01;4.875280e-02;5.427943e-02;5.043210e-02;8.160919e-02;1.289857e-01;8.189896e-02;6.407811e-02;5.942422e-02;4.279874e-02
4.707040e-02;3.536757e-02;2.681254e-01;4.010745e-02;5.384988e-02;4.033050e-02;1.760898e-01;5.484285e-02;6.415538e-02;1.037362e-01;7.169838e-02;4.462619e-02
4.167562e-02;5.048183e-02;2.095236e-01;4.732333e-02;7.427861e-02;4.341467e-02;1.844442e-01;4.976811e-02;8.911819e-02;1.012091e-01;6.851666e-02;4.024608e-02
5.566234e-02;6.236681e-02;2.203359e-01;4.408332e-02;7.430267e-02;5.520023e-02;1.606761e-01;3.878918e-02;9.954625e-02;9.371606e-02;5.453297e-02;4.078811e-02
2.128167e-02;7.638821e-02;2.861364e-01;4.549749e-02;6.574504e-02;6.392230e-02;1.380162e-01;4.865827e-02;9.374651e-02;8.333272e-02;4.051274e-02;3.676239e-02
5.631456e-02;8.640973e-02;3.706717e-01;4.987186e-02;7.238819e-02;6.325166e-02;5.348076e-02;6.146765e-02;6.798998e-02;6.412619e-02;2.330041e-02;3.072730e-02
6.433348e-02;9.909881e-02;4.249070e-01;4.834108e-02;6.794988e-02;5.390780e-02;2.691615e-02;5.378257e-02;5.801648e-02;5.741343e-02;1.859266e-02;2.674070e-02
8.921263e-02;1.094604e-01;4.429238e-01;4.427809e-02;5.635726e-02;5.321522e-02;2.130458e-02;3.727219e-02;5.687162e-02;5.165606e-02;1.791447e-02;1.953367e-02
1.068552e-01;9.039917e-02;3.298284e-01;3.859275e-02;7.072999e-02;4.268587e-02;1.385527e-01;3.886383e-02;4.361225e-02;4.113599e-02;3.059803e-02;2.814576e-02
1.390987e-01;6.971277e-02;3.147091e-01;3.138156e-02;6.552675e-02;5.060676e-02;1.237372e-01;5.574941e-02;4.497994e-02;4.390188e-02;3.281826e-02;2.777761e-02
1.167064e-01;4.363837e-02;2.893195e-01;2.920604e-02;4.678525e-02;5.013354e-02;1.990715e-01;5.875045e-02;4.509792e-02;5.604471e-02;2.900939e-02;3.623691e-02
9.746385e-02;5.554250e-02;2.326220e-01;3.893303e-02;5.824757e-02;5.344121e-02;2.533439e-01;4.572641e-02;4.561254e-02;5.213876e-02;2.795642e-02;3.897178e-02
9.815733e-02;3.636923e-02;2.058013e-01;4.350716e-02;6.221984e-02;5.229979e-02;2.664938e-01;4.369475e-02;6.004043e-02;6.080890e-02;3.074125e-02;3.986619e-02
9.760981e-02;6.900545e-02;1.668143e-01;4.330619e-02;6.459579e-02;5.090918e-02;2.062579e-01;7.595962e-02;8.150330e-02;5.733224e-02;3.996749e-02;4.673871e-02
3.968040e-02;8.261681e-02;1.860116e-01;4.802472e-02;5.040458e-02;7.603193e-02;1.830770e-01;8.686395e-02;7.633671e-02;5.689268e-02;5.732211e-02;5.673755e-02
7.373452e-02;7.451326e-02;1.798691e-01;5.582779e-02;4.828306e-02;8.483119e-02;1.787863e-01;7.499123e-02;7.315442e-02;5.747323e-02;5.191387e-02;4.662192e-02
8.548851e-02;6.919115e-02;2.043664e-01;6.703330e-02;4.771017e-02;7.566079e-02;1.827502e-01;6.459138e-02;8.121774e-02;5.817984e-02;2.596726e-02;3.784330e-02
6.997215e-02;7.032128e-02;9.495380e-02;5.631767e-02;6.866242e-02;7.533407e-02;1.494696e-01;9.900049e-02;8.699422e-02;8.686668e-02;6.394331e-02;7.816435e-02
7.033042e-02;4.455942e-02;9.432928e-02;6.805643e-02;8.364040e-02;9.241198e-02;1.550831e-01;1.149208e-01;8.797897e-02;7.955180e-02;4.013024e-02;6.900713e-02
7.478728e-02;5.497228e-02;1.429757e-01;6.700857e-02;6.910727e-02;8.307397e-02;1.310667e-01;1.139727e-01;7.410030e-02;8.611166e-02;2.987385e-02;7.294980e-02
1.000154e-01;8.013544e-02;1.654462e-01;6.124058e-02;6.048609e-02;7.535027e-02;1.110486e-01;1.108192e-01;7.073066e-02;7.124178e-02;4.568193e-02;4.780380e-02
1.120611e-01;7.434250e-02;1.633860e-01;5.739861e-02;7.452371e-02;1.147926e-01;7.603110e-02;1.108446e-01;7.732509e-02;7.506449e-02;4.001460e-02;2.421569e-02
1.414060e-01;9.505210e-02;1.303353e-01;7.909514e-02;7.619436e-02;1.151145e-01;7.196876e-02;8.041871e-02;8.223674e-02;5.787158e-02;4.024569e-02;3.006109e-02
1.507093e-01;8.429490e-02;1.664516e-01;6.621644e-02;7.665594e-02;7.563373e-02;9.431155e-02;4.451007e-02;7.710522e-02;6.180389e-02;4.964372e-02;5.266367e-02
1.459704e-01;9.117890e-02;2.053403e-01;5.028450e-02;8.136795e-02;6.294063e-02;1.112022e-01;4.177761e-02;6.602221e-02;6.040096e-02;3.400221e-02;4.951217e-02
1.039022e-01;7.021996e-02;2.832631e-01;7.147529e-02;7.722108e-02;4.179791e-02;1.195579e-01;5.063117e-02;4.730678e-02;5.861166e-02;3.754416e-02;3.846880e-02
4.473007e-02;7.111996e-02;3.633794e-01;7.177780e-02;5.009230e-02;6.498294e-02;1.089426e-01;5.117027e-02;5.046941e-02;5.265053e-02;2.806340e-02;4.262129e-02
4.419586e-02;1.165433e-01;3.361049e-01;4.165401e-02;3.652830e-02;1.086829e-01;8.749013e-02;5.655783e-02;7.579114e-02;3.370224e-02;2.184371e-02;4.090574e-02
9.246190e-02;1.298067e-01;2.290231e-01;5.257133e-02;6.235999e-02;1.263192e-01;6.491297e-02;5.591790e-02;1.034850e-01;2.635204e-02;3.054118e-02;2.624860e-02
1.256045e-01;1.041138e-01;1.691910e-01;4.538802e-02;7.834522e-02;1.084813e-01;1.166346e-01;5.303125e-02;9.804102e-02;3.312330e-02;3.418782e-02;3.385822e-02
1.055154e-01;7.803836e-02;2.049994e-01;4.143656e-02;7.862078e-02;7.828943e-02;1.743261e-01;5.907580e-02;8.285671e-02;2.727318e-02;2.932659e-02;4.024175e-02
4.872854e-02;7.291326e-02;3.678199e-01;6.785759e-02;6.087299e-02;5.175226e-02;1.348035e-01;3.446788e-02;6.156989e-02;4.019268e-02;2.610935e-02;3.291221e-02
6.297591e-02;1.071743e-01;4.004630e-01;7.714140e-02;4.719446e-02;6.766555e-02;6.269183e-02;2.563944e-02;5.874014e-02;4.246797e-02;2.050708e-02;2.733886e-02
7.045205e-02;1.267183e-01;3.988487e-01;7.930578e-02;4.651979e-02;6.942303e-02;3.200084e-02;2.741569e-02;6.511402e-02;3.985446e-02;2.025712e-02;2.409020e-02
8.265235e-02;1.273835e-01;3.679237e-01;7.438394e-02;3.411693e-02;5.549550e-02;7.716835e-02;3.276682e-02;6.213273e-02;3.681098e-02;2.472730e-02;2.443790e-02
1.142182e-01;1.260424e-01;3.544097e-01;6.063063e-02;4.099425e-02;3.771019e-02;1.022974e-01;3.407484e-02;4.722468e-02;3.413806e-02;3.076477e-02;1.749496e-02
1.273490e-01;1.268239e-01;3.824602e-01;5.319058e-02;3.949490e-02;3.340686e-02;8.220521e-02;3.791833e-02;4.609211e-02;3.166629e-02;2.882704e-02;1.056562e-02
9.742750e-02;1.108616e-01;3.999384e-01;5.514670e-02;4.376420e-02;3.152179e-02;1.041884e-01;3.773200e-02;4.723937e-02;3.057843e-02;2.392301e-02;1.767857e-02
6.683283e-02;9.541475e-02;4.100537e-01;5.506213e-02;5.691085e-02;4.222354e-02;8.047873e-02;4.435723e-02;5.902582e-02;4.622060e-02;2.288039e-02;2.053938e-02
6.034231e-02;7.258961e-02;3.757459e-01;5.053763e-02;5.402372e-02;4.741291e-02;1.056414e-01;5.669435e-02;5.403593e-02;7.043704e-02;2.731264e-02;2.522659e-02
2.822572e-02;4.633757e-02;4.310702e-01;4.550442e-02;6.351971e-02;4.995336e-02;9.969957e-02;3.889190e-02;4.395223e-02;9.529144e-02;3.140607e-02;2.614777e-02
3.814211e-02;1.581275e-02;4.603322e-01;6.108738e-02;5.662727e-02;4.813515e-02;7.650202e-02;3.020225e-02;4.387867e-02;1.009798e-01;4.531970e-02;2.298062e-02
3.447401e-02;2.065813e-02;3.522463e-01;9.023057e-02;9.975497e-02;4.943239e-02;7.520703e-02;7.158614e-02;3.957855e-02;7.693780e-02;5.183990e-02;3.805422e-02
4.193438e-02;3.762710e-02;1.782582e-01;1.082120e-01;1.599129e-01;5.866499e-02;6.835613e-02;1.185194e-01;4.365553e-02;6.629019e-02;4.554128e-02;7.302787e-02
4.282432e-02;3.933427e-02;1.895771e-01;1.010171e-01;1.684812e-01;5.951423e-02;9.292973e-02;8.272460e-02;6.002213e-02;4.579778e-02;4.635751e-02;7.141995e-02
5.244514e-02;4.968147e-02;1.968531e-01;8.833998e-02;1.991589e-01;6.188871e-02;8.928909e-02;5.540839e-02;7.439610e-02;2.957205e-02;3.415937e-02;6.880771e-02
4.071074e-02;5.826372e-02;1.330760e-01;6.074746e-02;2.417867e-01;8.021031e-02;1.196896e-01;6.333926e-02;8.583565e-02;2.371296e-02;2.492499e-02;6.770261e-02
4.850855e-02;5.072067e-02;9.892727e-02;6.642467e-02;2.261949e-01;1.126209e-01;1.104329e-01;8.725723e-02;9.260487e-02;1.578115e-02;2.627604e-02;6.425075e-02
5.889969e-02;2.555604e-02;9.119097e-02;5.596343e-02;2.307862e-01;1.028867e-01;1.417087e-01;6.679062e-02;1.068551e-01;1.911660e-02;2.776241e-02;7.248347e-02
6.685758e-02;5.741797e-02;1.250893e-01;6.452145e-02;2.292834e-01;9.663714e-02;1.187824e-01;2.897712e-02;7.910316e-02;4.737016e-02;1.352776e-02;7.243253e-02
7.741090e-02;7.877662e-02;2.104206e-01;8.895552e-02;1.578206e-01;6.340804e-02;8.462587e-02;3.061851e-02;5.392498e-02;6.494845e-02;2.867793e-02;6.041197e-02
6.203473e-02;1.006039e-01;2.474319e-01;8.888379e-02;9.662874e-02;6.859049e-02;1.198401e-01;2.150060e-02;5.812466e-02;5.832367e-02;2.119687e-02;5.684045e-02
4.131231e-02;1.397010e-01;3.283363e-01;5.704883e-02;6.016733e-02;6.475283e-02;8.003333e-02;2.884214e-02;5.590459e-02;5.596521e-02;3.334890e-02;5.458719e-02
9.538334e-02;1.338430e-01;3.117917e-01;6.272143e-02;6.259438e-02;5.518867e-02;6.502380e-02;4.026913e-02;5.327408e-02;3.881797e-02;4.735087e-02;3.374159e-02
6.638102e-02;9.852232e-02;3.028046e-01;9.131236e-02;8.231073e-02;4.731968e-02;1.025409e-01;4.179263e-02;4.201461e-02;2.704817e-02;5.768406e-02;4.026890e-02
8.638558e-02;1.122563e-01;3.082983e-01;9.053686e-02;7.500312e-02;3.631705e-02;1.016800e-01;3.463241e-02;2.946527e-02;2.119372e-02;4.909797e-02;5.513335e-02
9.680635e-02;9.019952e-02;3.002546e-01;6.650434e-02;5.745728e-02;2.755089e-02;1.250615e-01;5.451893e-02;5.145209e-02;3.365243e-02;3.358192e-02;6.296009e-02
9.816348e-02;6.122185e-02;2.785805e-01;8.321898e-02;5.036659e-02;3.023583e-02;1.516617e-01;4.785796e-02;6.129028e-02;4.570260e-02;3.304335e-02;5.865684e-02
1.185418e-01;7.184323e-02;3.047074e-01;7.675108e-02;4.777340e-02;3.597334e-02;1.431208e-01;3.289993e-02;3.848246e-02;4.807170e-02;3.651407e-02;4.532081e-02
1.129705e-01;6.253011e-02;2.449474e-01;6.056131e-02;5.693776e-02;4.138691e-02;9.954900e-02;2.394571e-02;8.210421e-02;8.766152e-02;6.722946e-02;6.017605e-02
7.663908e-02;7.304963e-02;2.459845e-01;5.113690e-02;6.541251e-02;3.696694e-02;9.047421e-02;2.525058e-02;1.030634e-01;7.857621e-02;6.047428e-02;9.297182e-02
6.750858e-02;9.147932e-02;2.318492e-01;2.662160e-02;6.938351e-02;3.056027e-02;9.621219e-02;3.512930e-02;1.078952e-01;8.256713e-02;6.148006e-02;9.931362e-02
8.748053e-02;1.084524e-01;1.923779e-01;3.822691e-02;5.835219e-02;3.226143e-02;1.391376e-01;4.628382e-02;7.087468e-02;8.434737e-02;7.144066e-02;7.076444e-02
1.218820e-01;1.116865e-01;1.290638e-01;3.523914e-02;7.728074e-02;5.261723e-02;2.179719e-01;4.039641e-02;3.377095e-02;7.820574e-02;5.235493e-02;4.953066e-02
1.622240e-01;9.032565e-02;1.106040e-01;3.021748e-02;9.420443e-02;7.111867e-02;2.327395e-01;3.237200e-02;2.801115e-02;6.703451e-02;3.122276e-02;4.992587e-02
1.248610e-01;1.132342e-01;1.357881e-01;4.858605e-02;1.090709e-01;6.691935e-02;1.723840e-01;4.194900e-02;4.257789e-02;6.531851e-02;3.719415e-02;4.211683e-02
5.139238e-02;1.268355e-01;1.395888e-01;6.442230e-02;9.299171e-02;5.220634e-02;1.084935e-01;4.825016e-02;6.395449e-02;1.012512e-01;7.406466e-02;7.654900e-02
1.074239e-01;1.199936e-01;1.275492e-01;5.793650e-02;7.223846e-02;7.493368e-02;9.778127e-02;3.976377e-02;6.592792e-02;8.287494e-02;7.953784e-02;7.403898e-02
1.025202e-01;1.287833e-01;9.400959e-02;7.730720e-02;7.818292e-02;6.554311e-02;9.062114e-02;8.045661e-02;7.869722e-02;7.365265e-02;7.928009e-02;5.094603e-02
6.706934e-02;8.323970e-02;2.127457e-01;8.218922e-02;9.746991e-02;5.164276e-02;5.941634e-02;8.972816e-02;7.523900e-02;7.874392e-02;4.131921e-02;6.119673e-02
9.990572e-02;6.011897e-02;2.225002e-01;7.661472e-02;9.019633e-02;6.128674e-02;1.257043e-01;7.056367e-02;7.412422e-02;6.396455e-02;2.104020e-02;3.398035e-02
6.345302e-02;8.364295e-02;1.866311e-01;8.748660e-02;8.857000e-02;5.489872e-02;1.723339e-01;8.578835e-02;6.444368e-02;6.052494e-02;2.205286e-02;3.017390e-02
6.818862e-02;8.351441e-02;1.920642e-01;7.481494e-02;7.144748e-02;4.405579e-02;1.477882e-01;8.974613e-02;5.061328e-02;6.179745e-02;5.762951e-02;5.833991e-02
8.371887e-02;5.834109e-02;1.568039e-01;6.693164e-02;7.008870e-02;6.642588e-02;8.212268e-02;9.540255e-02;8.698285e-02;6.039936e-02;9.239816e-02;8.038431e-02
9.951200e-02;4.630281e-02;1.344039e-01;7.563139e-02;7.850254e-02;7.279591e-02;8.767517e-02;9.069162e-02;9.544089e-02;5.910916e-02;8.260129e-02;7.733325e-02
7.754969e-02;3.421133e-02;1.793186e-01;4.361880e-02;9.863084e-02;6.256450e-02;1.229229e-01;1.304262e-01;7.768872e-02;6.188191e-02;5.902053e-02;5.216597e-02
7.893547e-02;4.769471e-02;1.378338e-01;5.219330e-02;9.228966e-02;4.691020e-02;2.441062e-01;7.427401e-02;5.830083e-02;7.884574e-02;5.498566e-02;3.363045e-02
8.237905e-02;5.217887e-02;1.923886e-01;5.363290e-02;9.087463e-02;5.247429e-02;2.377377e-01;4.228603e-02;4.541019e-02;7.084063e-02;4.844794e-02;3.134918e-02
8.101081e-02;4.469142e-02;2.229043e-01;5.574691e-02;9.851146e-02;5.875901e-02;2.211134e-01;3.988384e-02;4.558211e-02;5.681575e-02;3.885748e-02;3.612352e-02
8.113029e-02;2.098502e-02;2.482600e-01;7.464512e-02;1.135700e-01;5.841280e-02;1.795612e-01;3.927924e-02;5.655422e-02;4.087250e-02;3.308659e-02;5.364306e-02
7.562050e-02;4.555836e-02;1.871511e-01;1.107674e-01;1.307446e-01;5.570379e-02;1.167733e-01;6.714834e-02;6.446330e-02;4.813622e-02;3.745365e-02;6.047947e-02
9.662040e-02;4.722781e-02;1.704270e-01;8.723366e-02;1.141737e-01;7.165579e-02;9.614685e-02;9.854816e-02;5.149708e-02;4.166339e-02;4.762094e-02;7.718525e-02
8.171328e-02;3.868064e-02;1.358906e-01;6.317505e-02;9.332838e-02;7.221838e-02;1.223363e-01;1.103928e-01;7.359847e-02;7.915249e-02;3.863085e-02;9.088279e-02
8.952259e-02;5.164886e-02;1.565743e-01;6.147015e-02;8.994298e-02;6.972932e-02;1.409773e-01;7.452715e-02;6.460023e-02;7.447736e-02;3.976730e-02;8.676248e-02
1.092707e-01;9.888861e-02;1.344499e-01;3.916451e-02;6.750183e-02;7.129963e-02;1.229173e-01;7.263188e-02;8.028528e-02;8.835835e-02;2.944511e-02;8.578699e-02
1.137731e-01;9.616210e-02;6.411433e-02;6.136928e-02;8.058128e-02;7.323544e-02;1.676093e-01;7.348046e-02;7.538332e-02;8.220159e-02;4.500599e-02;6.708378e-02
1.036138e-01;1.000425e-01;9.621670e-02;7.762842e-02;8.403721e-02;7.345216e-02;1.712054e-01;7.408903e-02;5.922214e-02;5.852721e-02;5.347581e-02;4.848966e-02
1.222832e-01;1.034538e-01;1.404959e-01;7.783898e-02;8.107889e-02;6.791267e-02;1.674178e-01;5.898558e-02;3.820455e-02;4.467392e-02;5.369144e-02;4.396329e-02
1.341474e-01;8.522233e-02;1.761145e-01;5.270266e-02;6.080689e-02;5.405483e-02;1.797987e-01;5.172482e-02;5.748974e-02;5.810151e-02;4.855667e-02;4.127988e-02
1.247116e-01;8.718061e-02;1.882880e-01;6.070753e-02;4.739249e-02;4.948609e-02;1.820461e-01;5.244950e-02;5.915091e-02;6.556893e-02;4.888165e-02;3.413658e-02
7.407750e-02;7.723273e-02;1.064142e-01;8.216564e-02;6.926453e-02;7.654775e-02;2.166768e-01;6.216919e-02;5.746901e-02;8.154706e-02;5.167986e-02;4.475571e-02
1.422796e-01;9.512623e-02;1.563876e-01;5.905721e-02;4.725847e-02;6.694754e-02;1.911407e-01;4.135303e-02;4.550722e-02;5.841763e-02;4.487867e-02;5.164608e-02
1.634786e-01;1.201814e-01;2.071210e-01;4.588997e-02;5.042536e-02;3.786243e-02;1.750420e-01;4.230282e-02;3.461084e-02;4.692205e-02;3.099493e-02;4.516855e-02
1.598988e-01;1.122589e-01;2.560109e-01;5.536492e-02;6.875840e-02;3.469561e-02;1.229924e-01;3.389183e-02;3.519140e-02;3.764359e-02;3.259918e-02;5.069416e-02
1.256398e-01;8.198804e-02;3.017089e-01;7.227049e-02;7.813369e-02;3.846356e-02;9.963237e-02;1.747477e-02;3.919797e-02;3.488402e-02;4.232197e-02;6.828441e-02
1.267293e-01;8.658950e-02;2.181558e-01;6.954067e-02;6.443527e-02;5.143776e-02;1.471567e-01;4.789471e-02;3.079017e-02;4.971063e-02;5.248775e-02;5.507172e-02
1.640235e-01;1.416582e-01;2.276070e-01;6.438800e-02;4.648286e-02;5.776034e-02;7.954578e-02;5.696130e-02;4.297732e-02;4.573795e-02;3.338438e-02;3.947344e-02
8.402599e-02;1.103428e-01;1.685269e-01;7.625720e-02;8.495046e-02;6.698028e-02;1.029299e-01;8.166869e-02;5.188184e-02;6.245549e-02;3.629763e-02;7.368277e-02
6.932936e-02;8.365534e-02;1.013336e-01;6.694320e-02;1.438357e-01;6.322227e-02;1.113508e-01;1.121456e-01;5.209602e-02;6.197669e-02;4.156807e-02;9.254333e-02
7.598816e-02;5.093435e-02;1.282574e-01;7.354216e-02;9.690910e-02;9.032223e-02;1.396659e-01;1.071862e-01;5.286957e-02;5.755547e-02;4.938351e-02;7.738598e-02
7.126802e-02;2.886916e-02;1.387029e-01;7.655917e-02;8.019352e-02;1.005799e-01;1.699562e-01;1.122636e-01;5.625550e-02;5.257901e-02;4.484121e-02;6.793179e-02
7.854594e-02;5.254469e-02;1.753349e-01;9.152080e-02;6.051574e-02;7.240420e-02;1.874114e-01;8.373307e-02;4.890322e-02;4.613461e-02;5.561668e-02;4.733485e-02
1.373110e-01;1.142112e-01;2.273855e-01;6.000239e-02;3.741143e-02;3.039343e-02;1.808217e-01;5.423451e-02;4.389274e-02;4.065245e-02;4.420310e-02;2.948053e-02
1.206831e-01;1.140003e-01;2.825576e-01;5.471917e-02;3.211408e-02;2.502510e-02;1.426675e-01;5.160891e-02;4.321177e-02;5.253806e-02;4.791715e-02;3.295724e-02
6.325492e-02;1.008481e-01;3.520121e-01;7.208087e-02;4.325592e-02;3.004989e-02;9.139364e-02;4.685958e-02;3.819629e-02;5.746159e-02;6.857016e-02;3.601688e-02
8.897328e-02;8.968709e-02;3.544872e-01;7.024192e-02;4.351981e-02;3.251497e-02;7.912932e-02;3.541913e-02;3.579236e-02;6.975503e-02;6.421345e-02;3.626651e-02
8.336937e-02;1.121828e-01;4.099387e-01;5.377040e-02;3.250974e-02;2.599489e-02;7.038885e-02;2.321150e-02;3.488384e-02;8.929753e-02;4.048069e-02;2.397157e-02
3.346660e-02;1.308098e-01;4.334984e-01;5.638390e-02;3.783703e-02;2.651308e-02;7.519933e-02;3.684195e-02;3.935967e-02;8.670165e-02;3.130335e-02;1.208523e-02
1.113998e-01;1.146980e-01;3.343963e-01;5.535916e-02;4.960259e-02;2.638987e-02;1.024063e-01;3.591137e-02;4.027286e-02;6.216019e-02;4.323386e-02;2.416964e-02
1.336582e-01;9.662855e-02;2.439318e-01;4.815167e-02;6.506172e-02;2.287961e-02;1.078758e-01;7.278560e-02;5.752222e-02;5.957182e-02;5.411045e-02;3.782248e-02
4.191775e-02;9.864609e-02;1.956753e-01;4.276210e-02;7.634434e-02;3.872310e-02;9.954309e-02;1.710736e-01;1.038241e-01;5.923906e-02;4.348935e-02;2.876199e-02
9.120390e-02;9.417424e-02;1.498294e-01;4.573515e-02;6.702745e-02;4.483939e-02;1.142714e-01;1.551336e-01;1.263573e-01;4.340668e-02;3.243751e-02;3.558394e-02
8.545303e-02;9.692067e-02;1.515445e-01;5.383443e-02;4.560326e-02;4.463650e-02;1.170017e-01;1.805394e-01;1.095180e-01;5.172684e-02;1.836344e-02;4.485822e-02
5.478756e-02;6.878436e-02;1.089384e-01;5.428614e-02;2.511951e-02;4.813844e-02;1.191971e-01;2.460778e-01;1.627579e-01;5.823714e-02;2.768823e-02;2.598743e-02
6.206519e-02;5.063261e-02;1.240724e-01;4.116174e-02;2.823433e-02;7.277299e-02;8.586135e-02;1.971422e-01;1.999699e-01;8.433443e-02;2.272905e-02;3.102382e-02
4.076778e-02;3.963710e-02;1.209257e-01;3.834763e-02;3.343639e-02;7.757218e-02;8.273303e-02;1.946268e-01;2.535381e-01;7.668503e-02;2.101439e-02;2.071594e-02
3.581680e-02;3.213821e-02;7.421678e-02;3.926023e-02;4.366744e-02;4.465963e-02;1.002119e-01;2.569390e-01;2.610709e-01;7.341806e-02;1.604208e-02;2.255901e-02
1.836138e-02;2.044156e-02;4.560791e-02;4.862000e-02;3.773724e-02;4.541819e-02;1.246051e-01;3.570663e-01;1.708035e-01;6.858564e-02;2.024538e-02;4.250784e-02
4.426332e-02;3.256229e-02;6.737209e-02;5.626852e-02;5.554517e-02;9.145305e-02;1.052360e-01;3.523579e-01;6.627741e-02;5.856127e-02;3.117335e-02;3.892963e-02
8.107240e-02;7.082395e-02;9.731083e-02;5.029095e-02;9.227391e-02;1.107545e-01;1.028919e-01;1.910914e-01;7.564776e-02;6.419828e-02;3.969117e-02;2.395302e-02
9.684885e-02;9.598932e-02;8.865107e-02;5.681310e-02;1.170594e-01;8.805182e-02;1.076658e-01;9.831861e-02;9.488672e-02;7.662203e-02;4.523152e-02;3.386178e-02
6.643830e-02;7.715925e-02;1.400496e-01;8.500952e-02;9.311359e-02;8.540381e-02;9.199075e-02;8.868930e-02;9.441031e-02;9.036870e-02;5.068371e-02;3.668315e-02
7.357053e-02;5.651040e-02;1.521223e-01;8.597468e-02;8.195452e-02;1.044137e-01;1.165273e-01;6.177169e-02;7.077442e-02;8.464291e-02;4.919669e-02;6.254081e-02
9.645592e-02;6.888874e-02;2.289131e-01;5.988420e-02;6.121634e-02;5.171116e-02;1.276771e-01;5.251846e-02;6.968569e-02;7.495707e-02;4.571762e-02;6.237463e-02
1.007775e-01;9.418762e-02;2.298671e-01;7.750323e-02;4.281886e-02;3.150858e-02;1.216270e-01;4.589806e-02;6.924325e-02;8.284980e-02;5.452964e-02;4.918933e-02
1.430067e-01;1.068609e-01;2.122462e-01;6.657968e-02;3.768262e-02;3.709754e-02;1.088182e-01;3.994563e-02;5.928738e-02;7.864520e-02;5.651713e-02;5.331284e-02
2.305079e-01;1.312595e-01;1.651210e-01;4.238718e-02;3.882213e-02;5.516107e-02;9.382234e-02;2.505613e-02;4.088820e-02;6.206420e-02;5.419315e-02;6.071719e-02
2.762038e-01;1.179600e-01;9.643560e-02;2.023357e-02;2.830220e-02;4.146718e-02;1.633483e-01;2.019398e-02;4.579988e-02;5.879059e-02;5.838645e-02;7.287851e-02
2.580711e-01;8.043104e-02;1.253966e-01;2.924270e-02;2.398942e-02;2.494505e-02;1.817476e-01;2.333787e-02;5.507655e-02;7.942966e-02;4.879220e-02;6.954028e-02
1.856146e-01;7.229640e-02;1.335561e-01;3.287858e-02;3.185165e-02;2.545855e-02;1.661125e-01;3.493255e-02;6.121509e-02;8.805321e-02;8.618453e-02;8.184616e-02
1.162042e-01;7.171099e-02;1.810954e-01;2.921968e-02;3.803474e-02;1.998048e-02;1.988856e-01;4.997950e-02;6.091818e-02;8.072387e-02;6.833746e-02;8.490986e-02
1.119186e-01;1.032747e-01;1.974875e-01;2.954405e-02;5.395973e-02;3.264641e-02;1.782192e-01;4.892061e-02;5.160447e-02;7.780331e-02;5.522702e-02;5.939436e-02
5.033210e-02;1.198626e-01;2.185543e-01;4.029034e-02;7.161088e-02;2.774420e-02;1.314477e-01;3.884107e-02;4.522175e-02;9.019298e-02;8.213884e-02;8.376329e-02
1.460063e-01;1.113224e-01;1.884248e-01;4.098323e-02;6.533240e-02;2.223481e-02;1.316423e-01;3.091772e-02;4.347276e-02;7.956789e-02;5.928851e-02;8.080680e-02
1.230446e-01;8.772494e-02;1.971698e-01;5.501102e-02;6.372795e-02;2.259028e-02;1.051140e-01;4.492267e-02;6.282897e-02;8.485129e-02;8.103325e-02;7.198127e-02
3.704038e-02;1.037022e-01;1.878405e-01;6.435448e-02;6.500979e-02;4.140480e-02;1.216801e-01;5.575479e-02;5.984522e-02;1.105711e-01;9.065659e-02;6.214005e-02
1.000130e-01;1.004104e-01;1.878000e-01;6.330611e-02;4.912045e-02;5.696624e-02;5.774951e-02;6.551356e-02;5.597981e-02;1.147274e-01;9.278516e-02;5.562834e-02
8.936881e-02;6.817456e-02;1.890033e-01;5.049908e-02;3.665908e-02;4.242919e-02;9.642458e-02;8.591358e-02;1.180882e-01;9.303956e-02;8.424090e-02;4.615912e-02
5.943337e-02;5.518522e-02;1.747800e-01;5.949935e-02;5.461422e-02;3.844502e-02;1.249452e-01;9.175450e-02;1.512988e-01;7.407716e-02;5.870019e-02;5.726687e-02
5.925385e-02;6.547585e-02;1.603942e-01;6.547378e-02;7.443722e-02;3.413824e-02;1.380762e-01;8.793571e-02;1.381831e-01;5.269385e-02;4.671497e-02;7.722300e-02
7.775354e-02;8.428261e-02;1.668907e-01;5.611430e-02;7.874326e-02;4.368454e-02;8.753103e-02;6.994323e-02;1.185464e-01;1.022195e-01;4.897595e-02;6.531485e-02
9.378964e-02;8.566400e-02;1.701095e-01;4.362651e-02;8.996171e-02;5.656598e-02;6.914668e-02;9.907409e-02;8.505659e-02;9.221605e-02;5.620643e-02;5.858287e-02
6.780046e-02;6.336576e-02;1.701534e-01;4.633636e-02;8.458112e-02;6.642378e-02;1.169618e-01;1.018864e-01;1.202638e-01;5.996784e-02;5.952092e-02;4.273838e-02
6.770727e-02;7.627981e-02;1.739730e-01;5.852080e-02;6.670265e-02;5.800769e-02;1.371277e-01;8.097390e-02;1.227716e-01;6.427033e-02;5.536989e-02;3.829534e-02
