1.069168e-01;6.069934e-02;2.034697e-01;5.934702e-02;9.333795e-02;8.454865e-02;1.357221e-01;8.288065e-02;4.034654e-02;5.288550e-02;3.065855e-02;4.918719e-02
9.534227e-02;6.522986e-02;2.469514e-01;6.458092e-02;6.760629e-02;7.229569e-02;1.987591e-01;6.179352e-02;3.521333e-02;4.081900e-02;2.182403e-02;2.958448e-02
7.580789e-02;7.449774e-02;2.962841e-01;5.626065e-02;4.038436e-02;6.808462e-02;2.054031e-01;6.333448e-02;4.757517e-02;3.292697e-02;2.005400e-02;1.938682e-02
4.159215e-02;8.598218e-02;3.448047e-01;3.478023e-02;4.190089e-02;6.633326e-02;1.846010e-01;4.941576e-02;7.357493e-02;4.380973e-02;1.697344e-02;1.623174e-02
2.582063e-02;9.997316e-02;4.540372e-01;2.544435e-02;2.363319e-02;4.684618e-02;1.184179e-01;3.485729e-02;7.534502e-02;5.920029e-02;1.125245e-02;2.517235e-02
2.577741e-02;1.214576e-01;5.149936e-01;2.871491e-02;1.345564e-02;4.908412e-02;3.503194e-02;2.693561e-02;8.671692e-02;5.591445e-02;6.984697e-03;3.493311e-02
2.244943e-02;1.361999e-01;4.805270e-01;2.678426e-02;2.312982e-02;7.099696e-02;4.116782e-02;2.424691e-02;1.058142e-01;2.946455e-02;9.976986e-03;2.924223e-02
2.038807e-02;1.490519e-01;4.539164e-01;2.607174e-02;1.931001e-02;8.060246e-02;6.098248e-02;1.949291e-02;1.286282e-01;1.331003e-02;9.657891e-03;1.858793e-02
2.764054e-02;1.647714e-01;4.320635e-01;2.868929e-02;1.493678e-02;7.639197e-02;5.911459e-02;1.238742e-02;1.530639e-01;9.723308e-03;9.095894e-03;1.212146e-02
3.624994e-02;1.753198e-01;4.035777e-01;2.765830e-02;1.546811e-02;7.874816e-02;4.517426e-02;1.595155e-02;1.774785e-01;1.071428e-02;4.429264e-03;9.230175e-03
2.654414e-02;1.851325e-01;3.975038e-01;2.691486e-02;1.010396e-02;8.152317e-02;2.470482e-02;9.169060e-03;1.971614e-01;1.653524e-02;6.505980e-03;1.820102e-02
2.035999e-02;2.054617e-01;3.796941e-01;3.176714e-02;1.419586e-02;7.821869e-02;2.656740e-02;1.679314e-02;1.882912e-01;1.743997e-02;8.915950e-03;1.229483e-02
4.737690e-02;2.171820e-01;4.002076e-01;3.870863e-02;1.586204e-02;5.847047e-02;2.774538e-02;1.500961e-02;1.511797e-01;1.514699e-02;6.628909e-03;6.481777e-03
6.468241e-02;2.498371e-01;3.714131e-01;3.611869e-02;1.186531e-02;4.095822e-02;2.684559e-02;1.179229e-02;1.553132e-01;1.634606e-02;8.346017e-03;6.482049e-03
9.284804e-02;2.984007e-01;2.885757e-01;2.326313e-02;6.197176e-03;3.836014e-02;1.803195e-02;9.720098e-03;1.888541e-01;2.086178e-02;6.220383e-03;8.666801e-03
1.353491e-01;3.394693e-01;2.075160e-01;2.113275e-02;7.057717e-03;3.528991e-02;1.280283e-02;1.153752e-02;2.055607e-01;1.363322e-02;4.419671e-03;6.231319e-03
1.924347e-01;3.547165e-01;1.523751e-01;1.803413e-02;7.405343e-03;2.835094e-02;1.298323e-02;2.130250e-02;1.879165e-01;1.002757e-02;4.794530e-03;9.659040e-03
2.655731e-01;3.250948e-01;1.079581e-01;1.751181e-02;1.468470e-02;3.187621e-02;1.993380e-02;3.003248e-02;1.450709e-01;1.591713e-02;6.829813e-03;1.951707e-02
2.919528e-01;2.797667e-01;1.058857e-01;1.690283e-02;2.344677e-02;5.417625e-02;2.524884e-02;2.825159e-02;1.279379e-01;1.764833e-02;7.161730e-03;2.162054e-02
2.112316e-01;2.379989e-01;2.115937e-01;2.500214e-02;1.865711e-02;7.537281e-02;1.892351e-02;2.260494e-02;1.347609e-01;1.787294e-02;5.668886e-03;2.031246e-02
1.137762e-01;2.392537e-01;3.130081e-01;2.393327e-02;9.922602e-03;7.255820e-02;1.461602e-02;1.919971e-02;1.546080e-01;1.304520e-02;5.510367e-03;2.056862e-02
1.025600e-01;2.280895e-01;3.470430e-01;1.894459e-02;4.702187e-03;6.120974e-02;1.867657e-02;2.270072e-02;1.565268e-01;1.098257e-02;8.092409e-03;2.047187e-02
9.861407e-02;2.032958e-01;3.953581e-01;1.628231e-02;8.313225e-03;5.415970e-02;1.308883e-02;3.487359e-02;1.347981e-01;1.238345e-02;6.757415e-03;2.207536e-02
5.108513e-02;1.642682e-01;4.766711e-01;1.973872e-02;1.494659e-02;5.972726e-02;1.668613e-02;3.882420e-02;1.106269e-01;2.040292e-02;4.283894e-03;2.273888e-02
3.112807e-02;1.281212e-01;5.117142e-01;3.704997e-02;2.703026e-02;5.817772e-02;3.916287e-02;5.123394e-02;4.876041e-02;3.187072e-02;1.193909e-02;2.381164e-02
7.390307e-02;1.809445e-01;3.717853e-01;5.342115e-02;3.523108e-02;3.796456e-02;4.612297e-02;4.445244e-02;9.478804e-02;3.050645e-02;1.142135e-02;1.945914e-02
1.101257e-01;2.934840e-01;2.504148e-01;5.115994e-02;2.021077e-02;3.347454e-02;3.093983e-02;2.575824e-02;1.465782e-01;1.809148e-02;6.417612e-03;1.334486e-02
1.100556e-01;3.642546e-01;1.493173e-01;6.417986e-02;5.274400e-03;4.962056e-02;1.687174e-02;7.823334e-03;2.133458e-01;1.013249e-02;4.859492e-03;4.264858e-03
9.968988e-02;3.607301e-01;1.059130e-01;8.051553e-02;4.654343e-03;5.805757e-02;8.939900e-03;5.633898e-03;2.605843e-01;8.437491e-03;3.384636e-03;3.459445e-03
9.513085e-02;3.405967e-01;1.013486e-01;8.008744e-02;6.047671e-03;7.125100e-02;7.606094e-03;1.228395e-02;2.663928e-01;1.202962e-02;2.232475e-03;4.992784e-03
8.984991e-02;3.506149e-01;9.060665e-02;6.335187e-02;5.197151e-03;7.656784e-02;1.205782e-02;8.922009e-03;2.837186e-01;1.104173e-02;2.048473e-03;6.022987e-03
6.178949e-02;3.429912e-01;1.213549e-01;3.919562e-02;5.966962e-03;7.481439e-02;6.901628e-03;7.701929e-03;3.126725e-01;1.634393e-02;2.136619e-03;8.130803e-03
5.077548e-02;3.288853e-01;1.394175e-01;1.915029e-02;4.557571e-03;6.604540e-02;8.306378e-03;1.071515e-02;3.431339e-01;1.655651e-02;3.727152e-03;8.729337e-03
9.510982e-02;3.068217e-01;1.157915e-01;1.594923e-02;7.629399e-03;5.154870e-02;1.116967e-02;1.930536e-02;3.538159e-01;1.028518e-02;3.818149e-03;8.755442e-03
1.535124e-01;2.695022e-01;1.008935e-01;2.294054e-02;9.934929e-03;4.419198e-02;7.499928e-03;3.126034e-02;3.308968e-01;1.318579e-02;4.665490e-03;1.151608e-02
1.810875e-01;2.476072e-01;1.141019e-01;3.215135e-02;1.242243e-02;3.725868e-02;1.973757e-02;2.860316e-02;2.813186e-01;2.095036e-02;7.646027e-03;1.711516e-02
1.253947e-01;2.332547e-01;2.251850e-01;2.899544e-02;1.977726e-02;3.282906e-02;1.689832e-02;2.240438e-02;2.285086e-01;3.660432e-02;1.321610e-02;1.693203e-02
9.571181e-02;2.304344e-01;2.809517e-01;2.965416e-02;1.776044e-02;4.146427e-02;2.652788e-02;2.068129e-02;1.960659e-01;3.095055e-02;1.653906e-02;1.325855e-02
1.590412e-01;2.092741e-01;2.306266e-01;4.545502e-02;1.320254e-02;4.483647e-02;4.179224e-02;2.612752e-02;1.709764e-01;1.906049e-02;1.862621e-02;2.098123e-02
1.574480e-01;1.902882e-01;1.716638e-01;8.057395e-02;1.945552e-02;5.912278e-02;5.983031e-02;4.195328e-02;1.391629e-01;2.647257e-02;2.427461e-02;2.975406e-02
1.105379e-01;1.712973e-01;1.713034e-01;1.208019e-01;3.720490e-02;5.798790e-02;7.839540e-02;3.888850e-02;1.064751e-01;4.032543e-02;2.358934e-02;4.319295e-02
6.880856e-02;8.884196e-02;2.077779e-01;9.878227e-02;3.976069e-02;6.066483e-02;5.992490e-02;6.074947e-02;2.106190e-01;5.154118e-02;1.782285e-02;3.470637e-02
6.616667e-02;1.359114e-01;2.075268e-01;6.990527e-02;3.005012e-02;4.896525e-02;4.155366e-02;4.575743e-02;2.152464e-01;7.196909e-02;2.174781e-02;4.520007e-02
5.894927e-02;1.547494e-01;2.208703e-01;6.255505e-02;4.275107e-02;4.621352e-02;5.033098e-02;3.244841e-02;1.946016e-01;6.677304e-02;1.840725e-02;5.135014e-02
3.625104e-02;1.434268e-01;2.412375e-01;7.969280e-02;3.878650e-02;5.247234e-02;6.049174e-02;2.912652e-02;2.143514e-01;4.839749e-02;1.933603e-02;3.642987e-02
8.434740e-02;1.382960e-01;2.008036e-01;8.243117e-02;3.599532e-02;5.510811e-02;5.826437e-02;2.606932e-02;2.424420e-01;3.339993e-02;2.482712e-02;1.801565e-02
8.869094e-02;1.520506e-01;2.004573e-01;5.946212e-02;5.178403e-02;5.550724e-02;6.171530e-02;3.383168e-02;2.167840e-01;3.576101e-02;2.439074e-02;1.956511e-02
5.069750e-02;1.904768e-01;2.555500e-01;4.333329e-02;4.317640e-02;4.847062e-02;5.872471e-02;3.266387e-02;1.938639e-01;3.780809e-02;2.368559e-02;2.154916e-02
8.362057e-02;1.772182e-01;2.083088e-01;4.675508e-02;3.249016e-02;6.408686e-02;8.228020e-02;4.721610e-02;1.716587e-01;2.770161e-02;2.571489e-02;3.294883e-02
8.881866e-02;1.524929e-01;1.653581e-01;6.262784e-02;4.993073e-02;8.041401e-02;9.225252e-02;5.056615e-02;1.449374e-01;4.011511e-02;3.141466e-02;4.107190e-02
2.511417e-01;1.760075e-01;1.939159e-01;4.219669e-02;3.037431e-02;4.495925e-02;5.917492e-02;5.085106e-02;6.691950e-02;2.498889e-02;2.345031e-02;3.601997e-02
3.144389e-01;2.292075e-01;2.015468e-01;1.857101e-02;1.463699e-02;1.859465e-02;2.877444e-02;3.644741e-02;6.258158e-02;2.614024e-02;2.119595e-02;2.786464e-02
2.973855e-01;2.736527e-01;1.786045e-01;1.561227e-02;1.805197e-02;1.729892e-02;2.191148e-02;3.100486e-02;7.349873e-02;3.694012e-02;1.678813e-02;1.925082e-02
3.061086e-01;3.017815e-01;1.487021e-01;1.541694e-02;1.684790e-02;2.031017e-02;2.275433e-02;2.702124e-02;8.003313e-02;3.631727e-02;1.087182e-02;1.383500e-02
3.559320e-01;2.928960e-01;1.213415e-01;9.887164e-03;2.076301e-02;2.032576e-02;2.520410e-02;3.173770e-02;6.740101e-02;2.947112e-02;1.063824e-02;1.440237e-02
3.431369e-01;2.684583e-01;1.332019e-01;1.595408e-02;2.955430e-02;2.244815e-02;3.034977e-02;3.995873e-02;4.902610e-02;2.177810e-02;2.000573e-02;2.612784e-02
2.155520e-01;2.787012e-01;1.520067e-01;1.675353e-02;2.663416e-02;2.394485e-02;4.555186e-02;5.099011e-02;8.001728e-02;3.146279e-02;3.856724e-02;3.981829e-02
1.981349e-01;2.783548e-01;1.167480e-01;2.490845e-02;2.306873e-02;2.440078e-02;5.700056e-02;5.023792e-02;1.148965e-01;4.389291e-02;3.702247e-02;3.133400e-02
3.012257e-01;2.127582e-01;5.624338e-02;3.133358e-02;3.326885e-02;3.356391e-02;4.651364e-02;4.644253e-02;1.374170e-01;3.760789e-02;3.190703e-02;3.171819e-02
3.095722e-01;1.810717e-01;5.390059e-02;3.465525e-02;3.936830e-02;3.628829e-02;5.057209e-02;7.266368e-02;1.298210e-01;3.769247e-02;2.516953e-02;2.922476e-02
3.140786e-01;1.459354e-01;8.523829e-02;2.703211e-02;4.866464e-02;3.281713e-02;8.007254e-02;8.303051e-02;8.344737e-02;3.628210e-02;2.926815e-02;3.413316e-02
2.591664e-01;1.233021e-01;8.428235e-02;2.148075e-02;5.863781e-02;3.973900e-02;1.368642e-01;8.286098e-02;8.679778e-02;4.427673e-02;3.058023e-02;3.201171e-02
1.973285e-01;1.382207e-01;1.179743e-01;2.346961e-02;3.785401e-02;2.815918e-02;1.792384e-01;7.468031e-02;9.642925e-02;3.869538e-02;3.171454e-02;3.623586e-02
1.627897e-01;8.798615e-02;1.165894e-01;3.708646e-02;3.469729e-02;3.069207e-02;2.032677e-01;6.508799e-02;8.928583e-02;5.415883e-02;5.897370e-02;5.938486e-02
1.473836e-01;5.224160e-02;1.350678e-01;7.233755e-02;4.825368e-02;3.199677e-02;1.748204e-01;7.623675e-02;9.788760e-02;5.137784e-02;5.559603e-02;5.680029e-02
1.506989e-01;1.129391e-01;1.420006e-01;6.981932e-02;7.307827e-02;2.263347e-02;1.202035e-01;6.550342e-02;1.078485e-01;4.710670e-02;4.731550e-02;4.085265e-02
1.260334e-01;1.475824e-01;1.170074e-01;6.718395e-02;9.467448e-02;3.402506e-02;9.680735e-02;7.064601e-02;1.222419e-01;4.853881e-02;3.744855e-02;3.781063e-02
9.840210e-02;1.199864e-01;1.426976e-01;5.325092e-02;7.961211e-02;7.164853e-02;1.018398e-01;9.124090e-02;1.135153e-01;6.052115e-02;4.179845e-02;2.548681e-02
1.157938e-01;9.744375e-02;1.284508e-01;5.890230e-02;6.562505e-02;9.519784e-02;1.236592e-01;9.222823e-02;9.095651e-02;6.528153e-02;3.905594e-02;2.740502e-02
1.390402e-01;7.683566e-02;1.670374e-01;7.089680e-02;6.940865e-02;7.325367e-02;9.170391e-02;8.673643e-02;8.015931e-02;5.716779e-02;5.937085e-02;2.838937e-02
1.442007e-01;8.824800e-02;1.366355e-01;8.170496e-02;6.837802e-02;7.090268e-02;7.471319e-02;8.699120e-02;6.688862e-02;6.670126e-02;7.258434e-02;4.205154e-02
1.551594e-01;9.912700e-02;1.203531e-01;8.900113e-02;7.564073e-02;8.109587e-02;8.067888e-02;7.198467e-02;3.746988e-02;5.701794e-02;6.207858e-02;7.039275e-02
1.640066e-01;1.055609e-01;1.727367e-01;7.598839e-02;5.848004e-02;7.548244e-02;1.080323e-01;5.441795e-02;5.704657e-02;4.475448e-02;3.120726e-02;5.228649e-02
1.223341e-01;1.022851e-01;1.690372e-01;5.514518e-02;5.928447e-02;9.296005e-02;1.574075e-01;7.310319e-02;8.726210e-02;3.725733e-02;1.847993e-02;2.544384e-02
7.504832e-02;4.184558e-02;3.014464e-01;5.883958e-02;6.028290e-02;7.272299e-02;1.780987e-01;4.357610e-02;7.053263e-02;4.437455e-02;2.691959e-02;2.631264e-02
2.748697e-02;6.442020e-02;4.514733e-01;9.180929e-02;6.801961e-02;4.521823e-02;1.191458e-01;2.058141e-02;2.800064e-02;4.108492e-02;2.850281e-02;1.425691e-02
2.329544e-02;5.357544e-02;4.926774e-01;1.209024e-01;6.965970e-02;4.627875e-02;7.858405e-02;2.239739e-02;1.778409e-02;3.384047e-02;3.189521e-02;9.109687e-03
1.710929e-02;4.019846e-02;5.293831e-01;1.588299e-01;5.118872e-02;3.779512e-02;5.265060e-02;1.898408e-02;1.374122e-02;3.148966e-02;4.156903e-02;7.060773e-03
5.885669e-03;3.704138e-02;3.882817e-01;2.315774e-01;1.020650e-01;3.775662e-02;5.400487e-02;4.604192e-02;1.277008e-02;1.902051e-02;5.221107e-02;1.334380e-02
9.896358e-03;3.647307e-02;2.561509e-01;2.645584e-01;1.792060e-01;3.899857e-02;6.287467e-02;6.026375e-02;1.691772e-02;1.137232e-02;3.930578e-02;2.398254e-02
1.538806e-02;2.738130e-02;2.010990e-01;2.591190e-01;2.520950e-01;5.427395e-02;7.744277e-02;3.439238e-02;1.793582e-02;1.453883e-02;1.843050e-02;2.790337e-02
1.591166e-02;1.693629e-02;2.875039e-01;2.065565e-01;2.597131e-01;4.816497e-02;5.763586e-02;2.212377e-02;1.511656e-02;1.599074e-02;2.151652e-02;3.283011e-02
1.199846e-02;1.556982e-02;2.715942e-01;1.588805e-01;2.679338e-01;4.677528e-02;8.449645e-02;2.727414e-02;1.879479e-02;1.383584e-02;3.714353e-02;4.570327e-02
1.466411e-02;1.490745e-02;1.999907e-01;1.593188e-01;2.826411e-01;5.091980e-02;9.409204e-02;2.661461e-02;5.514311e-02;1.565699e-02;3.906220e-02;4.698897e-02
1.555028e-02;1.994421e-02;1.991713e-01;1.621471e-01;2.715990e-01;5.285347e-02;8.946433e-02;2.947192e-02;7.106913e-02;2.023568e-02;2.752834e-02;4.096526e-02
1.501462e-02;2.166433e-02;2.082954e-01;1.460070e-01;2.719092e-01;6.633119e-02;8.584694e-02;2.599277e-02;4.026341e-02;2.666066e-02;1.204003e-02;7.997443e-02
1.886824e-02;2.094200e-02;1.743577e-01;1.224115e-01;2.765828e-01;6.717133e-02;8.339959e-02;1.628735e-02;5.182879e-02;2.324783e-02;9.308653e-03;1.355942e-01
2.264738e-02;2.151556e-02;1.753481e-01;8.264855e-02;2.658942e-01;7.951488e-02;8.292752e-02;1.352397e-02;7.320262e-02;1.721920e-02;8.815483e-03;1.567426e-01
2.494666e-02;2.465906e-02;2.122152e-01;4.139005e-02;2.330196e-01;1.088594e-01;1.151835e-01;1.453082e-02;8.125853e-02;1.137352e-02;5.641596e-03;1.269222e-01
2.767033e-02;2.012834e-02;2.286043e-01;3.628535e-02;2.327294e-01;1.332095e-01;1.329816e-01;1.223299e-02;6.830078e-02;1.173128e-02;7.397149e-03;8.872892e-02
3.043871e-02;1.175189e-02;1.990537e-01;4.336279e-02;2.662966e-01;1.736300e-01;1.261020e-01;2.215310e-02;4.254873e-02;1.387507e-02;8.398668e-03;6.238873e-02
4.157654e-02;8.835741e-03;1.383597e-01;4.084398e-02;2.927122e-01;2.115461e-01;1.411754e-01;1.952621e-02;3.462020e-02;1.548830e-02;1.761601e-02;3.769954e-02
4.839899e-02;8.887789e-03;9.252004e-02;3.792714e-02;2.802269e-01;2.333158e-01;1.741767e-01;2.155620e-02;2.429953e-02;1.547196e-02;1.783595e-02;4.538303e-02
3.370339e-02;1.147343e-02;9.349056e-02;3.852473e-02;2.473619e-01;2.659070e-01;2.042753e-01;1.803547e-02;2.445942e-02;1.115133e-02;9.582126e-03;4.203532e-02
4.988629e-02;1.332918e-02;7.593368e-02;3.821218e-02;2.289528e-01;2.864073e-01;2.282055e-01;1.498875e-02;2.602557e-02;9.133514e-03;9.871664e-03;1.905357e-02
5.372409e-02;1.471583e-02;4.261432e-02;3.418527e-02;2.649490e-01;2.649082e-01;1.986288e-01;1.834007e-02;3.914598e-02;9.763512e-03;1.186097e-02;4.716395e-02
4.334047e-02;1.323493e-02;5.777958e-02;3.490254e-02;3.052024e-01;2.302297e-01;1.995779e-01;2.381943e-02;3.901999e-02;1.199576e-02;9.198946e-03;3.169839e-02
2.649134e-02;1.035024e-02;1.105948e-01;3.840294e-02;3.470650e-01;1.730067e-01;1.718321e-01;2.069850e-02;3.520295e-02;1.431710e-02;9.468392e-03;4.257003e-02
1.420248e-02;1.355384e-02;1.690288e-01;8.454991e-02;3.283481e-01;1.178076e-01;1.419372e-01;1.353322e-02;4.948630e-02;1.556954e-02;6.931902e-03;4.505109e-02
2.237414e-02;3.167392e-02;3.078281e-01;1.528248e-01;1.800346e-01;7.368344e-02;1.089696e-01;1.126714e-02;3.599126e-02;1.658985e-02;1.788092e-02;4.088225e-02
2.164901e-02;4.043575e-02;4.264203e-01;1.433871e-01;1.023636e-01;5.397664e-02;9.537454e-02;1.537680e-02;2.364206e-02;1.932158e-02;2.489057e-02;3.316210e-02
3.513804e-02;6.766147e-02;4.547066e-01;8.481149e-02;1.240956e-01;5.592270e-02;6.637461e-02;1.320221e-02;2.324226e-02;2.881690e-02;2.773908e-02;1.828907e-02
8.293629e-02;1.285119e-01;3.919783e-01;4.079213e-02;9.073997e-02;5.484222e-02;8.564591e-02;1.158228e-02;2.779925e-02;2.495045e-02;2.827681e-02;3.194454e-02
1.496063e-01;1.518342e-01;3.521988e-01;2.930142e-02;7.644253e-02;4.691294e-02;7.286976e-02;1.339893e-02;2.003213e-02;1.769053e-02;3.346505e-02;3.624751e-02
1.961258e-01;1.207008e-01;2.774368e-01;3.905119e-02;9.546833e-02;4.668908e-02;7.859175e-02;2.049862e-02;1.929460e-02;1.720290e-02;4.353746e-02;4.540269e-02
1.559890e-01;6.862615e-02;2.357812e-01;5.285907e-02;9.746012e-02;5.308319e-02;1.323467e-01;3.052638e-02;2.819302e-02;3.609324e-02;6.201204e-02;4.702991e-02
9.323985e-02;5.013836e-02;2.545178e-01;4.932407e-02;9.698763e-02;5.630543e-02;1.414692e-01;3.632247e-02;4.969123e-02;4.023360e-02;6.295420e-02;6.881606e-02
7.876572e-02;6.582921e-02;2.941397e-01;5.462804e-02;9.352659e-02;5.396164e-02;1.091677e-01;5.172215e-02;4.710199e-02;3.443053e-02;4.281539e-02;7.391125e-02
6.729943e-02;7.130440e-02;2.889793e-01;4.924971e-02;1.090188e-01;5.996576e-02;1.251925e-01;4.749278e-02;4.110092e-02;3.906492e-02;4.549478e-02;5.583670e-02
1.646270e-01;5.322200e-02;2.124985e-01;4.328166e-02;9.464318e-02;5.282309e-02;1.381371e-01;4.680919e-02;5.073697e-02;4.802317e-02;3.479224e-02;6.040598e-02
2.924715e-01;9.283030e-02;1.457343e-01;2.864190e-02;7.183035e-02;3.587527e-02;1.006350e-01;5.207259e-02;3.718533e-02;5.616501e-02;3.212004e-02;5.443840e-02
3.801147e-01;1.796024e-01;1.011801e-01;2.473509e-02;4.965862e-02;2.884065e-02;8.078846e-02;3.624240e-02;2.726306e-02;3.540610e-02;2.035635e-02;3.581211e-02
3.908750e-01;2.313490e-01;1.476312e-01;1.860029e-02;2.602904e-02;2.084171e-02;3.862713e-02;2.155358e-02;3.426432e-02;2.091937e-02;1.707793e-02;3.223139e-02
3.822448e-01;2.282434e-01;1.744545e-01;1.616932e-02;3.205622e-02;1.350512e-02;2.778899e-02;3.921763e-02;2.841606e-02;1.617992e-02;1.096725e-02;3.075685e-02
4.011516e-01;2.026217e-01;1.614005e-01;1.307649e-02;4.513096e-02;1.397089e-02;2.820024e-02;4.763696e-02;2.118410e-02;1.505580e-02;1.490183e-02;3.566898e-02
3.765862e-01;1.657488e-01;1.811504e-01;1.272954e-02;5.742137e-02;1.875952e-02;3.222215e-02;4.964961e-02;1.746190e-02;1.847746e-02;2.311740e-02;4.667565e-02
3.109801e-01;1.376292e-01;1.673503e-01;1.566786e-02;6.526030e-02;2.620927e-02;5.678748e-02;5.506052e-02;2.662878e-02;3.446644e-02;3.387749e-02;7.008232e-02
2.756584e-01;1.349558e-01;2.004194e-01;2.226519e-02;3.676136e-02;2.310610e-02;7.753027e-02;5.696996e-02;4.401850e-02;3.258096e-02;3.314197e-02;6.259214e-02
3.302911e-01;1.519981e-01;1.429276e-01;1.560983e-02;2.986834e-02;2.244042e-02;8.933081e-02;4.871763e-02;4.851004e-02;2.689519e-02;3.190366e-02;6.150732e-02
3.051074e-01;1.485703e-01;1.175109e-01;1.716848e-02;3.195202e-02;3.162190e-02;1.119089e-01;2.717928e-02;4.325293e-02;4.647369e-02;4.223804e-02;7.701620e-02
1.813373e-01;1.522128e-01;1.308807e-01;3.202674e-02;5.404451e-02;3.572024e-02;1.225873e-01;5.291701e-02;4.844532e-02;4.311620e-02;6.682053e-02;7.989132e-02
2.062911e-01;9.615950e-02;1.636973e-01;5.517929e-02;7.244679e-02;5.345689e-02;6.702809e-02;4.683790e-02;7.831340e-02;4.543740e-02;4.743988e-02;6.771245e-02
2.854685e-01;1.676900e-01;1.497475e-01;3.832633e-02;6.257012e-02;3.930160e-02;4.981992e-02;2.715429e-02;6.620301e-02;3.692895e-02;2.936610e-02;4.742367e-02
3.268391e-01;2.226019e-01;1.947757e-01;1.980873e-02;3.792969e-02;1.930822e-02;3.710362e-02;2.465214e-02;4.665565e-02;2.508143e-02;1.547001e-02;2.977380e-02
3.506267e-01;2.570692e-01;2.164282e-01;1.848054e-02;1.323672e-02;1.264471e-02;2.956602e-02;1.715756e-02;3.288679e-02;1.652496e-02;1.088929e-02;2.448935e-02
3.332944e-01;2.454937e-01;2.309332e-01;1.784891e-02;1.241175e-02;1.422676e-02;2.947050e-02;2.263840e-02;2.919042e-02;1.871710e-02;1.356996e-02;3.220492e-02
2.320688e-01;2.273497e-01;2.793733e-01;2.057978e-02;2.412534e-02;2.293824e-02;3.992085e-02;2.914190e-02;2.634023e-02;2.790800e-02;2.719393e-02;4.305997e-02
1.389108e-01;2.427064e-01;2.428264e-01;3.001791e-02;4.052922e-02;2.988229e-02;7.251871e-02;2.936560e-02;2.754563e-02;4.647233e-02;3.885578e-02;6.036896e-02
2.874338e-01;1.956599e-01;1.402501e-01;3.438481e-02;3.759296e-02;2.769335e-02;6.279733e-02;5.356127e-02;4.410468e-02;4.623429e-02;3.175818e-02;3.852944e-02
2.697459e-01;1.835471e-01;1.745224e-01;4.427353e-02;2.970051e-02;3.874626e-02;5.065852e-02;6.717915e-02;3.769103e-02;3.643856e-02;3.032381e-02;3.717319e-02
2.650394e-01;1.609871e-01;1.383913e-01;5.202348e-02;3.512482e-02;4.896906e-02;8.125275e-02;3.775416e-02;4.802794e-02;2.706856e-02;4.453477e-02;6.082665e-02
2.617255e-01;1.361335e-01;1.140107e-01;2.900852e-02;4.000447e-02;5.981763e-02;1.007751e-01;2.431688e-02;5.289780e-02;3.346404e-02;5.527497e-02;9.257092e-02
2.372146e-01;1.086051e-01;1.248835e-01;2.543921e-02;6.450418e-02;4.802017e-02;8.540785e-02;2.374854e-02;6.333254e-02;7.073881e-02;5.102021e-02;9.708533e-02
1.890212e-01;9.241835e-02;1.270595e-01;4.450373e-02;8.594840e-02;6.520607e-02;1.128215e-01;3.655590e-02;8.045030e-02;6.419651e-02;4.309076e-02;5.872775e-02
1.720376e-01;7.481213e-02;1.426908e-01;5.094012e-02;8.770726e-02;7.148415e-02;1.416517e-01;6.903825e-02;8.965402e-02;4.012013e-02;2.735817e-02;3.250567e-02
1.927515e-01;1.029824e-01;1.265756e-01;4.410313e-02;8.511248e-02;4.938009e-02;1.427019e-01;6.879528e-02;6.929899e-02;2.779446e-02;3.382596e-02;5.667823e-02
1.677880e-01;1.134782e-01;8.500262e-02;4.554025e-02;8.720719e-02;4.813826e-02;1.666849e-01;6.687204e-02;7.800990e-02;3.335126e-02;4.295420e-02;6.497312e-02
8.026894e-02;1.140298e-01;9.083597e-02;5.928650e-02;8.627559e-02;5.488820e-02;1.842935e-01;6.871257e-02;9.461007e-02;3.823192e-02;4.301015e-02;8.555681e-02
1.047997e-01;5.118725e-02;2.643059e-01;8.380025e-02;6.643867e-02;5.590838e-02;1.048291e-01;8.243454e-02;7.061899e-02;5.006425e-02;1.607610e-02;4.953692e-02
8.583871e-02;9.133086e-02;2.910249e-01;5.839249e-02;5.391616e-02;5.021499e-02;9.262724e-02;5.934612e-02;1.002825e-01;5.296962e-02;1.844012e-02;4.561621e-02
7.304526e-02;1.421610e-01;2.897580e-01;3.696727e-02;3.440306e-02;4.704314e-02;7.674654e-02;3.958319e-02;1.427969e-01;4.877315e-02;1.213294e-02;5.658954e-02
6.327146e-02;2.051139e-01;2.911644e-01;2.402094e-02;1.605063e-02;3.839114e-02;4.715217e-02;2.750840e-02;1.891692e-01;3.779254e-02;6.897459e-03;5.346778e-02
8.411281e-02;2.567661e-01;2.899264e-01;2.167778e-02;8.389338e-03;3.214523e-02;2.747382e-02;2.144608e-02;1.923034e-01;2.016109e-02;6.493928e-03;3.910392e-02
1.450060e-01;2.542063e-01;2.773586e-01;1.844333e-02;1.237141e-02;3.563888e-02;2.720179e-02;2.796105e-02;1.494181e-01;9.737344e-03;6.357108e-03;3.630021e-02
1.760523e-01;2.223095e-01;2.809058e-01;2.096870e-02;2.100705e-02;4.145575e-02;3.474384e-02;3.123324e-02;1.237803e-01;1.411719e-02;7.029836e-03;2.639645e-02
1.144912e-01;1.940171e-01;3.654150e-01;2.970769e-02;2.558046e-02;4.120571e-02;3.003489e-02;3.031954e-02;1.236816e-01;1.874234e-02;8.358335e-03;1.844614e-02
6.726511e-02;1.897760e-01;4.507646e-01;2.605372e-02;1.643229e-02;4.993930e-02;1.538369e-02;2.233670e-02;1.198064e-01;1.338050e-02;9.598088e-03;1.926353e-02
6.812536e-02;1.887517e-01;4.567975e-01;2.417989e-02;8.523943e-03;6.155910e-02;2.087658e-02;2.752006e-02;1.040889e-01;1.557814e-02;5.430475e-03;1.856830e-02
3.351616e-02;1.952954e-01;4.691098e-01;2.926267e-02;1.113820e-02;8.334959e-02;2.905376e-02;2.475971e-02;8.492144e-02;1.775472e-02;6.933771e-03;1.490476e-02
4.974803e-02;2.107825e-01;4.460451e-01;3.827096e-02;1.422032e-02;8.668596e-02;2.841450e-02;1.356926e-02;7.349610e-02;1.682807e-02;9.307880e-03;1.263129e-02
9.585535e-02;2.615106e-01;3.473010e-01;3.495007e-02;1.965960e-02;7.256453e-02;2.345589e-02;1.892832e-02;7.775963e-02;1.730463e-02;1.534367e-02;1.536671e-02
1.627906e-01;2.478686e-01;2.792943e-01;2.151375e-02;2.389017e-02;6.793920e-02;5.449874e-02;2.666373e-02;6.208171e-02;1.768464e-02;1.394770e-02;2.182685e-02
2.460610e-01;2.639129e-01;1.868162e-01;1.383430e-02;1.843603e-02;7.295271e-02;6.457781e-02;2.140738e-02;5.188992e-02;2.657722e-02;1.272952e-02;2.080513e-02
3.200927e-01;2.683103e-01;1.156264e-01;7.987675e-03;1.918381e-02;5.427995e-02;9.023800e-02;2.259164e-02;3.999094e-02;3.648611e-02;9.437150e-03;1.577533e-02
3.505682e-01;2.305643e-01;1.304981e-01;1.177434e-02;3.078758e-02;2.321860e-02;9.841479e-02;2.475014e-02;4.109091e-02;2.909886e-02;1.083816e-02;1.839596e-02
3.309742e-01;1.845486e-01;1.955426e-01;1.302873e-02;4.477043e-02;2.278931e-02;7.707874e-02;3.413698e-02;4.589502e-02;1.831847e-02;1.398886e-02;1.892812e-02
3.057278e-01;1.362885e-01;2.575710e-01;1.509321e-02;5.947008e-02;2.213934e-02;6.637672e-02;3.819819e-02;4.231533e-02;1.858167e-02;1.603534e-02;2.220287e-02
3.087323e-01;1.173488e-01;2.657327e-01;1.379931e-02;6.761517e-02;1.764919e-02;6.115800e-02;5.061989e-02;3.359201e-02;2.261257e-02;1.765550e-02;2.348455e-02
3.047337e-01;1.334963e-01;2.306338e-01;1.361066e-02;7.596460e-02;2.200701e-02;5.596757e-02;6.949466e-02;3.814891e-02;1.856905e-02;1.425815e-02;2.311567e-02
3.105396e-01;1.352774e-01;1.930690e-01;1.547246e-02;8.417023e-02;1.920997e-02;6.300258e-02;7.442053e-02;3.416106e-02;2.212230e-02;2.060081e-02;2.795410e-02
3.406222e-01;1.247522e-01;1.419367e-01;1.281300e-02;9.531689e-02;1.705060e-02;5.948875e-02;1.017243e-01;3.407732e-02;2.207849e-02;1.801355e-02;3.212605e-02
3.658408e-01;8.650806e-02;1.074966e-01;1.831065e-02;8.873413e-02;2.418461e-02;5.415538e-02;1.384026e-01;2.991561e-02;2.720916e-02;2.030561e-02;3.893683e-02
3.828361e-01;6.767576e-02;9.422312e-02;3.510736e-02;4.963719e-02;3.954190e-02;7.392140e-02;1.134729e-01;3.338769e-02;2.071155e-02;2.479567e-02;6.468933e-02
4.128536e-01;7.440400e-02;4.438653e-02;6.409948e-02;3.242148e-02;4.124238e-02;1.057462e-01;4.835333e-02;3.512168e-02;2.754446e-02;2.717759e-02;8.664933e-02
4.024460e-01;1.113824e-01;4.522608e-02;7.470334e-02;2.281659e-02;4.370241e-02;1.021912e-01;4.835821e-02;3.219835e-02;2.225144e-02;1.371258e-02;8.101140e-02
3.484251e-01;1.286324e-01;5.798516e-02;8.174530e-02;1.354853e-02;4.288051e-02;1.168153e-01;5.660797e-02;2.215864e-02;2.153607e-02;1.774264e-02;9.192242e-02
2.442098e-01;1.211558e-01;4.128478e-02;1.047546e-01;1.404695e-02;2.997683e-02;1.972829e-01;5.538813e-02;1.687127e-02;2.757677e-02;2.381366e-02;1.236386e-01
9.884422e-02;8.392593e-02;2.367877e-02;1.358377e-01;1.403600e-02;3.138127e-02;3.201298e-01;6.232452e-02;2.383190e-02;2.589846e-02;2.505440e-02;1.550570e-01
6.229300e-02;4.757597e-02;2.403133e-02;1.339640e-01;1.584044e-02;2.895913e-02;3.747499e-01;7.393374e-02;2.266152e-02;3.781856e-02;2.200477e-02;1.561676e-01
1.131490e-01;2.767742e-02;2.825242e-02;1.166367e-01;1.033539e-02;2.122087e-02;3.669697e-01;8.538295e-02;1.507111e-02;4.961582e-02;2.080394e-02;1.448846e-01
1.877536e-01;2.842365e-02;2.619744e-02;8.725876e-02;2.998498e-02;2.641905e-02;2.933340e-01;1.252710e-01;2.696153e-02;4.289654e-02;1.455006e-02;1.109494e-01
2.581235e-01;8.799578e-02;5.129378e-02;4.954679e-02;7.453959e-02;2.524817e-02;1.775521e-01;1.339266e-01;5.145505e-02;2.411080e-02;1.241229e-02;5.379558e-02
2.480182e-01;1.998869e-01;1.038279e-01;2.257799e-02;9.994496e-02;3.025177e-02;8.802113e-02;6.484942e-02;9.956206e-02;1.515506e-02;8.906140e-03;1.899850e-02
1.580337e-01;2.578837e-01;2.412639e-01;1.516633e-02;6.242193e-02;3.378519e-02;3.163840e-02;2.538933e-02;1.127650e-01;3.366961e-02;6.228237e-03;2.175462e-02
6.371770e-02;1.933037e-01;4.295233e-01;2.524340e-02;2.189409e-02;2.422906e-02;3.603780e-02;3.277794e-02;8.278306e-02;6.282048e-02;1.138557e-02;1.628388e-02
4.184561e-02;1.011242e-01;5.078845e-01;7.787607e-02;2.466935e-02;1.453960e-02;4.597008e-02;3.012877e-02;5.092930e-02;6.979422e-02;2.202623e-02;1.321205e-02
7.673617e-02;4.743874e-02;4.078223e-01;1.925446e-01;4.010410e-02;1.792703e-02;4.136026e-02;1.853109e-02;3.883387e-02;4.924064e-02;5.511092e-02;1.435038e-02
7.759354e-02;4.577082e-02;2.193639e-01;3.258753e-01;6.845798e-02;3.334904e-02;3.939207e-02;1.940438e-02;5.417684e-02;1.613994e-02;7.938336e-02;2.109274e-02
4.142517e-02;4.815955e-02;1.697771e-01;3.339098e-01;1.133693e-01;4.441975e-02;4.607198e-02;2.344310e-02;6.304048e-02;2.177990e-02;6.148804e-02;3.311589e-02
4.705422e-02;2.152817e-02;1.195085e-01;2.940148e-01;2.236348e-01;5.076380e-02;5.704486e-02;3.257145e-02;3.809248e-02;2.179011e-02;1.822541e-02;7.577138e-02
5.008711e-02;2.375242e-02;2.138690e-01;1.936173e-01;2.729533e-01;4.005299e-02;3.009814e-02;1.755712e-02;7.413572e-03;1.050398e-02;4.208075e-02;9.801423e-02
4.743990e-02;1.250457e-02;1.965374e-01;1.256884e-01;2.955234e-01;4.325251e-02;5.064401e-02;1.307030e-02;1.712808e-02;1.600887e-02;6.195681e-02;1.202457e-01
4.285420e-02;2.645464e-02;1.454760e-01;1.516140e-01;3.298603e-01;4.312095e-02;2.423032e-02;1.996253e-02;2.041140e-02;1.561643e-02;4.718548e-02;1.332137e-01
2.600168e-02;2.427413e-02;1.887666e-01;1.761967e-01;3.029130e-01;5.388441e-02;5.619670e-02;2.439724e-02;1.831994e-02;1.601474e-02;1.326612e-02;9.976873e-02
1.693726e-02;3.139324e-02;2.172314e-01;2.399065e-01;2.406143e-01;4.907074e-02;2.975849e-02;3.731224e-02;1.656064e-02;2.030145e-02;4.089257e-02;6.002129e-02
1.497490e-02;2.922302e-02;2.573899e-01;2.641746e-01;1.731159e-01;5.645155e-02;3.609727e-02;6.224405e-02;1.925195e-02;2.330948e-02;4.064811e-02;2.311927e-02
1.336897e-02;2.267970e-02;3.465818e-01;2.229134e-01;1.305445e-01;5.616780e-02;3.097210e-02;6.744942e-02;1.777976e-02;2.963326e-02;4.826235e-02;1.364709e-02
1.539955e-02;2.199634e-02;4.250546e-01;1.337284e-01;1.036465e-01;4.908776e-02;4.403570e-02;4.053831e-02;2.210419e-02;5.712856e-02;5.557262e-02;3.170745e-02
2.646517e-02;5.052429e-02;4.455444e-01;5.340145e-02;7.953682e-02;4.180569e-02;6.950177e-02;2.299937e-02;4.013795e-02;8.824189e-02;3.643292e-02;4.540827e-02
5.921033e-02;1.130035e-01;3.761536e-01;3.595194e-02;6.828057e-02;3.347910e-02;4.037888e-02;3.278938e-02;6.904110e-02;7.564370e-02;4.098821e-02;5.507976e-02
8.500021e-02;1.493701e-01;3.482999e-01;4.091366e-02;6.644186e-02;2.541575e-02;3.274598e-02;4.605743e-02;6.398773e-02;2.996707e-02;5.572454e-02;5.607569e-02
1.113036e-01;1.697717e-01;3.143923e-01;3.997773e-02;7.619469e-02;2.189776e-02;4.665977e-02;4.663207e-02;4.525828e-02;1.407103e-02;5.097839e-02;6.286276e-02
1.330175e-01;1.464319e-01;3.110161e-01;5.096477e-02;6.873823e-02;3.224697e-02;4.823388e-02;5.104651e-02;4.096278e-02;3.905819e-02;2.608103e-02;5.220215e-02
1.182738e-01;1.349104e-01;3.625132e-01;6.760114e-02;6.794035e-02;3.773112e-02;2.526582e-02;4.371383e-02;5.073815e-02;3.487742e-02;3.519291e-02;2.124191e-02
1.112107e-01;1.523085e-01;3.175322e-01;7.140186e-02;8.348098e-02;4.436821e-02;1.686419e-02;4.578696e-02;5.550705e-02;3.956239e-02;5.170441e-02;1.027259e-02
1.320107e-01;1.503868e-01;2.044397e-01;8.825553e-02;9.146728e-02;5.142002e-02;4.541416e-02;4.882235e-02;5.409200e-02;5.642080e-02;5.931560e-02;1.795505e-02
1.251018e-01;1.102081e-01;1.881014e-01;9.601450e-02;1.024683e-01;5.695785e-02;6.193435e-02;4.669325e-02;6.189064e-02;6.392735e-02;5.291321e-02;3.378932e-02
1.110220e-01;9.255167e-02;1.805181e-01;9.573980e-02;1.243486e-01;5.509987e-02;5.324202e-02;4.171231e-02;5.492335e-02;7.433011e-02;4.862667e-02;6.788548e-02
8.126976e-02;5.575543e-02;2.342144e-01;1.086599e-01;1.099159e-01;5.642906e-02;5.508044e-02;4.463143e-02;4.730379e-02;5.515499e-02;6.546248e-02;8.612240e-02
6.842622e-02;4.238564e-02;1.545240e-01;1.126527e-01;1.190258e-01;5.505582e-02;8.099753e-02;6.468222e-02;5.400533e-02;6.545522e-02;1.045848e-01;7.820466e-02
4.023629e-02;3.563097e-02;2.366625e-01;8.821023e-02;1.066283e-01;5.402027e-02;1.207642e-01;5.973440e-02;3.672400e-02;9.044631e-02;7.669890e-02;5.424362e-02
3.560426e-02;3.157480e-02;2.581941e-01;9.866115e-02;9.373056e-02;4.658422e-02;1.034234e-01;7.413122e-02;5.964259e-02;8.170094e-02;6.087782e-02;5.587498e-02
3.048637e-02;4.232904e-02;1.542912e-01;1.114483e-01;1.092558e-01;6.191501e-02;7.856103e-02;1.039614e-01;8.794626e-02;7.441846e-02;8.056682e-02;6.482032e-02
4.993577e-02;3.449248e-02;2.732001e-01;7.357757e-02;8.528777e-02;4.909432e-02;9.882116e-02;7.015979e-02;6.183938e-02;5.748136e-02;9.194472e-02;5.416558e-02
6.853341e-02;4.903690e-02;2.547463e-01;5.772749e-02;8.822108e-02;4.590349e-02;1.148926e-01;4.429892e-02;7.263374e-02;4.974344e-02;8.431451e-02;6.994806e-02
6.287665e-02;6.068168e-02;1.084627e-01;7.093501e-02;1.236931e-01;9.308743e-02;1.588112e-01;3.203873e-02;1.105464e-01;5.894258e-02;5.192291e-02;6.800160e-02
4.421826e-02;5.591256e-02;1.973609e-01;9.190426e-02;8.778956e-02;9.105680e-02;1.075789e-01;4.268977e-02;8.368253e-02;6.982255e-02;7.606154e-02;5.192246e-02
6.617213e-02;3.359769e-02;1.982143e-01;9.267916e-02;7.488506e-02;9.202385e-02;8.282874e-02;7.066370e-02;8.570967e-02;6.463823e-02;8.672514e-02;5.186234e-02
9.784938e-02;6.565786e-02;1.662815e-01;6.136021e-02;6.689240e-02;7.247598e-02;1.045726e-01;6.810036e-02;8.849482e-02;7.510234e-02;6.082124e-02;7.239132e-02
1.112257e-01;7.994350e-02;1.303019e-01;4.548430e-02;6.005874e-02;5.608214e-02;2.010551e-01;5.744004e-02;6.065959e-02;7.391199e-02;3.856468e-02;8.527232e-02
8.714904e-02;7.425319e-02;1.430692e-01;3.818548e-02;7.925677e-02;5.122598e-02;2.037797e-01;6.729662e-02;4.619053e-02;8.641507e-02;2.929022e-02;9.388811e-02
5.307724e-02;5.004833e-02;1.646050e-01;4.532197e-02;8.048943e-02;6.846526e-02;1.846775e-01;9.156138e-02;5.029539e-02;9.382790e-02;3.838582e-02;7.924475e-02
1.044036e-01;6.659854e-02;1.137758e-01;5.233097e-02;6.010328e-02;6.320769e-02;1.861649e-01;1.088653e-01;4.555230e-02;9.036429e-02;5.529207e-02;5.334122e-02
9.223859e-02;9.613616e-02;1.388441e-01;4.824801e-02;5.077501e-02;7.688101e-02;1.786183e-01;8.919963e-02;5.122355e-02;7.017339e-02;3.913290e-02;6.852935e-02
9.053113e-02;1.038293e-01;2.546372e-01;5.813091e-02;7.386609e-02;6.468982e-02;1.399252e-01;5.118570e-02;4.377180e-02;3.679458e-02;2.767799e-02;5.496030e-02
1.710163e-01;9.016790e-02;2.166518e-01;6.460211e-02;7.131528e-02;5.973670e-02;1.507734e-01;4.014188e-02;3.261986e-02;2.958470e-02;2.887809e-02;4.451190e-02
1.996319e-01;1.015436e-01;1.220463e-01;6.552919e-02;5.468429e-02;5.213146e-02;2.017801e-01;4.790501e-02;2.708462e-02;2.971862e-02;2.223054e-02;7.571438e-02
1.644090e-01;1.353872e-01;3.975751e-02;7.490993e-02;3.300098e-02;3.223268e-02;2.669548e-01;5.114927e-02;1.884968e-02;2.889295e-02;2.695111e-02;1.275049e-01
8.113093e-02;1.622517e-01;3.447731e-02;7.985591e-02;2.236884e-02;3.257173e-02;2.922925e-01;5.338274e-02;1.859591e-02;2.612729e-02;3.576428e-02;1.611808e-01
1.057236e-01;1.497158e-01;3.091815e-02;7.251368e-02;2.157409e-02;3.248503e-02;2.871030e-01;4.740818e-02;1.863486e-02;3.524330e-02;4.345071e-02;1.552296e-01
1.048853e-01;1.108925e-01;5.939562e-02;6.043735e-02;3.196716e-02;4.980316e-02;2.750348e-01;4.404758e-02;2.460688e-02;5.115842e-02;6.079025e-02;1.269810e-01
1.110462e-01;8.232723e-02;9.867147e-02;4.637239e-02;5.004047e-02;6.839051e-02;2.341422e-01;5.053522e-02;4.027082e-02;6.306171e-02;7.377768e-02;8.136407e-02
9.537212e-02;7.723060e-02;1.391143e-01;4.019815e-02;5.814273e-02;7.157928e-02;1.802267e-01;4.678010e-02;5.569628e-02;8.994299e-02;7.160696e-02;7.410977e-02
1.392408e-01;7.706272e-02;1.542252e-01;5.387410e-02;3.470084e-02;5.876284e-02;1.436058e-01;3.130173e-02;5.951042e-02;7.458435e-02;8.489090e-02;8.824035e-02
1.401483e-01;8.635271e-02;9.297315e-02;6.656890e-02;4.503418e-02;4.489262e-02;1.830913e-01;4.964080e-02;4.438311e-02;5.256614e-02;8.237592e-02;1.119729e-01
1.046720e-01;1.080472e-01;8.866984e-02;7.041160e-02;5.082323e-02;5.093176e-02;1.844605e-01;5.915039e-02;5.113261e-02;4.854211e-02;7.173969e-02;1.114191e-01
1.099629e-01;1.128141e-01;1.161371e-01;6.903867e-02;5.636692e-02;6.235548e-02;1.389371e-01;4.876545e-02;7.193049e-02;7.026947e-02;3.946982e-02;1.039525e-01
1.565842e-01;6.927232e-02;1.039916e-01;7.302244e-02;6.234035e-02;5.518808e-02;1.462870e-01;5.879861e-02;7.378561e-02;7.067834e-02;3.613765e-02;9.391370e-02
1.456875e-01;4.904813e-02;1.335407e-01;7.435224e-02;5.012999e-02;5.294560e-02;1.644614e-01;5.671115e-02;6.148366e-02;5.276671e-02;4.451887e-02;1.143539e-01
1.592775e-01;7.445313e-02;1.129922e-01;8.939184e-02;3.679299e-02;5.715914e-02;1.351918e-01;4.921801e-02;6.973379e-02;6.334096e-02;4.916932e-02;1.032793e-01
1.229595e-01;8.858486e-02;8.373670e-02;8.125430e-02;5.734075e-02;7.039380e-02;1.686545e-01;6.506160e-02;7.235533e-02;5.252249e-02;4.529360e-02;9.184263e-02
6.767572e-02;8.287264e-02;1.160475e-01;5.189241e-02;6.498756e-02;6.769469e-02;1.722228e-01;8.189214e-02;6.618884e-02;6.488899e-02;6.071512e-02;1.029216e-01
8.837087e-02;8.103778e-02;9.903517e-02;7.985035e-02;5.306168e-02;4.870417e-02;1.537199e-01;7.629040e-02;6.569207e-02;7.975895e-02;7.477988e-02;9.969883e-02
1.161697e-01;7.047573e-02;9.699673e-02;9.846152e-02;4.259687e-02;4.612776e-02;1.328915e-01;7.475103e-02;5.449034e-02;7.836952e-02;8.267219e-02;1.059972e-01
9.629730e-02;7.099836e-02;9.246589e-02;7.773922e-02;4.116193e-02;6.550124e-02;1.240524e-01;6.045095e-02;7.440904e-02;1.011345e-01;6.409915e-02;1.316900e-01
8.266006e-02;1.157239e-01;1.059170e-01;4.333898e-02;3.696705e-02;6.802750e-02;9.992121e-02;5.280707e-02;1.121154e-01;1.060579e-01;4.956102e-02;1.269029e-01
1.165812e-01;1.063755e-01;9.036884e-02;4.140860e-02;5.657981e-02;7.159320e-02;1.142909e-01;6.520832e-02;1.193450e-01;7.782833e-02;5.113012e-02;8.929013e-02
1.252232e-01;5.940554e-02;5.063308e-02;5.462257e-02;7.514725e-02;1.012433e-01;1.837274e-01;9.768958e-02;8.138186e-02;9.475370e-02;3.980234e-02;3.637014e-02
1.173022e-01;7.540688e-02;8.841889e-02;3.997241e-02;7.152452e-02;1.010961e-01;1.664533e-01;7.866188e-02;4.420216e-02;9.777987e-02;4.610895e-02;7.307284e-02
1.123500e-01;7.131831e-02;1.011337e-01;3.694851e-02;6.820594e-02;9.671450e-02;1.463187e-01;7.296060e-02;3.765123e-02;1.140239e-01;3.615793e-02;1.062167e-01
1.163355e-01;3.746859e-02;1.052669e-01;5.294744e-02;6.055290e-02;7.141262e-02;1.752346e-01;7.556923e-02;5.889354e-02;8.527993e-02;5.014601e-02;1.108928e-01
1.219116e-01;5.311209e-02;1.484119e-01;4.593094e-02;5.077148e-02;3.624881e-02;1.654890e-01;5.596536e-02;1.099136e-01;7.147618e-02;5.215361e-02;8.861536e-02
9.277618e-02;4.473236e-02;3.266855e-01;6.641076e-02;4.288552e-02;3.667464e-02;9.108858e-02;5.282232e-02;9.967342e-02;7.098407e-02;3.512369e-02;4.014288e-02
1.176878e-01;8.537596e-02;2.945577e-01;7.117687e-02;6.356388e-02;4.161162e-02;1.178648e-01;4.427496e-02;6.099774e-02;4.204105e-02;2.823462e-02;3.261297e-02
1.670813e-01;1.036882e-01;2.135573e-01;6.408832e-02;6.756038e-02;4.543776e-02;1.477677e-01;4.960997e-02;5.035002e-02;3.126046e-02;2.131882e-02;3.827967e-02
2.469490e-01;9.618261e-02;1.358078e-01;5.485872e-02;6.166003e-02;3.913898e-02;1.601609e-01;6.883997e-02;5.097460e-02;2.470105e-02;1.767616e-02;4.305022e-02
3.314461e-01;3.495928e-02;9.145311e-02;5.375198e-02;6.217926e-02;3.642639e-02;1.423164e-01;9.777615e-02;5.630579e-02;2.622519e-02;2.191118e-02;4.524909e-02
3.935862e-01;7.409193e-02;4.674320e-02;4.767621e-02;5.522379e-02;3.194704e-02;1.047767e-01;1.030653e-01;4.905686e-02;1.828698e-02;1.886239e-02;5.668344e-02
4.135879e-01;6.688298e-02;6.115219e-02;5.735886e-02;3.983596e-02;3.046492e-02;8.608853e-02;8.748723e-02;4.968201e-02;1.589863e-02;1.409204e-02;7.746878e-02
3.730697e-01;5.527138e-02;7.213825e-02;8.062832e-02;2.553392e-02;1.997550e-02;1.284539e-01;7.030033e-02;3.808497e-02;1.676995e-02;1.488269e-02;1.048911e-01
3.000213e-01;2.741214e-02;5.981189e-02;1.038027e-01;2.128435e-02;1.889781e-02;1.831740e-01;9.303852e-02;2.366490e-02;2.268159e-02;1.958369e-02;1.266272e-01
2.275977e-01;2.247601e-02;3.937508e-02;1.004823e-01;1.915487e-02;2.692401e-02;2.221514e-01;1.381750e-01;3.329087e-02;2.371417e-02;2.364949e-02;1.230091e-01
1.943198e-01;2.052804e-02;6.196596e-02;9.476046e-02;3.007348e-02;3.256267e-02;2.192354e-01;1.594013e-01;3.969463e-02;2.451687e-02;1.907990e-02;1.038614e-01
2.151483e-01;2.865698e-02;8.105514e-02;8.277924e-02;4.783554e-02;4.040482e-02;1.768174e-01;1.580552e-01;4.107952e-02;2.900547e-02;1.984313e-02;7.931919e-02
2.738540e-01;5.761329e-02;8.098221e-02;5.526016e-02;4.567444e-02;4.267556e-02;1.324002e-01;1.476909e-01;5.371435e-02;2.554617e-02;2.784280e-02;5.674593e-02
2.776257e-01;6.207882e-02;9.510992e-02;4.963116e-02;2.727321e-02;3.947479e-02;1.246525e-01;1.281737e-01;4.683467e-02;4.052909e-02;3.437636e-02;7.424004e-02
