8.989402e-02;6.919306e-02;1.348807e-01;1.300301e-01;8.609909e-02;6.566916e-02;1.693439e-01;5.541304e-02;6.704564e-02;5.309923e-02;4.132247e-02;3.800964e-02
6.648340e-02;3.822274e-02;1.228606e-01;1.683488e-01;1.456424e-01;1.144384e-01;1.322293e-01;5.260967e-02;5.850882e-02;4.378792e-02;2.810732e-02;2.876064e-02
3.697965e-02;4.082236e-02;1.174782e-01;1.276832e-01;1.513098e-01;1.423962e-01;1.676168e-01;8.159880e-02;4.313704e-02;3.508180e-02;3.547697e-02;2.041924e-02
3.945767e-02;4.733178e-02;1.614083e-01;5.592932e-02;1.058066e-01;9.941470e-02;2.121170e-01;9.795991e-02;4.221779e-02;6.111425e-02;4.982813e-02;2.741469e-02
5.328694e-02;7.103023e-02;1.475123e-01;5.588314e-02;6.136445e-02;7.154019e-02;1.961446e-01;7.533178e-02;5.749223e-02;1.039473e-01;7.079919e-02;3.566768e-02
7.813350e-02;7.602621e-02;1.559971e-01;4.576279e-02;6.745294e-02;6.964860e-02;1.886548e-01;3.526287e-02;4.917755e-02;1.041005e-01;9.195951e-02;3.782363e-02
8.756285e-02;7.118110e-02;1.611288e-01;5.878000e-02;6.934376e-02;6.905350e-02;1.699734e-01;2.932671e-02;4.301250e-02;7.569081e-02;1.075305e-01;5.741606e-02
6.384756e-02;5.353186e-02;1.278857e-01;8.520554e-02;5.385341e-02;6.643759e-02;1.646314e-01;5.075190e-02;5.840734e-02;7.800423e-02;1.127261e-01;8.471738e-02
5.796556e-02;4.566668e-02;4.557788e-02;9.495699e-02;4.132383e-02;6.541108e-02;1.444111e-01;5.615513e-02;7.998803e-02;1.173901e-01;1.383243e-01;1.128293e-01
4.264884e-02;4.317750e-02;1.552476e-01;6.425474e-02;3.904402e-02;6.680229e-02;1.376985e-01;4.907135e-02;6.329844e-02;1.173002e-01;1.354080e-01;8.604845e-02
4.893794e-02;4.084833e-02;1.786480e-01;3.240601e-02;4.736131e-02;7.136627e-02;1.528120e-01;5.817486e-02;4.191905e-02;1.205812e-01;1.339362e-01;7.300889e-02
5.763425e-02;3.513169e-02;1.982439e-01;2.322270e-02;4.092538e-02;4.590638e-02;1.159994e-01;3.485483e-02;3.636297e-02;1.408821e-01;2.008787e-01;6.995760e-02
3.269577e-02;2.152663e-02;1.049635e-01;1.446628e-02;2.880254e-02;5.073904e-02;7.365140e-02;1.970064e-02;4.882469e-02;1.954796e-01;3.250753e-01;8.407460e-02
2.246030e-02;1.652235e-02;1.042819e-01;9.225187e-03;1.850136e-02;7.352722e-02;5.082753e-02;9.765195e-03;5.987678e-02;2.005811e-01;3.560053e-01;7.842577e-02
2.174180e-02;1.418268e-02;7.961047e-02;1.276252e-02;1.902206e-02;9.533181e-02;5.777378e-02;1.335719e-02;5.339375e-02;1.933946e-01;3.617575e-01;7.767187e-02
3.549874e-02;1.421408e-02;9.149216e-02;1.647347e-02;2.193129e-02;1.047614e-01;7.201140e-02;1.475248e-02;4.393562e-02;1.826580e-01;3.322681e-01;7.000333e-02
1.206489e-01;6.994759e-02;1.239671e-01;1.783779e-02;3.724835e-02;6.244270e-02;1.080321e-01;4.275748e-02;3.406182e-02;9.696923e-02;1.779299e-01;1.081570e-01
1.774396e-01;1.294456e-01;2.012509e-01;2.070130e-02;2.791885e-02;3.043738e-02;7.860820e-02;4.413136e-02;5.310589e-02;4.363650e-02;8.155669e-02;1.117676e-01
1.734160e-01;1.962269e-01;2.558306e-01;2.195531e-02;1.661395e-02;1.567883e-02;3.964186e-02;3.112074e-02;8.029500e-02;3.505342e-02;4.169676e-02;9.247064e-02
1.222033e-01;2.883644e-01;3.048337e-01;2.039171e-02;6.443804e-03;1.706517e-02;1.294491e-02;1.363166e-02;1.051383e-01;3.412048e-02;1.535963e-02;5.950287e-02
1.746400e-01;3.562885e-01;2.475867e-01;1.319568e-02;6.054424e-03;1.824426e-02;8.860021e-03;1.474153e-02;1.002433e-01;1.966293e-02;1.777194e-02;2.271082e-02
2.815890e-01;3.660947e-01;1.413665e-01;1.052000e-02;9.740335e-03;1.330260e-02;1.131308e-02;3.855192e-02;7.656507e-02;1.346445e-02;2.142031e-02;1.607212e-02
3.324607e-01;3.013887e-01;9.963442e-02;5.874096e-03;2.094872e-02;8.666608e-03;2.374993e-02;9.943704e-02;5.369296e-02;1.264370e-02;2.505707e-02;1.644615e-02
3.430655e-01;2.097146e-01;9.928259e-02;4.529335e-03;3.677265e-02;6.657373e-03;4.896555e-02;1.537289e-01;4.499381e-02;1.259810e-02;2.349351e-02;1.619806e-02
3.465663e-01;1.359547e-01;9.219644e-02;3.243749e-03;5.599312e-02;1.315052e-02;7.399861e-02;1.629902e-01;4.794214e-02;1.419531e-02;2.656081e-02;2.720817e-02
3.415904e-01;1.210705e-01;1.067734e-01;8.848927e-03;6.761505e-02;2.259853e-02;5.899624e-02;1.375008e-01;3.118436e-02;2.648821e-02;3.814003e-02;3.919359e-02
2.808658e-01;1.259152e-01;1.123868e-01;2.084228e-02;6.162056e-02;4.158338e-02;3.415481e-02;1.045285e-01;6.425610e-02;4.813989e-02;4.908803e-02;5.661866e-02
9.471680e-02;1.040095e-01;2.102416e-01;2.495255e-02;5.530332e-02;7.473546e-02;4.825650e-02;7.064269e-02;1.166496e-01;7.511736e-02;5.433965e-02;7.103497e-02
1.550737e-01;7.292827e-02;1.565611e-01;2.969128e-02;5.580927e-02;1.098849e-01;4.555612e-02;4.702865e-02;1.054796e-01;8.848335e-02;5.582329e-02;7.768047e-02
1.526800e-01;5.493013e-02;1.587948e-01;3.465508e-02;4.058997e-02;1.062276e-01;8.690061e-02;4.935340e-02;6.460496e-02;9.013434e-02;6.013464e-02;1.009945e-01
1.308826e-01;5.250935e-02;1.604146e-01;3.517349e-02;3.034013e-02;7.481124e-02;1.547461e-01;4.160944e-02;4.311750e-02;8.386777e-02;7.171904e-02;1.208088e-01
1.212457e-01;5.812124e-02;8.202629e-02;3.075551e-02;4.141192e-02;7.046909e-02;1.850881e-01;5.226592e-02;4.756791e-02;9.597977e-02;1.114721e-01;1.035965e-01
8.875252e-02;5.329487e-02;6.318227e-02;2.517372e-02;5.928073e-02;8.029781e-02;1.717088e-01;7.946678e-02;5.517543e-02;1.369543e-01;1.324941e-01;5.421872e-02
1.445646e-01;1.103989e-01;1.025556e-01;3.809326e-02;4.095708e-02;5.461472e-02;1.165996e-01;5.180750e-02;4.009119e-02;1.129143e-01;1.275719e-01;5.983135e-02
2.081131e-01;1.492084e-01;1.067677e-01;3.085710e-02;3.326498e-02;4.169482e-02;1.013351e-01;4.585660e-02;2.670338e-02;7.895364e-02;1.107394e-01;6.650575e-02
2.650136e-01;1.853392e-01;1.090258e-01;3.080524e-02;5.374441e-02;2.744014e-02;7.629973e-02;4.828425e-02;1.944597e-02;4.655439e-02;8.515518e-02;5.289211e-02
3.593881e-01;1.814424e-01;1.219545e-01;2.840881e-02;7.854901e-02;1.137577e-02;5.146677e-02;5.437643e-02;1.382075e-02;1.638616e-02;4.666467e-02;3.616665e-02
4.621378e-01;1.342923e-01;1.121201e-01;2.020350e-02;6.313149e-02;1.612880e-02;3.331712e-02;5.120566e-02;2.384477e-02;1.502793e-02;1.665058e-02;5.193989e-02
5.124359e-01;8.741722e-02;5.391999e-02;6.809174e-02;2.317768e-02;2.978602e-02;2.959790e-02;2.640725e-02;3.938299e-02;3.220047e-02;1.052153e-02;8.706142e-02
4.440742e-01;6.882894e-02;1.842636e-02;1.668468e-01;5.618914e-03;3.178861e-02;4.782794e-02;1.121872e-02;2.699921e-02;4.496910e-02;1.350383e-02;1.198973e-01
3.498728e-01;5.948883e-02;1.302595e-02;2.359321e-01;6.303471e-03;2.245302e-02;7.023210e-02;2.135018e-02;1.468872e-02;5.301780e-02;1.705951e-02;1.365755e-01
3.136153e-01;3.374080e-02;2.053867e-02;2.246568e-01;1.044818e-02;4.644142e-02;7.625321e-02;3.136418e-02;1.902690e-02;6.230545e-02;1.535269e-02;1.462564e-01
3.940493e-01;5.272930e-02;3.501364e-02;1.223257e-01;1.666100e-02;6.088888e-02;5.080832e-02;4.624485e-02;3.655913e-02;5.329720e-02;1.334764e-02;1.180751e-01
4.729885e-01;8.910267e-02;8.142163e-02;3.738165e-02;4.575959e-02;3.314929e-02;2.453146e-02;6.775910e-02;3.666729e-02;2.735717e-02;9.987308e-03;7.389438e-02
4.747820e-01;1.368916e-01;1.004269e-01;1.441335e-02;8.917327e-02;9.449494e-03;1.219071e-02;7.385008e-02;2.117562e-02;1.035944e-02;1.485388e-02;4.243363e-02
4.528748e-01;1.948526e-01;8.198145e-02;1.580539e-02;9.665266e-02;3.022782e-03;2.190971e-02;5.655017e-02;1.978903e-02;1.038715e-02;2.278891e-02;2.338544e-02
4.286669e-01;2.700076e-01;6.179478e-02;2.746824e-02;5.406943e-02;7.355145e-03;3.301761e-02;2.850177e-02;2.893237e-02;1.719392e-02;2.384254e-02;1.914973e-02
3.594199e-01;3.300842e-01;8.480623e-02;5.740268e-02;1.646094e-02;1.931978e-02;2.184097e-02;1.479761e-02;4.190329e-02;1.643966e-02;1.657220e-02;2.095255e-02
2.532345e-01;3.285443e-01;1.959164e-01;7.738674e-02;2.123597e-02;2.313370e-02;1.060728e-02;1.669807e-02;3.001938e-02;1.575188e-02;1.025450e-02;1.721731e-02
1.519168e-01;2.566679e-01;3.658820e-01;6.153445e-02;4.348371e-02;1.389773e-02;1.238794e-02;1.277560e-02;2.713984e-02;3.446060e-02;6.716294e-03;1.313718e-02
5.934301e-02;1.442904e-01;5.553531e-01;3.691541e-02;8.115763e-02;6.176677e-03;1.063660e-02;1.161799e-02;2.202584e-02;5.999358e-02;4.001933e-03;8.487801e-03
3.781631e-02;5.625178e-02;5.955247e-01;4.465716e-02;9.772996e-02;7.609526e-03;2.933938e-02;1.939417e-02;2.169457e-02;6.896396e-02;7.974960e-03;1.304350e-02
6.126617e-02;1.057849e-01;4.707727e-01;6.400314e-02;7.183985e-02;1.052386e-02;3.707495e-02;4.034545e-02;3.286584e-02;4.999266e-02;2.296838e-02;3.256210e-02
9.631313e-02;1.555014e-01;3.702289e-01;7.045808e-02;4.504909e-02;1.390889e-02;3.460406e-02;4.197776e-02;2.713105e-02;4.004177e-02;4.094272e-02;6.384311e-02
1.358995e-01;1.913605e-01;2.936139e-01;4.009626e-02;3.730650e-02;1.833747e-02;4.784988e-02;3.048864e-02;4.953001e-02;4.622006e-02;3.686554e-02;7.243188e-02
1.745544e-01;1.994372e-01;1.931445e-01;3.575194e-02;3.702432e-02;2.723584e-02;6.070738e-02;4.874725e-02;6.671517e-02;6.319872e-02;4.350572e-02;4.997751e-02
1.827018e-01;1.472732e-01;1.588642e-01;3.952815e-02;4.325045e-02;2.779726e-02;8.484402e-02;5.786649e-02;5.584896e-02;8.286727e-02;4.967495e-02;6.948326e-02
9.978282e-02;1.285154e-01;2.483333e-01;3.469542e-02;4.581075e-02;1.712110e-02;7.513236e-02;7.791959e-02;5.955489e-02;8.417616e-02;4.641899e-02;8.253932e-02
1.987755e-01;1.355256e-01;2.995305e-01;2.971830e-02;3.198499e-02;1.218731e-02;3.114885e-02;7.803639e-02;3.987502e-02;4.496511e-02;4.565626e-02;5.259608e-02
2.040115e-01;1.315097e-01;3.107631e-01;2.835297e-02;3.044108e-02;1.284334e-02;2.143501e-02;7.129624e-02;3.540133e-02;5.546852e-02;5.086058e-02;4.761662e-02
1.754769e-01;1.471359e-01;2.442223e-01;2.793816e-02;3.193176e-02;1.727179e-02;3.154762e-02;6.670248e-02;4.977299e-02;8.596588e-02;5.592420e-02;6.611008e-02
2.288991e-01;1.443788e-01;2.029583e-01;3.902143e-02;2.510342e-02;1.956472e-02;3.899465e-02;4.655416e-02;4.219562e-02;9.015232e-02;5.324892e-02;6.892854e-02
1.953978e-01;1.028735e-01;1.639860e-01;7.275509e-02;4.369823e-02;1.742090e-02;6.024836e-02;3.476160e-02;3.791220e-02;1.113612e-01;7.656517e-02;8.301989e-02
1.499736e-01;9.227458e-02;1.443734e-01;8.607098e-02;5.136422e-02;1.460316e-02;7.548596e-02;2.878221e-02;2.839350e-02;9.824562e-02;8.350348e-02;1.469293e-01
1.074676e-01;8.339202e-02;1.356310e-01;7.860620e-02;4.310209e-02;2.156530e-02;7.338750e-02;4.925896e-02;3.491423e-02;1.018351e-01;8.629068e-02;1.845493e-01
9.944803e-02;7.834821e-02;1.345181e-01;5.189341e-02;4.819473e-02;2.513156e-02;6.684204e-02;6.945135e-02;5.391242e-02;1.271795e-01;1.040286e-01;1.410519e-01
9.544785e-02;1.162520e-01;8.965668e-02;4.432243e-02;6.150072e-02;3.748922e-02;6.389768e-02;8.175315e-02;6.948224e-02;1.280501e-01;1.040182e-01;1.081297e-01
1.778317e-01;1.231058e-01;9.576110e-02;5.192270e-02;6.833281e-02;4.066000e-02;6.387980e-02;6.496809e-02;5.596082e-02;1.079347e-01;6.280516e-02;8.683730e-02
2.199864e-01;1.081288e-01;1.104203e-01;5.587261e-02;5.780898e-02;5.314732e-02;8.079699e-02;4.805966e-02;4.228686e-02;1.015759e-01;6.090115e-02;6.101498e-02
1.962600e-01;6.142365e-02;9.655666e-02;5.901403e-02;6.462103e-02;6.505174e-02;8.608072e-02;4.838019e-02;5.787853e-02;1.087490e-01;6.370565e-02;9.227870e-02
1.570037e-01;4.732683e-02;1.317149e-01;5.149687e-02;7.410206e-02;7.949483e-02;7.516697e-02;6.797855e-02;8.392208e-02;7.656846e-02;5.165426e-02;1.035705e-01
9.038220e-02;5.850204e-02;1.358373e-01;2.406533e-02;3.743511e-02;7.316734e-02;5.447650e-02;1.184223e-01;6.885614e-02;8.581453e-02;9.131037e-02;1.617308e-01
7.548548e-02;6.828095e-02;1.162018e-01;2.698193e-02;3.269168e-02;5.538082e-02;6.473974e-02;1.356877e-01;6.842224e-02;1.339796e-01;8.312868e-02;1.390194e-01
7.567803e-02;6.190592e-02;1.095808e-01;5.126395e-02;8.463706e-02;4.716041e-02;1.253646e-01;9.045555e-02;1.043731e-01;9.567147e-02;8.569968e-02;6.820943e-02
8.141994e-02;9.280752e-02;6.505313e-02;5.057978e-02;8.144277e-02;8.142444e-02;1.430088e-01;6.476007e-02;1.051346e-01;9.438128e-02;5.115642e-02;8.883128e-02
6.703858e-02;8.877312e-02;8.993334e-02;3.700881e-02;6.377310e-02;9.813897e-02;1.511503e-01;4.772159e-02;1.172716e-01;9.593800e-02;4.304794e-02;1.002048e-01
7.699808e-02;5.691192e-02;1.741739e-01;2.616943e-02;5.053501e-02;7.713204e-02;1.692694e-01;3.674892e-02;9.169874e-02;1.137639e-01;6.660781e-02;5.999080e-02
9.026579e-02;9.647001e-02;2.986858e-01;4.364944e-02;4.528611e-02;7.673045e-02;1.378395e-01;2.797519e-02;5.758855e-02;6.992906e-02;4.186153e-02;1.371866e-02
1.113463e-01;1.602332e-01;2.981156e-01;4.175311e-02;3.700283e-02;9.391707e-02;9.031252e-02;2.355323e-02;7.887244e-02;3.073722e-02;2.152847e-02;1.262799e-02
1.750546e-01;2.338821e-01;2.311579e-01;2.873109e-02;2.477814e-02;9.995824e-02;3.894313e-02;2.607720e-02;1.028601e-01;1.096447e-02;1.391284e-02;1.368032e-02
2.805617e-01;2.393050e-01;1.241074e-01;1.594325e-02;5.094472e-02;8.042421e-02;2.494437e-02;5.304424e-02;8.189826e-02;1.082721e-02;2.210899e-02;1.589070e-02
3.709653e-01;1.750913e-01;6.426527e-02;8.387691e-03;9.038738e-02;4.072282e-02;2.737398e-02;1.024393e-01;5.457173e-02;8.806963e-03;3.572168e-02;2.126667e-02
3.930850e-01;1.254417e-01;6.704383e-02;6.373150e-03;1.019251e-01;1.016461e-02;2.307788e-02;1.199598e-01;6.733598e-02;6.838698e-03;5.076641e-02;2.798786e-02
3.673033e-01;1.404886e-01;8.262044e-02;2.233614e-02;8.157923e-02;1.665468e-02;2.893701e-02;8.455254e-02;7.007641e-02;1.130898e-02;5.603682e-02;3.810577e-02
3.095354e-01;2.353112e-01;1.105528e-01;7.354832e-02;4.645779e-02;3.155182e-02;2.595320e-02;3.156872e-02;5.333367e-02;1.173144e-02;3.554827e-02;3.490742e-02
2.467067e-01;2.671331e-01;1.573698e-01;1.224861e-01;1.838492e-02;5.255829e-02;1.557310e-02;1.668297e-02;5.903716e-02;8.498256e-03;1.478337e-02;2.078617e-02
1.940134e-01;2.266004e-01;2.235044e-01;1.191736e-01;2.066256e-02;5.747481e-02;1.855969e-02;3.254799e-02;6.413016e-02;1.635956e-02;1.308669e-02;1.388669e-02
1.525192e-01;1.856454e-01;2.616440e-01;9.732082e-02;4.697749e-02;4.532756e-02;2.763698e-02;4.775482e-02;4.745765e-02;3.385775e-02;3.195316e-02;2.190517e-02
5.142859e-02;1.899932e-01;2.376051e-01;8.086982e-02;7.403930e-02;3.226735e-02;3.587047e-02;6.262544e-02;6.431965e-02;6.756397e-02;6.827615e-02;3.514092e-02
1.316004e-01;2.065707e-01;1.829814e-01;6.278560e-02;4.231137e-02;3.193774e-02;5.183084e-02;6.910722e-02;7.792614e-02;6.249232e-02;6.055985e-02;1.989634e-02
1.372836e-01;1.721638e-01;1.667348e-01;9.700751e-02;2.955513e-02;3.905222e-02;7.528660e-02;8.591199e-02;8.548439e-02;4.773063e-02;4.598803e-02;1.780136e-02
9.496039e-02;9.063214e-02;1.716726e-01;6.667236e-02;6.725325e-02;5.583532e-02;7.981316e-02;1.110072e-01;8.564588e-02;8.095596e-02;5.490086e-02;4.065084e-02
6.521598e-02;7.166728e-02;1.140632e-01;7.247140e-02;7.280979e-02;7.528461e-02;7.635859e-02;1.282932e-01;9.273396e-02;1.006869e-01;7.411010e-02;5.630499e-02
6.076968e-02;6.446348e-02;1.157160e-01;7.761140e-02;4.800761e-02;6.472369e-02;8.837280e-02;1.152555e-01;9.623379e-02;1.229956e-01;7.429671e-02;7.155376e-02
8.261533e-02;5.371359e-02;1.576114e-01;6.543795e-02;3.636610e-02;5.356287e-02;9.580365e-02;7.700961e-02;9.447816e-02;1.533732e-01;6.192719e-02;6.810094e-02
7.082101e-02;3.419153e-02;3.386382e-01;4.650893e-02;7.219769e-02;3.675009e-02;1.133743e-01;4.927032e-02;8.748643e-02;1.009673e-01;2.091177e-02;2.888249e-02
4.993286e-02;5.506939e-02;4.534122e-01;5.096937e-02;9.501497e-02;3.978192e-02;8.726226e-02;2.786841e-02;6.573305e-02;4.480926e-02;1.316115e-02;1.698515e-02
5.954102e-02;7.966731e-02;4.508374e-01;5.110868e-02;9.868503e-02;4.722707e-02;2.162041e-02;2.835548e-02;6.018908e-02;4.811452e-02;2.957623e-02;2.507783e-02
7.760875e-02;7.656860e-02;3.417779e-01;5.675770e-02;9.078376e-02;4.981215e-02;6.091402e-02;3.682374e-02;5.853699e-02;5.458795e-02;5.693989e-02;3.888862e-02
6.646306e-02;7.164390e-02;2.899497e-01;6.872545e-02;7.728261e-02;5.110416e-02;4.937406e-02;4.464442e-02;6.323982e-02;8.358955e-02;8.888458e-02;4.509874e-02
4.556999e-02;1.040443e-01;2.334889e-01;6.771887e-02;1.069535e-01;5.705391e-02;1.083820e-01;3.544454e-02;3.476905e-02;9.746405e-02;7.503177e-02;3.407909e-02
3.063697e-02;9.971736e-02;3.439642e-01;5.047607e-02;1.136269e-01;5.569356e-02;1.005305e-01;3.252011e-02;4.472111e-02;5.922653e-02;4.284057e-02;2.604617e-02
6.469815e-02;8.196328e-02;3.351140e-01;3.773461e-02;1.129790e-01;5.139992e-02;8.978376e-02;3.429523e-02;5.645164e-02;5.677380e-02;3.676774e-02;4.203887e-02
8.335622e-02;5.131281e-02;3.230338e-01;6.818944e-02;7.532516e-02;4.730010e-02;1.065407e-01;4.130518e-02;5.330132e-02;7.233850e-02;2.764711e-02;5.034972e-02
6.678479e-02;6.789724e-02;3.825364e-01;6.695463e-02;8.081755e-02;5.581392e-02;1.093155e-01;3.716118e-02;4.212621e-02;4.983934e-02;1.655639e-02;2.419679e-02
7.288674e-02;5.862314e-02;3.828590e-01;6.670012e-02;9.337946e-02;6.030752e-02;1.069576e-01;3.507717e-02;3.277848e-02;3.050906e-02;3.017120e-02;2.975043e-02
6.551471e-02;6.996940e-02;2.551217e-01;6.218217e-02;7.725370e-02;3.990739e-02;1.741592e-01;5.018615e-02;3.167586e-02;5.789620e-02;4.537258e-02;7.076091e-02
8.030287e-02;3.568765e-02;1.797487e-01;8.390191e-02;1.006784e-01;6.211098e-02;1.540061e-01;6.100192e-02;5.129687e-02;6.759323e-02;6.726540e-02;5.640594e-02
6.542050e-02;3.541709e-02;1.670310e-01;9.033961e-02;8.647254e-02;7.084529e-02;1.421442e-01;6.809857e-02;9.975632e-02;7.541923e-02;5.533859e-02;4.371708e-02
5.299519e-02;6.234352e-02;1.581819e-01;7.724445e-02;6.675781e-02;9.114342e-02;1.141071e-01;5.754205e-02;1.763307e-01;7.191467e-02;3.906168e-02;3.237755e-02
6.626855e-02;7.469732e-02;1.152920e-01;4.884753e-02;5.715276e-02;8.867147e-02;9.013628e-02;7.414452e-02;2.871691e-01;4.992344e-02;2.664569e-02;2.105136e-02
1.316411e-01;6.889896e-02;4.738472e-02;2.150564e-02;8.591395e-02;4.142824e-02;5.703698e-02;1.723474e-01;3.214040e-01;1.536143e-02;2.419887e-02;1.287873e-02
1.961423e-01;4.162196e-02;3.433093e-02;9.973222e-03;1.173462e-01;1.168203e-02;3.654367e-02;3.314193e-01;1.829680e-01;1.014926e-02;1.922799e-02;8.595149e-03
2.369971e-01;1.794261e-02;3.259089e-02;1.327194e-02;9.997314e-02;9.860327e-03;5.224711e-02;4.426856e-01;6.064653e-02;6.849587e-03;9.150811e-03;1.778428e-02
2.669391e-01;1.020753e-02;2.948003e-02;1.042570e-02;7.787159e-02;1.054833e-02;5.736957e-02;4.465946e-01;5.271277e-02;9.640902e-03;6.237561e-03;2.197235e-02
2.769355e-01;1.518632e-02;2.807904e-02;1.136949e-02;7.416362e-02;8.546609e-03;6.131113e-02;4.189515e-01;6.195933e-02;8.476758e-03;9.229118e-03;2.579167e-02
2.773466e-01;8.936661e-03;2.940908e-02;1.064779e-02;8.681203e-02;5.307949e-03;5.073174e-02;4.460402e-01;4.371724e-02;7.685241e-03;1.470493e-02;1.866043e-02
2.702057e-01;2.256046e-02;2.863846e-02;7.417586e-03;1.130880e-01;4.991134e-03;3.924353e-02;4.480282e-01;1.032403e-02;8.039136e-03;2.935457e-02;1.810918e-02
2.273772e-01;4.756228e-02;3.419692e-02;6.477983e-03;1.201229e-01;5.692189e-03;3.854207e-02;4.003872e-01;4.117875e-02;1.127953e-02;5.444583e-02;1.273712e-02
1.671951e-01;9.518173e-02;3.624896e-02;9.204241e-03;7.704225e-02;1.305283e-02;6.922077e-02;3.217123e-01;1.294773e-01;1.355151e-02;5.422593e-02;1.388707e-02
1.562436e-01;1.582267e-01;5.812303e-02;1.407847e-02;2.336441e-02;3.041769e-02;6.265799e-02;2.017792e-01;2.296632e-01;1.661079e-02;2.587060e-02;2.296437e-02
2.319438e-01;2.166107e-01;8.614491e-02;1.745032e-02;8.412436e-03;2.933845e-02;2.724410e-02;6.597744e-02;2.445032e-01;1.827395e-02;1.103218e-02;4.306855e-02
2.685858e-01;2.047702e-01;1.143506e-01;1.750891e-02;1.526238e-02;1.940264e-02;1.679481e-02;8.047707e-02;1.510993e-01;2.724779e-02;2.959774e-02;5.490277e-02
2.518317e-01;1.783615e-01;1.156819e-01;2.369328e-02;2.788663e-02;1.748668e-02;4.378274e-02;1.348436e-01;7.750417e-02;3.410835e-02;4.287408e-02;5.194531e-02
2.119018e-01;1.568048e-01;7.819368e-02;2.239986e-02;2.730078e-02;2.812453e-02;5.372875e-02;1.333532e-01;1.753367e-01;3.946131e-02;4.985350e-02;2.354109e-02
1.677400e-01;1.193219e-01;9.654444e-02;1.538751e-02;3.559709e-02;3.112600e-02;3.527328e-02;9.020305e-02;2.616363e-01;6.128039e-02;5.629353e-02;2.959653e-02
1.376394e-01;9.307595e-02;1.127216e-01;1.478225e-02;2.856567e-02;2.364585e-02;2.490401e-02;1.745490e-01;2.459881e-01;4.959422e-02;6.358798e-02;3.094601e-02
1.407109e-01;9.596199e-02;1.005345e-01;1.843693e-02;3.742727e-02;2.568647e-02;3.808895e-02;2.243711e-01;1.889173e-01;5.166694e-02;5.559970e-02;2.259801e-02
1.530641e-01;1.089418e-01;7.301776e-02;1.680258e-02;4.230629e-02;3.199090e-02;7.983424e-02;2.069202e-01;1.301231e-01;6.721946e-02;5.289452e-02;3.688502e-02
1.853722e-01;1.691007e-01;5.659499e-02;2.309075e-02;6.076618e-02;2.835575e-02;8.051436e-02;1.502927e-01;1.158809e-01;6.770310e-02;2.840675e-02;3.392168e-02
1.514485e-01;1.545202e-01;7.481747e-02;5.179611e-02;7.242426e-02;4.705623e-02;5.479281e-02;1.457840e-01;9.141656e-02;8.307450e-02;4.735335e-02;2.551601e-02
8.925525e-02;1.131172e-01;8.499521e-02;5.739810e-02;4.647900e-02;5.901396e-02;7.994472e-02;1.180549e-01;1.221913e-01;9.616210e-02;8.791516e-02;4.547312e-02
7.583062e-02;9.105095e-02;1.038626e-01;5.730933e-02;5.423358e-02;5.080369e-02;1.056084e-01;9.053200e-02;1.380996e-01;7.199591e-02;9.356525e-02;6.710810e-02
9.091562e-02;7.673546e-02;1.003641e-01;5.945766e-02;9.262864e-02;3.774928e-02;8.687695e-02;8.298425e-02;1.519818e-01;5.561851e-02;9.384179e-02;7.084591e-02
8.772960e-02;7.606327e-02;1.108682e-01;5.599111e-02;1.182400e-01;4.934027e-02;4.823343e-02;9.134187e-02;1.578036e-01;5.760147e-02;8.501270e-02;6.177454e-02
9.750321e-02;1.267894e-01;1.516171e-01;7.844581e-02;8.718972e-02;3.279021e-02;7.498839e-02;3.631091e-02;5.848334e-02;9.976430e-02;8.226687e-02;7.385077e-02
8.751700e-02;1.097359e-01;1.372244e-01;7.484771e-02;7.930570e-02;3.827921e-02;8.545428e-02;5.671183e-02;1.030889e-01;8.257096e-02;5.906386e-02;8.620026e-02
9.650400e-02;7.787282e-02;1.280331e-01;5.973432e-02;7.143492e-02;3.715833e-02;1.103072e-01;7.133051e-02;1.118065e-01;6.581926e-02;6.335982e-02;1.066392e-01
8.262514e-02;4.258540e-02;1.203072e-01;5.055850e-02;5.226063e-02;5.023419e-02;1.357246e-01;9.281676e-02;9.712490e-02;8.824811e-02;7.420058e-02;1.133139e-01
5.217456e-02;5.996977e-02;1.598975e-01;6.097674e-02;3.727841e-02;5.502712e-02;1.608168e-01;8.990856e-02;7.481644e-02;1.005441e-01;4.435954e-02;1.042303e-01
3.216675e-02;5.439561e-02;2.883440e-01;7.779898e-02;5.320483e-02;4.934781e-02;1.488828e-01;5.630882e-02;6.572146e-02;6.194988e-02;4.921770e-02;6.266142e-02
3.297544e-02;3.413053e-02;4.678513e-01;7.194871e-02;5.568832e-02;2.649886e-02;6.854659e-02;2.188717e-02;7.921951e-02;7.504624e-02;3.357029e-02;3.263706e-02
3.474234e-02;6.361461e-02;5.301838e-01;5.827128e-02;3.196770e-02;9.866212e-03;3.133307e-02;2.503243e-02;8.722129e-02;8.718685e-02;1.838319e-02;2.219729e-02
2.353518e-02;9.749206e-02;5.373292e-01;4.893997e-02;2.920073e-02;2.616990e-02;3.904493e-02;3.442668e-02;5.025389e-02;7.455273e-02;1.515295e-02;2.390177e-02
2.471199e-02;1.318172e-01;5.206760e-01;4.469370e-02;2.599214e-02;3.866720e-02;2.782155e-02;2.720224e-02;8.445082e-02;3.005054e-02;1.974022e-02;2.417638e-02
4.680099e-02;1.341687e-01;5.253712e-01;3.113266e-02;1.167292e-02;2.135126e-02;1.462540e-02;1.387873e-02;1.346579e-01;3.492938e-02;1.305836e-02;1.835247e-02
7.115591e-02;1.262460e-01;5.117042e-01;1.891653e-02;7.675769e-03;2.130770e-02;1.554308e-02;1.524189e-02;1.517956e-01;3.410919e-02;1.370907e-02;1.259511e-02
7.012279e-02;1.289251e-01;4.570263e-01;2.126489e-02;1.574799e-02;4.149235e-02;2.471447e-02;1.275009e-02;1.764798e-01;2.425882e-02;1.852574e-02;8.691705e-03
3.162578e-02;8.473450e-02;3.828927e-01;4.120136e-02;2.806316e-02;5.281217e-02;5.379037e-02;2.252975e-02;1.591905e-01;6.844433e-02;4.107540e-02;3.364001e-02
5.877535e-02;7.950345e-02;2.957717e-01;6.755019e-02;5.467092e-02;6.016596e-02;5.917704e-02;2.652963e-02;1.527237e-01;7.163385e-02;3.585209e-02;3.764607e-02
5.106588e-02;8.485302e-02;2.533264e-01;8.244007e-02;6.943757e-02;9.237872e-02;5.459372e-02;1.215354e-02;1.907469e-01;6.055651e-02;1.742294e-02;3.102468e-02
2.249398e-02;1.112241e-01;1.722655e-01;6.558552e-02;5.532536e-02;1.356631e-01;7.265755e-02;5.451363e-03;2.778218e-01;5.494402e-02;3.285003e-03;2.328265e-02
2.108836e-02;1.352324e-01;8.630870e-02;3.560844e-02;2.059497e-02;1.649924e-01;5.947220e-02;1.453798e-02;3.851976e-01;5.703160e-02;3.707749e-03;1.622764e-02
5.983949e-02;1.481661e-01;6.381452e-02;2.118542e-02;2.485559e-02;1.278656e-01;2.980349e-02;4.007271e-02;4.227390e-01;3.817839e-02;1.270935e-02;1.077025e-02
1.335275e-01;1.524022e-01;6.284716e-02;1.555913e-02;8.917513e-02;5.787094e-02;1.724951e-02;9.259334e-02;3.154760e-01;2.448574e-02;3.275853e-02;6.054800e-03
2.298130e-01;1.157366e-01;5.952119e-02;7.652446e-03;1.641814e-01;1.956556e-02;1.533547e-02;1.827295e-01;1.413757e-01;9.693380e-03;4.598497e-02;8.410763e-03
2.983313e-01;5.269530e-02;6.551198e-02;8.736718e-03;1.692612e-01;4.754560e-03;2.736180e-02;2.653462e-01;4.123803e-02;1.355782e-02;3.801870e-02;1.518645e-02
3.074939e-01;2.448558e-02;6.568392e-02;2.235411e-02;9.796041e-02;8.270725e-03;4.510015e-02;2.826606e-01;5.729801e-02;3.155713e-02;2.478554e-02;3.234997e-02
2.805583e-01;2.071051e-02;4.231275e-02;5.514738e-02;4.060227e-02;1.309706e-02;7.769417e-02;2.243174e-01;6.928059e-02;7.701270e-02;2.115768e-02;7.810923e-02
1.909222e-01;2.257257e-02;2.128843e-02;1.010219e-01;2.919529e-02;2.151118e-02;1.200522e-01;1.417367e-01;5.299574e-02;1.482127e-01;1.608707e-02;1.344040e-01
9.444482e-02;2.994121e-02;1.351024e-02;1.498735e-01;9.019356e-03;1.515357e-02;1.660746e-01;8.729582e-02;3.069899e-02;1.859946e-01;1.060045e-02;2.073928e-01
4.739439e-02;4.624080e-02;1.520778e-02;1.792696e-01;2.902008e-03;1.346899e-02;1.999971e-01;2.357563e-02;2.149502e-02;1.688400e-01;1.181958e-02;2.697891e-01
2.466931e-02;5.718180e-02;1.325132e-02;1.869505e-01;4.743484e-03;1.394606e-02;2.261951e-01;1.160142e-02;1.622331e-02;1.223038e-01;1.431501e-02;3.086189e-01
2.594915e-02;6.103997e-02;1.402921e-02;1.769396e-01;6.075020e-03;9.802520e-03;2.488253e-01;2.376104e-02;1.279006e-02;7.996142e-02;1.797537e-02;3.228513e-01
2.432605e-02;6.596243e-02;8.707563e-03;1.686847e-01;5.214715e-03;1.004170e-02;2.725713e-01;1.837980e-02;6.360112e-03;6.626151e-02;1.921653e-02;3.342736e-01
3.270215e-02;7.042363e-02;1.034246e-02;1.515280e-01;6.001099e-03;1.168082e-02;2.671498e-01;1.642310e-02;1.287315e-02;6.667954e-02;1.607525e-02;3.381209e-01
3.322901e-02;7.139030e-02;1.115315e-02;1.313538e-01;9.252901e-03;8.660345e-03;2.530316e-01;2.843831e-02;1.150874e-02;6.441761e-02;2.324331e-02;3.543209e-01
2.095486e-02;7.417127e-02;1.177363e-02;1.169204e-01;5.458939e-03;1.034992e-02;2.536997e-01;1.912335e-02;1.388435e-02;6.121497e-02;2.187936e-02;3.905693e-01
2.189745e-02;7.526043e-02;1.018420e-02;1.077160e-01;4.211598e-03;1.296853e-02;2.528767e-01;1.260468e-02;5.790212e-03;5.896909e-02;3.096756e-02;4.065535e-01
2.076772e-02;6.705083e-02;1.294021e-02;1.082795e-01;4.023756e-03;1.230010e-02;2.491495e-01;1.370994e-02;1.362220e-02;8.125762e-02;3.032415e-02;3.865745e-01
3.257541e-02;4.920964e-02;9.257602e-03;1.106737e-01;2.558950e-03;1.435304e-02;2.396306e-01;2.729709e-02;7.779425e-03;1.588117e-01;1.826808e-02;3.295847e-01
5.846772e-02;2.827426e-02;1.203075e-02;1.017493e-01;4.875781e-03;2.157995e-02;2.322120e-01;5.812971e-02;6.996346e-03;2.248145e-01;1.364342e-02;2.372262e-01
1.102543e-01;1.796432e-02;2.857877e-02;7.091842e-02;1.167210e-02;2.797285e-02;2.373636e-01;1.185310e-01;1.448889e-02;2.119030e-01;1.854439e-02;1.318083e-01
1.804780e-01;1.761990e-02;6.936279e-02;3.316687e-02;2.344627e-02;2.643892e-02;2.122691e-01;1.843589e-01;1.314790e-02;1.320868e-01;4.317978e-02;6.444473e-02
2.460251e-01;2.781661e-02;1.241823e-01;1.931876e-02;3.706830e-02;1.654212e-02;1.334971e-01;2.034638e-01;1.434163e-02;4.924043e-02;8.480254e-02;4.370131e-02
2.918487e-01;3.958684e-02;1.509136e-01;1.494724e-02;4.295761e-02;1.012994e-02;5.683662e-02;1.840055e-01;2.228669e-02;1.762181e-02;1.014994e-01;6.736605e-02
2.802348e-01;5.571091e-02;1.247453e-01;1.624736e-02;4.074720e-02;1.095597e-02;3.758019e-02;1.661933e-01;2.644841e-02;4.194172e-02;1.099697e-01;8.922513e-02
2.157006e-01;5.327629e-02;7.666540e-02;3.107788e-02;3.274790e-02;2.504370e-02;9.229184e-02;1.581326e-01;3.458308e-02;7.314512e-02;9.255181e-02;1.147839e-01
1.402459e-01;3.607078e-02;7.415276e-02;4.780272e-02;1.380612e-02;3.960704e-02;1.737870e-01;1.542541e-01;3.446824e-02;7.026348e-02;7.547749e-02;1.400642e-01
8.881796e-02;3.424622e-02;1.045310e-01;4.945942e-02;2.882917e-02;2.410183e-02;2.322930e-01;1.034539e-01;1.548492e-02;7.041521e-02;8.819412e-02;1.601733e-01
1.432500e-01;3.317032e-02;9.002347e-02;6.323775e-02;2.345326e-02;1.342393e-02;2.381013e-01;4.831691e-02;1.258698e-02;8.195852e-02;9.295787e-02;1.595198e-01
1.288263e-01;3.868923e-02;9.989356e-02;9.606121e-02;1.597732e-02;1.837321e-02;2.170805e-01;8.643890e-02;8.798861e-03;6.798324e-02;7.899189e-02;1.428858e-01
9.904962e-02;3.418708e-02;1.169686e-01;1.262526e-01;1.902875e-02;1.978557e-02;1.927882e-01;1.025112e-01;1.099688e-02;6.881020e-02;8.072911e-02;1.288923e-01
6.603918e-02;5.018001e-02;1.343772e-01;1.466372e-01;2.978286e-02;2.530538e-02;1.579924e-01;8.103964e-02;1.097355e-02;8.358344e-02;1.023666e-01;1.117225e-01
3.844895e-02;5.837675e-02;1.589160e-01;1.363330e-01;4.334382e-02;2.963052e-02;1.064657e-01;6.869526e-02;3.342388e-02;1.026916e-01;1.385377e-01;8.513684e-02
7.376725e-02;5.268387e-02;1.709056e-01;7.631421e-02;6.949097e-02;5.947060e-02;1.208308e-01;4.276812e-02;4.492042e-02;6.752241e-02;1.448408e-01;7.648493e-02
6.997856e-02;3.166550e-02;1.727245e-01;7.057519e-02;6.336866e-02;8.072338e-02;1.559655e-01;3.894054e-02;3.280096e-02;5.044834e-02;1.386447e-01;9.416430e-02
4.083401e-02;2.107812e-02;9.244882e-02;6.600928e-02;4.911203e-02;9.314875e-02;1.989015e-01;7.025384e-02;3.262586e-02;6.129202e-02;1.695579e-01;1.047379e-01
2.863008e-02;3.155211e-02;9.098861e-02;5.623093e-02;3.968068e-02;9.303942e-02;1.451402e-01;8.359166e-02;4.265151e-02;9.084500e-02;1.971741e-01;1.004757e-01
3.851067e-02;5.282557e-02;1.266017e-01;3.830848e-02;5.617025e-02;9.779563e-02;6.772269e-02;3.454376e-02;1.029716e-01;1.184802e-01;1.478009e-01;1.182686e-01
4.988144e-02;5.898681e-02;9.718887e-02;3.062172e-02;4.960756e-02;7.396931e-02;1.012615e-01;2.966365e-02;1.143059e-01;1.563872e-01;1.260187e-01;1.121074e-01
5.085218e-02;5.708570e-02;6.940171e-02;4.348954e-02;4.044487e-02;6.557235e-02;1.061450e-01;5.307782e-02;9.476742e-02;1.894616e-01;1.243518e-01;1.053499e-01
4.540786e-02;6.951831e-02;1.181522e-01;3.802743e-02;4.796206e-02;5.426444e-02;1.018299e-01;4.624042e-02;8.095907e-02;1.534791e-01;1.388821e-01;1.052772e-01
