5.956412e-02;6.486744e-02;1.115331e-01;1.150755e-01;1.311498e-01;5.729104e-02;1.036638e-01;1.108344e-01;7.117671e-02;8.379606e-02;3.487306e-02;5.617491e-02
5.952878e-02;5.460041e-02;7.084555e-02;9.729825e-02;9.534805e-02;6.003759e-02;1.477189e-01;8.098755e-02;8.790924e-02;1.067045e-01;5.610605e-02;8.291513e-02
4.173524e-02;4.128148e-02;5.364924e-02;1.202288e-01;6.395080e-02;6.878257e-02;1.306370e-01;1.049156e-01;1.378313e-01;1.105726e-01;5.386025e-02;7.255515e-02
3.536718e-02;6.709573e-02;7.459261e-02;1.166243e-01;5.959355e-02;9.816559e-02;8.984542e-02;1.158708e-01;1.768795e-01;7.835302e-02;5.361773e-02;3.399464e-02
2.010409e-02;5.156309e-02;8.752953e-02;8.843358e-02;7.828851e-02;1.006214e-01;1.350364e-01;1.159300e-01;1.322646e-01;8.097811e-02;6.259242e-02;4.665828e-02
4.363083e-02;2.991428e-02;1.106626e-01;8.684447e-02;9.261481e-02;8.713178e-02;1.221647e-01;9.205751e-02;1.332646e-01;9.529145e-02;5.860176e-02;4.782116e-02
1.072113e-01;5.698417e-02;1.350154e-01;8.410134e-02;7.936801e-02;6.014738e-02;9.563944e-02;7.263082e-02;1.157903e-01;1.001488e-01;5.327931e-02;3.968363e-02
9.674318e-02;6.546509e-02;1.630505e-01;8.125882e-02;7.868177e-02;5.285508e-02;8.599047e-02;8.894801e-02;1.034165e-01;9.463008e-02;5.327037e-02;3.569011e-02
5.589914e-02;9.046358e-02;1.726168e-01;9.072556e-02;9.746058e-02;5.203609e-02;6.921280e-02;8.844128e-02;9.271490e-02;8.460380e-02;7.040613e-02;3.541936e-02
7.238093e-02;1.109576e-01;1.374866e-01;9.295370e-02;1.003164e-01;6.723401e-02;9.256332e-02;6.384487e-02;5.846070e-02;1.046527e-01;6.824901e-02;3.090012e-02
1.011600e-01;5.420453e-02;1.439174e-01;5.997830e-02;4.409764e-02;9.033995e-02;1.930933e-01;6.546441e-02;6.382460e-02;5.260638e-02;5.903679e-02;7.227665e-02
7.746264e-02;3.760490e-02;1.293157e-01;3.717459e-02;4.436119e-02;7.024789e-02;1.918186e-01;7.853555e-02;8.161119e-02;3.767266e-02;9.857301e-02;1.156221e-01
5.847875e-02;5.017255e-02;9.976599e-02;2.299913e-02;4.281048e-02;5.827644e-02;1.816296e-01;7.870592e-02;1.061565e-01;5.956445e-02;1.052521e-01;1.361882e-01
6.833097e-02;6.627980e-02;8.347121e-02;1.722501e-02;3.612180e-02;6.085453e-02;1.292616e-01;7.583540e-02;1.160723e-01;8.939397e-02;1.440567e-01;1.130968e-01
6.796458e-02;8.192333e-02;8.769365e-02;1.448331e-02;2.629207e-02;7.164529e-02;7.343522e-02;7.583161e-02;1.109752e-01;1.244588e-01;1.979618e-01;6.733506e-02
4.502511e-02;1.555096e-01;5.776599e-02;1.647333e-02;7.337330e-02;4.910647e-02;3.336989e-02;8.503836e-02;5.840871e-02;2.293704e-01;1.522273e-01;4.433154e-02
3.552262e-02;2.124195e-01;2.151748e-02;1.555085e-02;1.178369e-01;2.583147e-02;2.015353e-02;8.159938e-02;4.660603e-02;3.278908e-01;6.798545e-02;2.708608e-02
4.149171e-02;1.902650e-01;1.219970e-02;2.574504e-02;1.450548e-01;1.657968e-02;2.328489e-02;5.791285e-02;1.042554e-01;3.354335e-01;2.644015e-02;2.133725e-02
6.915208e-02;1.258735e-01;2.826926e-02;5.754993e-02;1.290246e-01;1.510439e-02;4.819968e-02;3.739795e-02;1.927478e-01;2.609940e-01;1.958486e-02;1.610197e-02
8.814487e-02;7.019340e-02;4.979968e-02;1.075223e-01;1.001184e-01;2.350408e-02;7.207451e-02;3.597584e-02;2.392010e-01;1.562527e-01;3.892249e-02;1.829077e-02
4.641740e-02;6.972541e-02;4.329422e-02;1.058353e-01;1.932104e-01;4.512523e-02;6.576900e-02;3.690780e-02;1.173958e-01;2.079476e-01;4.832071e-02;2.005099e-02
8.939975e-03;9.214007e-02;2.242835e-02;7.558053e-02;2.831845e-01;5.478228e-02;2.608254e-02;3.407156e-02;3.231202e-02;2.971891e-01;5.625994e-02;1.702911e-02
1.916443e-02;1.036744e-01;2.046868e-02;5.570803e-02;2.690393e-01;5.848341e-02;2.223877e-02;3.190877e-02;4.292376e-02;3.068497e-01;6.243162e-02;7.109093e-03
1.453255e-02;1.158176e-01;2.697674e-02;2.820578e-02;1.990364e-01;7.770073e-02;4.353293e-02;6.186502e-02;2.554671e-02;3.024015e-01;9.163009e-02;1.275393e-02
1.243547e-02;1.348542e-01;1.512147e-02;1.181891e-02;1.514631e-01;6.118513e-02;4.048941e-02;9.304067e-02;2.683813e-02;3.391977e-01;1.025141e-01;1.104167e-02
1.003130e-02;1.456771e-01;1.810088e-02;1.086039e-02;1.201907e-01;3.727379e-02;1.310012e-02;1.123638e-01;2.133176e-02;3.839961e-01;1.141504e-01;1.292368e-02
5.132758e-03;1.395021e-01;1.294672e-02;3.219041e-03;9.582804e-02;4.367841e-02;1.187418e-02;1.097753e-01;3.057724e-02;3.950529e-01;1.379109e-01;1.450230e-02
1.018574e-02;1.115377e-01;2.622644e-02;5.967933e-03;8.889189e-02;6.777676e-02;1.513099e-02;8.164536e-02;4.739145e-02;3.717712e-01;1.582462e-01;1.522847e-02
1.320780e-02;7.704882e-02;4.014025e-02;1.887521e-02;9.148553e-02;9.365610e-02;1.758068e-02;5.222039e-02;2.542620e-02;3.294074e-01;2.191998e-01;2.175174e-02
2.161572e-02;5.492760e-02;5.610144e-02;4.422216e-02;1.060289e-01;9.407295e-02;3.679884e-02;3.808514e-02;2.604676e-02;2.597968e-01;2.342211e-01;2.808256e-02
3.642068e-02;4.580301e-02;7.780652e-02;6.695317e-02;1.271857e-01;6.933992e-02;5.259208e-02;2.968230e-02;2.864380e-02;2.354161e-01;2.098696e-01;2.028717e-02
2.994745e-02;4.960752e-02;6.317466e-02;7.373559e-02;1.552041e-01;4.756959e-02;4.490673e-02;2.594722e-02;6.063218e-02;2.491669e-01;1.651937e-01;3.491442e-02
4.049991e-02;5.912976e-02;7.893062e-02;4.763162e-02;1.676579e-01;5.741817e-02;5.197213e-02;3.561859e-02;7.994580e-02;2.279327e-01;9.820190e-02;5.506089e-02
4.735598e-02;4.467015e-02;1.637451e-01;4.685115e-02;1.302823e-01;8.463587e-02;8.324996e-02;2.890544e-02;6.205748e-02;2.008454e-01;8.304797e-02;2.435317e-02
5.298549e-02;6.367901e-02;1.522072e-01;8.684764e-02;8.647682e-02;8.945370e-02;5.394717e-02;3.174281e-02;6.341025e-02;1.899589e-01;1.010983e-01;2.819275e-02
7.381739e-02;9.284400e-02;9.187719e-02;8.094707e-02;8.828875e-02;6.583542e-02;6.977931e-02;5.346379e-02;1.046713e-01;1.505402e-01;8.134861e-02;4.658692e-02
1.058501e-01;8.758081e-02;1.039452e-01;5.912471e-02;7.549866e-02;4.865610e-02;8.272525e-02;5.574384e-02;1.118782e-01;1.428437e-01;7.728026e-02;4.887314e-02
1.388320e-01;7.098530e-02;1.119749e-01;7.027832e-02;6.302723e-02;5.560838e-02;8.123329e-02;6.906344e-02;9.289997e-02;1.205203e-01;8.197220e-02;4.360462e-02
1.368200e-01;6.818966e-02;1.574207e-01;6.890359e-02;7.220725e-02;6.207666e-02;8.413313e-02;6.332447e-02;5.202192e-02;9.524825e-02;8.621727e-02;5.343703e-02
9.176622e-02;7.442955e-02;1.315797e-01;5.334784e-02;8.070377e-02;7.751324e-02;4.889721e-02;4.242273e-02;4.598792e-02;1.533420e-01;1.460735e-01;5.393638e-02
3.353314e-02;6.287035e-02;7.635424e-02;3.323485e-02;8.408476e-02;9.935500e-02;3.881098e-02;3.280892e-02;5.645401e-02;2.300251e-01;2.110562e-01;4.141248e-02
1.225585e-02;4.907510e-02;8.448214e-02;3.281529e-02;6.756589e-02;9.007332e-02;5.231424e-02;3.894005e-02;6.404925e-02;2.541388e-01;2.140046e-01;4.028548e-02
2.198865e-02;3.555697e-02;7.905019e-02;3.192571e-02;5.060849e-02;6.229019e-02;7.031147e-02;5.365462e-02;8.659292e-02;2.779694e-01;1.853862e-01;4.466521e-02
2.055205e-02;3.332098e-02;8.147851e-02;5.360226e-02;6.183580e-02;4.517256e-02;6.227909e-02;6.113549e-02;1.362601e-01;2.621647e-01;1.425883e-01;3.961009e-02
4.127098e-02;4.737320e-02;8.174662e-02;9.506386e-02;7.633142e-02;4.711443e-02;7.363464e-02;4.810904e-02;1.550386e-01;2.065252e-01;9.204231e-02;3.574969e-02
4.470062e-02;5.447605e-02;1.475259e-01;8.735804e-02;8.136890e-02;3.880055e-02;7.532338e-02;2.816516e-02;1.058936e-01;2.030311e-01;9.509750e-02;3.825926e-02
7.223672e-02;4.207355e-02;1.163686e-01;7.547510e-02;6.773897e-02;5.660839e-02;1.212208e-01;6.311981e-02;8.286100e-02;1.618921e-01;8.087599e-02;5.952885e-02
4.598317e-02;6.105391e-02;8.225365e-02;8.236824e-02;6.703652e-02;7.257826e-02;1.563955e-01;7.492160e-02;8.912300e-02;1.283636e-01;5.792843e-02;8.199403e-02
6.281751e-02;6.456752e-02;8.707075e-02;6.798762e-02;6.492120e-02;7.150822e-02;1.472027e-01;8.873191e-02;1.023428e-01;1.078732e-01;6.266791e-02;7.230863e-02
7.483204e-02;5.889713e-02;8.736501e-02;4.844922e-02;5.622831e-02;6.724454e-02;1.387028e-01;9.450113e-02;1.320038e-01;1.105077e-01;6.669763e-02;6.457067e-02
7.188366e-02;5.484620e-02;5.850802e-02;3.748189e-02;3.988805e-02;5.950126e-02;1.149340e-01;8.538315e-02;1.655073e-01;2.042390e-01;5.647562e-02;5.135186e-02
4.502730e-02;4.267485e-02;5.254988e-02;3.631509e-02;2.679698e-02;5.943827e-02;1.159889e-01;6.704281e-02;2.088209e-01;2.740099e-01;4.244056e-02;2.889454e-02
4.074373e-02;3.802868e-02;1.299262e-01;5.220108e-02;2.938917e-02;6.945037e-02;9.981021e-02;5.590494e-02;2.024827e-01;1.841986e-01;4.943178e-02;4.843248e-02
6.851820e-02;6.888328e-02;2.129993e-01;4.009461e-02;5.227702e-02;6.165803e-02;1.155167e-01;5.122589e-02;8.772167e-02;1.112569e-01;6.119815e-02;6.865028e-02
9.437137e-02;8.312776e-02;2.555956e-01;2.883426e-02;5.703619e-02;5.345874e-02;1.275933e-01;3.782525e-02;3.663202e-02;1.084474e-01;5.737265e-02;5.970545e-02
1.055050e-01;7.622946e-02;1.962353e-01;4.883989e-02;6.786355e-02;4.449361e-02;1.211496e-01;3.803496e-02;6.854113e-02;1.337304e-01;6.563053e-02;3.374659e-02
1.067872e-01;3.813840e-02;8.775502e-02;8.219731e-02;7.398155e-02;3.827998e-02;5.306469e-02;6.304662e-02;1.245755e-01;2.285269e-01;8.378389e-02;1.986290e-02
8.416789e-02;3.207303e-02;9.836955e-02;8.427237e-02;3.555310e-02;1.595318e-02;7.338091e-02;7.133204e-02;1.452130e-01;2.496365e-01;9.434591e-02;1.570259e-02
8.163644e-02;4.224038e-02;4.462147e-02;6.633957e-02;3.531753e-02;1.344816e-02;1.274255e-01;7.432018e-02;1.649587e-01;2.535524e-01;8.755188e-02;8.587916e-03
7.146879e-02;2.990337e-02;4.573784e-02;6.774150e-02;4.482939e-02;2.054180e-02;1.074079e-01;7.970316e-02;1.891397e-01;2.453279e-01;8.350737e-02;1.469130e-02
4.717974e-02;1.073863e-02;7.459098e-02;8.200078e-02;4.204195e-02;2.759062e-02;1.364024e-01;8.333285e-02;1.905472e-01;2.075579e-01;7.849163e-02;1.952534e-02
3.125619e-02;1.675956e-02;1.072156e-01;8.405690e-02;3.711418e-02;3.750727e-02;1.735849e-01;9.219283e-02;1.662568e-01;1.640201e-01;6.352788e-02;2.650794e-02
4.105877e-02;2.633126e-02;1.028407e-01;7.639174e-02;3.697939e-02;3.628199e-02;2.143901e-01;8.466319e-02;1.599550e-01;1.467017e-01;5.275408e-02;2.165203e-02
4.397205e-02;2.936239e-02;1.195154e-01;6.822473e-02;3.393795e-02;3.386071e-02;2.158647e-01;1.008679e-01;1.409591e-01;1.457289e-01;5.196474e-02;1.574153e-02
3.294589e-02;2.574090e-02;1.301364e-01;4.903897e-02;3.465386e-02;4.124655e-02;2.817180e-01;1.244407e-01;1.128278e-01;1.120510e-01;4.170780e-02;1.349207e-02
4.718830e-02;3.158882e-02;1.233116e-01;4.053633e-02;5.363207e-02;6.492591e-02;2.993299e-01;1.124715e-01;8.782138e-02;9.182915e-02;3.227183e-02;1.509322e-02
5.114949e-02;4.475597e-02;1.248011e-01;6.587477e-02;6.994419e-02;7.387006e-02;2.388254e-01;6.259422e-02;9.448122e-02;8.690658e-02;5.402963e-02;3.276742e-02
4.289934e-02;3.528065e-02;1.188591e-01;5.502342e-02;6.979906e-02;6.896619e-02;2.325049e-01;7.923474e-02;9.050379e-02;7.044932e-02;7.813787e-02;5.834159e-02
4.788531e-02;4.220825e-02;9.110826e-02;2.383930e-02;5.418503e-02;3.866344e-02;2.602879e-01;1.520461e-01;5.846716e-02;5.121500e-02;1.007114e-01;7.938282e-02
6.382117e-02;7.144876e-02;9.610390e-02;1.533480e-02;4.321055e-02;2.163879e-02;2.586616e-01;1.310652e-01;4.383631e-02;5.581167e-02;1.494706e-01;4.959661e-02
7.011624e-02;6.564751e-02;1.203889e-01;1.816189e-02;3.691207e-02;1.128894e-02;2.590881e-01;1.277247e-01;2.969779e-02;4.464993e-02;1.653887e-01;5.093518e-02
8.061865e-02;6.173647e-02;1.082762e-01;1.812777e-02;3.365712e-02;8.811802e-03;2.806495e-01;1.260693e-01;2.967379e-02;4.046248e-02;1.533268e-01;5.859002e-02
8.454105e-02;6.697571e-02;1.113289e-01;1.728191e-02;3.590920e-02;1.530977e-02;2.492565e-01;1.353378e-01;4.042080e-02;3.471170e-02;1.409198e-01;6.800695e-02
5.738449e-02;4.970737e-02;1.367433e-01;1.671224e-02;3.519540e-02;1.468230e-02;2.042741e-01;1.671105e-01;3.859442e-02;4.686214e-02;1.179448e-01;1.147890e-01
2.792917e-02;3.819709e-02;1.291714e-01;1.550456e-02;2.027941e-02;2.723343e-02;1.523536e-01;2.020441e-01;5.798505e-02;7.120240e-02;8.052497e-02;1.775749e-01
2.335605e-02;3.367126e-02;1.057364e-01;1.949648e-02;1.733266e-02;4.662449e-02;1.126921e-01;2.163628e-01;7.732945e-02;6.848209e-02;6.630130e-02;2.126149e-01
4.823129e-02;3.006923e-02;6.584515e-02;3.086700e-02;1.803918e-02;5.823500e-02;8.499584e-02;1.891649e-01;1.546852e-01;7.921983e-02;6.619091e-02;1.744566e-01
7.930893e-02;3.136351e-02;6.103334e-02;5.538459e-02;1.587737e-02;4.655328e-02;7.103930e-02;1.382649e-01;2.479330e-01;8.224726e-02;6.042444e-02;1.105700e-01
7.925043e-02;2.568763e-02;7.320172e-02;6.431334e-02;1.701033e-02;3.614864e-02;4.928599e-02;1.006771e-01;3.017010e-01;8.164115e-02;9.048292e-02;8.059979e-02
9.410974e-02;1.749736e-02;5.695688e-02;7.457741e-02;1.728400e-02;2.471685e-02;5.792382e-02;5.075933e-02;3.730381e-01;7.302343e-02;1.142021e-01;4.591098e-02
1.097390e-01;1.123725e-02;4.196012e-02;7.535911e-02;1.794506e-02;1.653278e-02;6.150996e-02;4.454077e-02;3.955541e-01;7.031153e-02;1.156133e-01;3.969704e-02
1.105477e-01;1.429767e-02;3.638833e-02;5.678869e-02;2.511688e-02;1.854079e-02;9.491870e-02;4.899219e-02;3.490186e-01;1.066819e-01;9.065881e-02;4.804965e-02
8.665948e-02;2.965604e-02;3.735400e-02;3.605006e-02;4.376422e-02;3.597274e-02;1.204561e-01;5.461446e-02;2.484381e-01;1.658715e-01;8.489442e-02;5.626877e-02
5.362682e-02;5.577742e-02;3.559206e-02;3.384355e-02;6.913855e-02;4.261630e-02;9.366485e-02;7.188880e-02;1.218871e-01;2.530974e-01;7.741950e-02;9.144763e-02
3.524967e-02;5.804448e-02;2.464685e-02;3.946193e-02;6.867218e-02;4.181033e-02;6.771713e-02;1.003691e-01;8.190288e-02;2.773394e-01;1.095917e-01;9.519437e-02
5.553980e-02;4.486111e-02;4.405993e-02;4.533986e-02;4.669480e-02;4.398981e-02;1.251976e-01;1.136266e-01;4.448715e-02;2.214923e-01;1.371590e-01;7.755206e-02
9.238448e-02;3.089021e-02;5.865247e-02;3.387332e-02;3.905189e-02;6.527311e-02;1.195627e-01;9.839918e-02;1.004972e-01;1.383321e-01;1.703036e-01;5.277973e-02
1.147340e-01;2.463157e-02;7.961559e-02;1.618493e-02;3.914744e-02;7.940619e-02;9.169853e-02;6.046894e-02;1.861799e-01;8.948518e-02;1.830986e-01;3.534909e-02
1.066105e-01;1.768238e-02;8.767197e-02;1.391086e-02;5.055932e-02;8.027359e-02;9.302066e-02;4.149841e-02;2.453722e-01;6.212595e-02;1.635007e-01;3.777340e-02
7.839965e-02;2.655946e-02;8.145598e-02;2.365942e-02;6.961803e-02;6.769814e-02;1.165199e-01;5.839758e-02;2.827484e-01;5.137371e-02;1.078497e-01;3.571995e-02
3.856448e-02;3.871640e-02;7.958370e-02;2.594672e-02;7.552035e-02;6.410820e-02;1.099645e-01;5.718749e-02;2.739255e-01;9.012358e-02;1.013252e-01;4.503385e-02
5.036328e-02;3.064514e-02;7.950357e-02;1.642628e-02;6.356014e-02;7.939501e-02;1.005650e-01;4.555653e-02;2.377047e-01;9.185220e-02;1.611383e-01;4.328987e-02
8.700604e-02;3.141570e-02;9.019279e-02;2.707695e-02;5.028262e-02;9.120466e-02;9.071061e-02;5.073785e-02;1.802710e-01;7.147736e-02;1.985094e-01;3.111492e-02
7.251319e-02;3.901537e-02;9.645215e-02;2.644964e-02;5.712686e-02;9.249680e-02;8.236802e-02;6.200136e-02;1.300648e-01;1.047282e-01;2.022571e-01;3.452658e-02
5.121504e-02;5.229260e-02;1.027992e-01;3.634831e-02;6.134260e-02;7.123303e-02;7.952777e-02;7.964297e-02;1.025262e-01;1.508669e-01;1.826020e-01;2.960337e-02
3.836340e-02;7.660888e-02;1.087910e-01;4.101789e-02;8.039404e-02;5.829529e-02;8.350479e-02;8.348458e-02;7.697184e-02;1.620833e-01;1.637655e-01;2.671948e-02
3.121539e-02;8.488839e-02;8.334174e-02;6.551774e-02;9.027991e-02;7.498619e-02;8.941553e-02;7.782918e-02;9.225567e-02;1.393662e-01;1.301861e-01;4.071800e-02
4.937803e-02;7.677975e-02;7.118495e-02;7.969917e-02;6.553134e-02;1.010274e-01;1.051756e-01;8.905188e-02;1.045759e-01;1.073335e-01;1.032083e-01;4.705422e-02
5.033370e-02;9.796231e-02;7.155025e-02;8.157005e-02;4.859028e-02;9.367701e-02;1.440836e-01;9.475042e-02;1.166756e-01;7.714925e-02;7.949360e-02;4.416399e-02
5.651077e-02;9.116352e-02;6.307783e-02;7.120975e-02;5.365770e-02;7.618377e-02;1.501871e-01;9.792308e-02;1.558315e-01;8.148664e-02;6.967970e-02;3.308856e-02
6.086339e-02;8.250435e-02;7.723179e-02;6.247318e-02;7.084725e-02;6.806929e-02;1.528209e-01;1.019792e-01;1.371467e-01;1.075976e-01;4.520153e-02;3.326474e-02
5.067735e-02;6.759416e-02;1.031615e-01;6.305017e-02;9.289389e-02;5.976655e-02;1.395746e-01;8.644228e-02;8.499720e-02;1.096775e-01;7.702919e-02;6.513560e-02
6.803109e-02;5.389522e-02;9.815922e-02;7.172559e-02;1.136432e-01;7.475211e-02;1.011593e-01;6.516655e-02;5.613653e-02;1.084884e-01;1.146730e-01;7.416974e-02
6.007929e-02;4.081694e-02;1.122038e-01;5.398596e-02;1.094270e-01;8.810782e-02;9.546222e-02;7.225874e-02;7.582869e-02;9.099530e-02;1.206556e-01;8.017864e-02
7.966094e-02;4.791239e-02;1.324266e-01;4.038280e-02;6.872117e-02;7.556063e-02;1.035560e-01;8.621611e-02;1.076112e-01;1.011151e-01;7.818656e-02;7.865059e-02
8.516773e-02;5.508278e-02;1.601364e-01;5.987575e-02;4.145226e-02;6.191932e-02;1.181252e-01;9.775048e-02;1.171177e-01;8.236903e-02;5.313987e-02;6.786353e-02
8.582354e-02;5.314460e-02;1.302111e-01;7.249632e-02;5.183498e-02;5.386644e-02;1.230410e-01;8.976030e-02;1.428225e-01;7.453606e-02;5.342468e-02;6.903850e-02
9.304851e-02;4.757838e-02;1.198265e-01;6.215220e-02;4.944591e-02;5.621604e-02;1.169120e-01;6.901801e-02;1.742797e-01;9.415259e-02;5.645514e-02;6.091509e-02
9.363587e-02;2.981673e-02;1.407692e-01;6.777688e-02;6.766772e-02;6.360412e-02;1.097670e-01;9.241012e-02;1.684383e-01;9.003980e-02;3.865729e-02;3.741697e-02
1.148872e-01;5.976435e-02;1.222637e-01;6.371009e-02;6.054194e-02;5.662019e-02;1.000078e-01;1.073256e-01;1.166467e-01;9.933165e-02;4.398822e-02;5.491250e-02
1.195829e-01;8.023186e-02;1.017745e-01;3.431990e-02;7.176969e-02;4.041377e-02;9.447578e-02;1.129747e-01;1.106676e-01;1.263439e-01;5.912017e-02;4.832527e-02
9.457488e-02;7.905590e-02;2.308150e-01;4.325721e-02;5.475285e-02;5.914052e-02;9.256414e-02;6.949376e-02;9.539564e-02;8.206772e-02;7.740746e-02;2.147492e-02
7.791369e-02;6.349652e-02;2.319919e-01;4.580211e-02;5.462837e-02;6.316464e-02;1.564507e-01;4.912360e-02;9.512713e-02;6.057696e-02;6.867690e-02;3.304740e-02
6.166068e-02;4.077885e-02;1.933256e-01;4.020818e-02;5.756391e-02;7.252041e-02;1.980638e-01;4.872589e-02;1.119151e-01;6.123555e-02;7.036746e-02;4.363448e-02
4.579915e-02;3.196338e-02;1.585610e-01;3.065195e-02;5.813862e-02;7.984841e-02;2.058268e-01;6.355026e-02;1.273187e-01;6.489147e-02;8.415885e-02;4.929135e-02
6.707032e-02;6.576362e-02;1.676638e-01;2.523084e-02;7.087184e-02;7.874484e-02;1.654145e-01;5.706731e-02;1.148766e-01;6.067530e-02;8.714838e-02;3.947275e-02
9.461877e-02;9.399682e-02;1.742674e-01;5.136250e-02;7.957728e-02;7.612573e-02;1.078309e-01;4.417557e-02;8.615245e-02;7.698502e-02;8.910958e-02;2.579802e-02
1.036587e-01;5.517008e-02;2.639349e-01;6.437356e-02;7.046130e-02;6.863937e-02;9.303535e-02;3.153763e-02;6.102720e-02;6.772211e-02;8.318895e-02;3.725091e-02
9.850105e-02;8.445538e-02;1.986173e-01;7.807875e-02;7.558836e-02;5.985382e-02;9.181587e-02;1.856077e-02;9.979627e-02;7.521018e-02;8.171117e-02;3.781103e-02
7.700152e-02;8.149858e-02;1.042758e-01;6.242187e-02;9.253259e-02;6.991302e-02;1.587638e-01;3.035346e-02;1.214513e-01;8.238678e-02;6.761303e-02;5.178822e-02
8.078241e-02;4.277085e-02;2.047008e-01;4.442733e-02;7.780024e-02;6.783619e-02;2.025053e-01;3.785454e-02;1.121310e-01;3.941248e-02;4.479488e-02;4.498400e-02
6.902882e-02;7.504323e-02;2.133371e-01;4.157005e-02;6.103197e-02;8.285236e-02;1.817752e-01;3.296841e-02;1.186540e-01;5.227495e-02;4.676829e-02;2.469561e-02
5.352055e-02;6.690919e-02;2.041085e-01;4.911464e-02;6.578240e-02;9.214629e-02;1.675504e-01;3.631904e-02;1.051486e-01;7.137094e-02;5.610902e-02;3.192043e-02
7.086159e-02;5.445541e-02;1.780106e-01;5.846290e-02;7.631177e-02;8.702701e-02;1.650248e-01;5.025300e-02;6.252577e-02;8.352229e-02;7.227955e-02;4.126532e-02
1.028332e-01;5.268557e-02;1.716825e-01;8.270800e-02;8.123799e-02;6.359605e-02;1.322272e-01;7.917151e-02;5.916204e-02;7.073557e-02;6.444988e-02;3.951052e-02
1.081684e-01;8.208629e-02;1.099873e-01;7.202799e-02;9.414259e-02;7.908345e-02;9.995628e-02;8.854868e-02;9.123671e-02;7.940497e-02;5.529030e-02;4.006708e-02
9.671854e-02;8.016611e-02;1.432949e-01;6.539556e-02;6.157269e-02;4.476306e-02;1.071442e-01;6.540740e-02;8.554279e-02;9.672279e-02;7.602896e-02;7.724301e-02
1.186415e-01;8.806616e-02;1.207912e-01;7.239456e-02;5.187061e-02;3.517628e-02;1.207254e-01;8.127810e-02;1.046300e-01;8.956837e-02;6.502889e-02;5.182891e-02
1.244976e-01;7.421700e-02;1.310930e-01;7.664385e-02;3.904302e-02;3.630925e-02;1.109200e-01;7.921916e-02;1.611547e-01;6.937693e-02;5.027394e-02;4.725156e-02
1.273094e-01;5.691002e-02;1.147639e-01;7.722851e-02;4.528900e-02;3.186155e-02;1.018957e-01;5.371534e-02;1.895903e-01;9.498734e-02;7.360775e-02;3.284126e-02
1.141120e-01;4.299718e-02;1.416079e-01;6.763989e-02;4.046083e-02;4.315598e-02;1.036197e-01;4.016605e-02;1.604468e-01;9.678564e-02;1.001447e-01;4.886323e-02
9.961870e-02;4.849496e-02;2.091430e-01;5.577384e-02;3.748485e-02;6.417648e-02;1.223576e-01;4.164924e-02;8.587160e-02;5.433278e-02;9.835893e-02;8.273795e-02
1.203448e-01;4.525720e-02;1.968482e-01;4.837893e-02;4.127955e-02;6.198927e-02;1.191873e-01;5.611932e-02;9.327351e-02;5.116076e-02;7.345679e-02;9.270441e-02
1.394360e-01;3.036328e-02;1.656800e-01;4.137427e-02;3.738262e-02;6.408481e-02;9.456825e-02;4.575496e-02;1.560771e-01;7.566457e-02;8.739356e-02;6.222058e-02
1.443414e-01;4.102236e-02;1.150300e-01;4.349945e-02;4.450627e-02;5.902971e-02;7.903142e-02;3.593769e-02;2.065060e-01;1.019736e-01;8.498336e-02;4.413873e-02
1.427696e-01;5.418853e-02;8.002598e-02;5.040511e-02;5.591555e-02;4.161963e-02;7.111533e-02;3.241564e-02;2.427799e-01;1.308590e-01;6.728799e-02;3.061776e-02
1.230221e-01;5.915809e-02;7.917469e-02;5.473994e-02;6.241919e-02;3.518498e-02;9.685253e-02;3.242699e-02;2.401360e-01;1.469760e-01;4.909970e-02;2.080985e-02
1.026261e-01;6.824390e-02;8.040981e-02;6.708378e-02;6.000627e-02;3.563179e-02;1.279681e-01;6.493702e-02;1.901576e-01;1.343653e-01;3.949239e-02;2.907808e-02
1.017147e-01;8.297600e-02;1.124621e-01;5.354935e-02;5.782113e-02;5.062636e-02;1.153654e-01;5.562886e-02;1.379080e-01;1.013219e-01;7.449011e-02;5.613609e-02
8.650571e-02;5.461228e-02;1.764808e-01;5.369087e-02;5.251097e-02;6.582497e-02;7.400587e-02;3.737622e-02;1.539530e-01;1.420752e-01;7.005947e-02;3.290471e-02
7.127053e-02;5.533640e-02;1.621949e-01;9.040269e-02;7.828227e-02;7.611398e-02;8.133984e-02;3.981801e-02;8.402381e-02;1.321355e-01;8.610930e-02;4.297281e-02
7.714412e-02;4.463878e-02;1.076898e-01;9.463324e-02;6.181863e-02;8.519335e-02;1.053651e-01;6.442122e-02;1.455924e-01;9.465053e-02;6.645600e-02;5.239686e-02
7.014608e-02;4.772044e-02;1.184351e-01;8.729696e-02;5.390781e-02;8.065637e-02;1.275626e-01;8.100748e-02;1.033194e-01;1.100573e-01;8.109899e-02;3.879142e-02
4.309892e-02;7.587350e-02;1.531504e-01;7.027445e-02;5.846162e-02;6.570242e-02;9.982836e-02;9.251813e-02;6.390146e-02;1.154856e-01;9.944540e-02;6.225968e-02
3.646674e-02;7.551094e-02;1.881625e-01;5.893190e-02;6.350796e-02;5.637700e-02;9.680909e-02;9.675322e-02;6.163022e-02;1.106970e-01;1.021968e-01;5.295667e-02
1.091726e-01;8.958676e-02;2.233035e-01;5.235904e-02;4.345012e-02;5.815165e-02;7.323368e-02;9.030785e-02;8.497260e-02;6.608471e-02;7.313702e-02;3.624052e-02
1.084544e-01;9.190465e-02;2.273312e-01;3.846625e-02;4.693907e-02;6.014148e-02;1.208017e-01;7.003832e-02;8.896152e-02;4.017300e-02;5.828853e-02;4.849992e-02
8.110198e-02;6.749357e-02;2.100265e-01;4.989245e-02;5.487420e-02;7.218018e-02;1.352074e-01;4.657976e-02;1.062441e-01;5.494620e-02;7.703655e-02;4.441705e-02
7.328040e-02;6.417448e-02;1.895882e-01;6.305131e-02;6.934100e-02;8.128388e-02;1.013483e-01;3.268696e-02;9.252751e-02;9.024879e-02;9.842892e-02;4.404032e-02
7.483147e-02;1.107198e-01;1.859520e-01;5.964580e-02;6.094332e-02;6.466930e-02;1.310321e-01;4.234699e-02;5.816050e-02;8.339123e-02;9.266223e-02;3.564531e-02
9.101284e-02;1.322425e-01;2.273530e-01;4.675879e-02;5.680161e-02;4.659922e-02;1.084706e-01;2.673451e-02;6.558671e-02;8.364308e-02;8.493377e-02;2.986333e-02
1.022429e-01;1.178873e-01;2.912188e-01;3.723569e-02;6.770679e-02;3.975988e-02;3.408704e-02;1.261670e-02;7.561712e-02;1.037460e-01;9.392384e-02;2.395793e-02
9.607857e-02;8.855017e-02;3.163592e-01;4.153597e-02;6.619254e-02;3.475695e-02;9.361491e-02;1.844953e-02;6.339445e-02;7.575489e-02;7.788762e-02;2.742517e-02
1.228578e-01;1.550866e-01;2.970299e-01;6.371943e-02;5.713892e-02;4.394058e-02;3.396233e-02;2.205301e-02;7.077923e-02;4.763934e-02;5.662425e-02;2.916862e-02
9.012076e-02;8.396330e-02;2.363994e-01;6.880876e-02;6.515525e-02;6.481925e-02;1.167578e-01;2.698314e-02;7.181189e-02;7.701691e-02;5.478644e-02;4.337708e-02
8.812538e-02;7.328063e-02;1.236622e-01;7.250359e-02;7.133073e-02;7.089935e-02;1.639578e-01;4.975602e-02;6.594024e-02;1.099291e-01;7.753962e-02;3.307533e-02
1.036397e-01;9.272285e-02;8.875615e-02;6.153016e-02;5.885183e-02;7.358642e-02;1.279907e-01;6.902936e-02;9.399058e-02;1.094553e-01;7.480714e-02;4.563982e-02
9.574681e-02;8.529687e-02;8.265772e-02;5.350560e-02;5.325833e-02;7.964650e-02;1.351524e-01;8.000094e-02;1.003335e-01;1.038271e-01;7.906748e-02;5.150678e-02
7.462361e-02;5.484179e-02;1.150684e-01;4.354535e-02;5.893941e-02;8.198997e-02;1.491318e-01;5.473085e-02;1.217889e-01;1.102197e-01;7.764460e-02;5.747557e-02
7.079096e-02;6.117682e-02;1.071138e-01;4.672161e-02;5.719744e-02;1.013938e-01;1.363615e-01;6.681850e-02;1.436410e-01;1.106527e-01;5.529945e-02;4.283246e-02
5.136094e-02;5.157129e-02;1.009391e-01;4.868534e-02;4.896438e-02;1.054814e-01;1.335970e-01;1.383217e-01;1.622338e-01;9.836030e-02;2.874193e-02;3.174281e-02
3.504880e-02;3.367469e-02;6.616890e-02;5.717980e-02;4.351483e-02;8.324735e-02;1.848293e-01;1.917644e-01;1.674874e-01;9.675843e-02;2.003741e-02;2.028865e-02
4.048760e-02;3.334535e-02;5.837213e-02;5.242477e-02;5.356053e-02;1.203556e-01;1.968634e-01;1.451186e-01;1.539550e-01;9.472934e-02;3.227285e-02;1.851473e-02
4.103814e-02;3.576743e-02;7.942875e-02;4.230838e-02;7.830289e-02;1.354606e-01;1.823644e-01;1.026361e-01;1.302987e-01;1.075843e-01;3.662198e-02;2.818824e-02
2.626473e-02;3.917295e-02;1.084209e-01;7.039701e-02;9.263409e-02;1.308748e-01;1.310713e-01;7.664219e-02;1.325642e-01;9.367735e-02;5.403702e-02;4.424344e-02
3.764986e-02;3.607794e-02;1.042607e-01;1.084306e-01;9.421482e-02;1.109493e-01;1.330079e-01;8.773945e-02;1.334141e-01;6.575762e-02;5.171238e-02;3.678532e-02
3.514284e-02;5.794565e-02;1.114607e-01;7.895372e-02;8.179318e-02;1.001016e-01;1.611809e-01;9.359490e-02;1.319366e-01;7.561405e-02;4.482160e-02;2.745434e-02
3.737278e-02;7.030480e-02;1.361501e-01;6.340823e-02;9.772303e-02;8.996601e-02;1.077074e-01;9.202051e-02;1.046518e-01;9.985955e-02;6.227497e-02;3.856078e-02
8.946792e-02;6.459413e-02;1.299282e-01;8.692050e-02;9.202558e-02;7.581361e-02;8.901528e-02;7.859612e-02;8.617585e-02;8.069909e-02;7.389916e-02;5.286453e-02
1.166418e-01;6.553762e-02;1.290380e-01;7.572747e-02;1.005187e-01;8.129724e-02;7.683042e-02;8.156710e-02;8.154812e-02;6.831920e-02;7.137882e-02;5.159546e-02
1.079910e-01;7.860509e-02;1.414387e-01;8.774671e-02;1.017769e-01;8.635020e-02;8.055756e-02;8.137953e-02;6.410328e-02;6.155098e-02;6.782253e-02;4.067746e-02
7.668436e-02;7.944769e-02;1.544972e-01;1.035873e-01;1.028324e-01;9.403777e-02;8.080467e-02;8.308381e-02;7.132222e-02;6.170670e-02;6.682448e-02;2.517136e-02
3.460910e-02;6.830287e-02;1.567471e-01;7.681695e-02;8.590651e-02;8.524960e-02;8.564411e-02;9.656232e-02;1.207337e-01;6.197256e-02;6.268319e-02;6.477195e-02
1.121857e-01;7.194687e-02;1.249096e-01;2.874752e-02;4.693476e-02;3.693833e-02;1.153022e-01;1.086638e-01;1.257600e-01;5.877579e-02;7.224222e-02;9.759321e-02
1.277526e-01;7.020038e-02;1.063760e-01;3.664376e-02;4.660197e-02;3.641674e-02;1.000897e-01;1.202100e-01;1.237318e-01;6.228118e-02;4.700685e-02;1.226891e-01
1.049233e-01;7.183519e-02;7.617934e-02;3.522141e-02;5.148060e-02;3.420027e-02;8.609577e-02;1.200318e-01;1.131959e-01;9.919232e-02;5.534122e-02;1.523029e-01
7.146668e-02;9.143001e-02;6.130199e-02;2.536287e-02;5.585476e-02;3.317849e-02;9.578988e-02;1.241637e-01;8.331941e-02;1.184414e-01;6.844112e-02;1.712497e-01
6.304825e-02;7.799040e-02;5.678838e-02;2.232290e-02;5.510349e-02;3.986877e-02;1.233474e-01;1.203813e-01;9.377324e-02;1.058846e-01;7.932561e-02;1.621656e-01
6.182260e-02;6.632795e-02;6.373999e-02;3.308725e-02;5.694257e-02;4.368507e-02;1.712760e-01;8.942261e-02;8.089213e-02;1.032025e-01;9.202581e-02;1.375755e-01
7.512450e-02;7.906878e-02;1.016732e-01;3.893007e-02;5.764031e-02;3.847979e-02;2.037252e-01;9.449604e-02;3.377561e-02;1.010657e-01;6.061885e-02;1.154020e-01
9.031599e-02;7.618275e-02;1.353360e-01;5.599739e-02;5.443811e-02;5.525532e-02;1.905703e-01;7.837807e-02;4.010325e-02;7.984946e-02;3.973100e-02;1.038424e-01
7.005989e-02;4.619450e-02;1.471734e-01;7.871225e-02;5.889864e-02;5.670863e-02;1.416378e-01;5.721767e-02;5.289293e-02;1.128288e-01;8.817259e-02;8.950281e-02
7.400346e-02;3.107854e-02;1.542470e-01;6.646327e-02;7.456066e-02;5.263122e-02;1.450224e-01;6.597527e-02;4.362139e-02;1.389197e-01;7.694579e-02;7.653122e-02
9.722617e-02;5.285572e-02;1.686599e-01;4.720198e-02;7.771320e-02;5.214738e-02;1.254423e-01;4.418373e-02;4.641362e-02;1.460799e-01;7.870432e-02;6.337178e-02
1.335225e-01;6.277135e-02;1.270793e-01;5.065135e-02;7.435039e-02;5.203035e-02;1.020647e-01;3.917643e-02;6.820248e-02;1.591420e-01;8.680029e-02;4.420893e-02
1.564947e-01;6.014153e-02;1.558461e-01;5.249378e-02;6.051391e-02;4.477680e-02;7.067949e-02;3.751737e-02;8.165079e-02;1.699619e-01;7.779665e-02;3.212688e-02
1.595540e-01;6.339612e-02;1.874142e-01;5.492441e-02;5.488211e-02;4.053784e-02;4.671523e-02;3.927554e-02;8.569060e-02;1.613604e-01;7.545149e-02;3.079807e-02
1.565009e-01;5.033766e-02;1.613247e-01;5.456428e-02;6.284191e-02;3.503077e-02;8.285141e-02;4.368738e-02;9.806696e-02;1.503129e-01;7.651289e-02;2.796827e-02
1.338117e-01;3.750348e-02;1.760734e-01;5.086232e-02;5.765140e-02;2.510499e-02;1.089224e-01;6.268003e-02;1.149214e-01;1.325682e-01;7.247429e-02;2.742655e-02
1.121313e-01;3.018934e-02;1.928394e-01;5.773158e-02;4.698231e-02;2.407153e-02;8.446928e-02;5.131686e-02;1.354947e-01;1.440007e-01;8.781800e-02;3.295500e-02
9.029362e-02;2.856198e-02;1.960135e-01;6.190529e-02;4.549098e-02;2.938368e-02;8.679206e-02;6.370822e-02;1.185438e-01;1.615716e-01;8.713979e-02;3.059539e-02
1.115348e-01;3.975307e-02;1.841325e-01;5.247129e-02;6.773420e-02;2.928799e-02;1.451112e-01;4.127380e-02;8.835062e-02;1.394966e-01;7.540400e-02;2.545002e-02
1.273603e-01;5.357497e-02;1.945340e-01;4.373267e-02;6.674003e-02;3.753314e-02;1.513068e-01;3.598097e-02;6.930568e-02;1.272817e-01;6.939744e-02;2.325232e-02
1.274357e-01;4.739701e-02;2.264279e-01;4.492704e-02;5.742931e-02;2.673582e-02;1.497979e-01;3.981573e-02;6.672157e-02;1.265099e-01;6.107704e-02;2.572500e-02
1.122143e-01;4.065340e-02;2.337223e-01;5.588437e-02;4.848012e-02;2.653112e-02;1.427043e-01;4.444830e-02;6.796051e-02;1.360727e-01;6.370613e-02;2.762255e-02
5.951448e-02;3.104299e-02;2.189338e-01;7.389653e-02;5.468753e-02;5.395488e-02;1.564531e-01;5.762798e-02;8.132564e-02;1.239059e-01;5.510087e-02;3.355641e-02
2.120299e-02;1.754842e-02;2.130729e-01;8.757068e-02;5.630043e-02;6.065306e-02;1.433019e-01;8.551647e-02;1.069157e-01;1.131512e-01;5.926422e-02;3.550192e-02
2.913059e-02;2.918701e-02;2.333697e-01;7.269941e-02;2.964596e-02;4.666106e-02;1.991699e-01;1.021068e-01;1.076977e-01;7.933896e-02;4.309601e-02;2.789692e-02
3.745404e-02;3.640972e-02;2.469344e-01;6.222304e-02;3.110981e-02;3.710577e-02;2.077257e-01;1.019869e-01;9.548701e-02;8.812544e-02;2.853864e-02;2.689944e-02
3.841059e-02;2.077636e-02;2.675562e-01;5.925111e-02;2.387250e-02;3.094199e-02;1.797123e-01;1.032429e-01;9.808380e-02;1.037688e-01;3.759315e-02;3.679041e-02
3.139941e-02;2.446018e-02;2.637085e-01;5.505553e-02;2.969255e-02;2.231154e-02;1.712284e-01;1.016593e-01;1.063804e-01;1.137521e-01;3.813959e-02;4.221251e-02
3.097865e-02;2.751018e-02;2.408112e-01;5.810386e-02;4.362253e-02;2.028057e-02;1.641916e-01;8.363278e-02;1.122588e-01;1.318975e-01;4.089894e-02;4.581339e-02
3.319394e-02;3.475783e-02;2.067421e-01;6.716742e-02;4.891443e-02;1.550488e-02;1.328827e-01;7.769054e-02;1.325970e-01;1.511741e-01;5.025999e-02;4.911506e-02
3.866498e-02;2.972539e-02;1.820868e-01;9.014653e-02;3.576132e-02;1.895443e-02;1.271931e-01;7.394957e-02;1.504670e-01;1.696105e-01;5.065646e-02;3.278396e-02
7.121192e-02;2.646237e-02;2.020294e-01;1.168178e-01;3.890251e-02;1.948642e-02;5.606669e-02;4.863000e-02;1.481917e-01;2.031153e-01;5.470150e-02;1.438444e-02
7.861660e-02;3.004498e-02;1.961422e-01;1.270445e-01;4.769532e-02;1.700613e-02;6.614517e-02;4.224907e-02;1.398824e-01;1.743086e-01;6.347806e-02;1.738691e-02
9.540059e-02;1.753941e-02;1.715274e-01;1.384890e-01;5.530492e-02;1.798898e-02;4.251093e-02;3.574461e-02;1.524605e-01;1.756453e-01;7.560523e-02;2.178312e-02
1.200600e-01;3.383933e-02;1.196004e-01;1.210910e-01;6.031825e-02;1.609022e-02;4.875993e-02;2.809770e-02;1.432118e-01;2.052461e-01;8.154716e-02;2.213807e-02
1.414583e-01;7.057218e-02;8.379801e-02;8.973658e-02;8.133397e-02;1.400316e-02;3.151978e-02;1.992581e-02;1.091329e-01;2.390400e-01;8.860134e-02;3.087786e-02
1.391496e-01;8.774350e-02;6.558725e-02;8.346615e-02;9.635586e-02;2.367727e-02;3.811267e-02;3.031844e-02;8.162013e-02;2.236318e-01;9.267827e-02;3.765908e-02
1.059298e-01;9.205783e-02;4.781748e-02;7.235190e-02;1.177931e-01;3.875526e-02;2.631456e-02;2.782458e-02;8.002011e-02;2.256292e-01;1.061556e-01;5.935069e-02
4.930390e-02;1.056330e-01;7.642396e-02;5.255421e-02;1.150798e-01;5.340081e-02;6.234196e-02;4.275689e-02;4.629731e-02;2.241636e-01;1.200708e-01;5.197373e-02
6.327776e-02;1.050589e-01;1.640791e-01;3.668350e-02;7.861246e-02;5.645308e-02;8.498867e-02;4.609989e-02;4.325205e-02;1.495206e-01;1.261155e-01;4.585858e-02
1.100958e-01;1.089397e-01;1.956131e-01;2.736867e-02;5.606267e-02;4.515818e-02;9.525225e-02;5.153672e-02;4.328253e-02;1.026031e-01;1.162029e-01;4.788427e-02
1.196828e-01;1.048756e-01;1.446817e-01;3.070279e-02;5.182684e-02;3.976748e-02;1.107054e-01;5.217067e-02;3.407599e-02;1.095872e-01;1.456013e-01;5.632225e-02
8.145984e-02;7.881342e-02;1.412040e-01;3.338946e-02;5.025900e-02;5.973107e-02;1.436428e-01;5.883181e-02;3.364512e-02;1.125042e-01;1.674792e-01;3.904008e-02
4.863584e-02;3.768529e-02;2.079491e-01;2.535390e-02;4.727198e-02;7.045429e-02;1.511474e-01;4.522743e-02;5.197847e-02;1.018707e-01;1.594956e-01;5.293003e-02
6.193368e-02;6.590638e-02;2.510946e-01;2.072593e-02;6.004092e-02;6.432644e-02;1.286341e-01;2.316799e-02;4.608095e-02;8.794986e-02;1.423356e-01;4.780350e-02
8.982788e-02;1.255343e-01;2.309164e-01;3.211605e-02;6.758712e-02;5.857790e-02;8.176523e-02;3.399285e-02;2.264771e-02;8.902044e-02;1.265771e-01;4.143698e-02
1.000441e-01;1.588584e-01;2.125698e-01;4.529930e-02;5.631370e-02;5.407860e-02;5.238982e-02;4.176110e-02;2.860876e-02;8.365547e-02;1.211531e-01;4.526779e-02
1.087857e-01;1.494664e-01;1.968586e-01;5.092361e-02;5.929643e-02;4.907155e-02;9.158365e-02;3.771297e-02;3.347353e-02;7.120799e-02;1.083174e-01;4.330219e-02
1.151383e-01;1.193268e-01;1.904803e-01;5.103398e-02;8.113410e-02;5.388498e-02;7.884609e-02;3.069457e-02;4.091506e-02;7.961158e-02;1.115675e-01;4.736674e-02
1.259715e-01;6.433414e-02;1.368727e-01;4.007153e-02;7.873639e-02;5.858965e-02;8.840575e-02;2.239310e-02;5.390742e-02;1.157243e-01;1.394828e-01;7.551071e-02
1.017484e-01;7.466071e-02;2.501835e-01;3.096158e-02;5.737926e-02;4.816629e-02;9.434727e-02;2.105058e-02;4.858679e-02;1.013010e-01;1.122770e-01;5.933770e-02
8.801736e-02;9.419728e-02;2.791603e-01;3.447655e-02;5.407706e-02;3.531026e-02;9.772772e-02;2.849673e-02;3.743792e-02;9.724879e-02;1.091816e-01;4.466843e-02
6.351173e-02;5.801166e-02;2.485823e-01;5.419153e-02;6.111280e-02;2.396058e-02;9.843350e-02;4.471766e-02;5.712152e-02;1.147783e-01;1.080908e-01;6.748764e-02
4.047220e-02;7.417727e-02;1.987934e-01;8.493844e-02;6.639802e-02;3.802865e-02;7.470544e-02;3.376810e-02;7.142700e-02;1.164461e-01;1.294672e-01;7.137808e-02
1.153140e-01;7.961719e-02;9.577212e-02;7.536905e-02;6.697521e-02;7.846437e-02;8.797844e-02;4.141975e-02;7.670204e-02;1.072986e-01;1.037160e-01;7.137325e-02
1.207567e-01;9.893035e-02;1.167205e-01;6.495436e-02;6.256443e-02;7.529440e-02;9.147009e-02;4.487729e-02;6.591554e-02;9.866658e-02;8.170661e-02;7.814318e-02
1.211932e-01;1.085608e-01;1.273341e-01;5.680138e-02;5.696363e-02;7.193367e-02;9.213337e-02;4.997306e-02;5.801439e-02;9.866630e-02;7.666117e-02;8.176500e-02
1.245206e-01;1.061425e-01;1.319274e-01;4.624019e-02;5.009615e-02;7.369541e-02;9.130552e-02;6.787585e-02;5.068239e-02;9.559517e-02;7.269339e-02;8.922538e-02
1.331796e-01;7.641634e-02;1.523681e-01;6.297760e-02;5.577539e-02;5.442363e-02;8.555281e-02;8.329315e-02;8.490168e-02;6.713152e-02;8.072086e-02;6.325927e-02
9.624138e-02;1.010169e-01;1.759799e-01;7.795306e-02;4.824946e-02;5.734742e-02;8.943819e-02;8.020553e-02;9.308810e-02;6.189314e-02;6.907694e-02;4.950998e-02
9.713140e-02;6.553402e-02;2.307306e-01;7.866666e-02;3.918695e-02;5.086242e-02;8.875589e-02;6.227706e-02;9.257293e-02;4.707044e-02;7.202841e-02;7.518319e-02
9.628186e-02;5.573164e-02;2.858134e-01;5.342956e-02;5.853373e-02;4.479641e-02;8.953825e-02;5.835472e-02;9.317425e-02;6.269234e-02;5.282564e-02;4.882829e-02
8.767518e-02;5.910054e-02;2.690155e-01;5.408345e-02;6.014833e-02;4.777789e-02;1.067076e-01;6.370986e-02;8.424496e-02;6.930445e-02;5.851985e-02;3.971240e-02
8.104873e-02;6.097973e-02;2.431161e-01;5.125202e-02;6.569398e-02;5.609657e-02;1.232950e-01;7.242884e-02;8.316089e-02;6.592980e-02;5.903187e-02;3.796643e-02
9.052141e-02;5.104095e-02;2.030736e-01;4.794699e-02;8.034252e-02;7.070775e-02;1.299843e-01;9.646975e-02;7.897750e-02;5.845419e-02;5.799738e-02;3.448359e-02
9.356245e-02;6.586853e-02;2.604277e-01;4.364717e-02;5.766934e-02;5.103282e-02;1.003887e-01;9.429029e-02;8.604112e-02;6.511139e-02;5.192355e-02;3.003689e-02
6.597526e-02;7.640191e-02;2.311459e-01;5.326638e-02;7.646777e-02;6.187209e-02;1.161842e-01;6.464328e-02;9.913202e-02;6.566235e-02;5.313630e-02;3.611244e-02
3.607273e-02;8.895134e-02;1.603915e-01;6.355152e-02;1.161432e-01;7.747084e-02;1.221302e-01;5.445413e-02;1.099882e-01;6.271649e-02;5.961746e-02;4.851249e-02
8.872669e-02;1.109760e-01;2.360723e-01;5.783384e-02;1.114931e-01;5.365572e-02;9.749137e-02;3.055546e-02;6.683813e-02;5.638972e-02;6.495675e-02;2.501087e-02
8.475888e-02;1.061150e-01;1.686983e-01;4.221419e-02;1.030892e-01;5.878582e-02;1.156833e-01;3.957651e-02;3.213025e-02;8.663542e-02;1.126926e-01;4.962054e-02
5.841083e-02;5.232359e-02;8.914806e-02;2.158546e-02;9.538618e-02;7.275075e-02;2.359159e-01;2.738709e-02;4.349946e-02;1.108372e-01;1.319965e-01;6.075893e-02
6.905374e-02;4.187901e-02;9.117136e-02;1.960063e-02;7.304718e-02;7.032406e-02;2.575184e-01;3.258329e-02;4.615790e-02;7.004073e-02;1.390597e-01;8.956396e-02
4.053511e-02;3.906737e-02;1.174432e-01;1.507930e-02;4.712203e-02;6.232778e-02;1.834887e-01;2.209646e-02;4.867873e-02;9.599479e-02;2.112057e-01;1.169608e-01
7.666675e-02;2.667245e-02;1.076676e-01;2.225316e-02;2.286997e-02;5.066749e-02;1.158372e-01;2.238136e-02;4.290692e-02;1.071436e-01;2.472483e-01;1.576852e-01
9.697264e-02;2.049255e-02;6.625806e-02;3.041769e-02;2.425203e-02;3.842459e-02;1.529182e-01;2.076922e-02;2.890132e-02;8.195599e-02;2.217466e-01;2.168912e-01
1.102344e-01;2.660692e-02;5.944087e-02;5.219039e-02;1.912678e-02;2.956578e-02;1.675042e-01;1.563332e-02;2.771982e-02;7.139774e-02;1.731962e-01;2.473836e-01
1.528820e-01;3.122515e-02;5.743970e-02;7.220375e-02;2.132479e-02;1.889043e-02;1.683296e-01;1.935938e-02;2.397712e-02;5.951622e-02;1.256572e-01;2.491947e-01
2.023823e-01;4.600329e-02;8.507675e-02;8.736942e-02;2.229597e-02;1.979040e-02;1.394027e-01;2.187747e-02;2.071951e-02;5.998687e-02;9.228959e-02;2.028057e-01
2.946430e-01;9.708976e-02;1.281229e-01;7.067035e-02;2.397135e-02;2.412491e-02;9.300756e-02;1.787885e-02;2.032864e-02;5.179045e-02;5.571676e-02;1.226554e-01
3.399404e-01;9.517313e-02;9.446859e-02;5.855261e-02;1.876417e-02;2.368695e-02;8.932188e-02;4.100360e-02;1.427396e-02;5.363904e-02;4.878653e-02;1.223891e-01
3.401573e-01;4.572394e-02;5.768736e-02;6.050382e-02;1.097351e-02;1.679836e-02;1.147437e-01;5.125557e-02;1.290241e-02;7.037731e-02;4.615565e-02;1.727211e-01
2.548761e-01;2.119839e-02;9.834299e-02;7.007401e-02;9.210485e-03;1.310142e-02;1.437293e-01;4.083928e-02;1.518724e-02;8.254722e-02;4.526788e-02;2.056257e-01
2.344218e-01;2.077531e-02;4.642216e-02;8.051548e-02;1.102559e-02;1.332225e-02;1.647932e-01;3.135069e-02;1.256855e-02;9.555905e-02;6.152250e-02;2.277234e-01
