8.867396e-02;5.886460e-02;1.391312e-01;5.510051e-02;7.512917e-02;3.872073e-02;3.127247e-01;4.804485e-02;4.827387e-02;5.542373e-02;4.928135e-02;3.063134e-02
8.307364e-02;6.275389e-02;1.755662e-01;6.346222e-02;7.247718e-02;5.233035e-02;2.754203e-01;3.667768e-02;4.286452e-02;6.437913e-02;4.250061e-02;2.849420e-02
7.543325e-02;4.892879e-02;2.537865e-01;6.773470e-02;7.168940e-02;5.365287e-02;2.191807e-01;2.838863e-02;3.359246e-02;7.369202e-02;4.874172e-02;2.517894e-02
5.555199e-02;3.425979e-02;3.898107e-01;6.279018e-02;6.664882e-02;3.966632e-02;1.508921e-01;1.867924e-02;2.120646e-02;8.453071e-02;5.160664e-02;2.435715e-02
2.692131e-02;5.702850e-02;4.971212e-01;4.679410e-02;6.038774e-02;3.167857e-02;9.355269e-02;1.721876e-02;2.910071e-02;8.266449e-02;3.534526e-02;2.218672e-02
2.821567e-02;9.213602e-02;4.609100e-01;4.945925e-02;3.559031e-02;6.543077e-02;5.976017e-02;2.374078e-02;4.591217e-02;6.865505e-02;2.843793e-02;4.175192e-02
4.280942e-02;1.162947e-01;3.599385e-01;6.847182e-02;2.144635e-02;8.022147e-02;7.219841e-02;2.091083e-02;6.188083e-02;6.857443e-02;3.104322e-02;5.621003e-02
7.184019e-02;1.041835e-01;2.884835e-01;7.177157e-02;4.150927e-02;6.884512e-02;1.078986e-01;2.869323e-02;5.859313e-02;6.194557e-02;3.879053e-02;5.744591e-02
9.472583e-02;7.744467e-02;1.930641e-01;7.562644e-02;6.018649e-02;6.591330e-02;1.696849e-01;3.400153e-02;5.782566e-02;6.476888e-02;4.394654e-02;6.281164e-02
7.494790e-02;4.395338e-02;3.200609e-01;4.904290e-02;4.718853e-02;5.830921e-02;1.483666e-01;1.936834e-02;5.981435e-02;5.792870e-02;5.543872e-02;6.558038e-02
5.218047e-02;4.601268e-02;3.416404e-01;4.506210e-02;6.301971e-02;4.580501e-02;1.333429e-01;3.728087e-02;3.717943e-02;4.613985e-02;8.360504e-02;6.873148e-02
6.169041e-02;5.352803e-02;3.722183e-01;3.664380e-02;6.910272e-02;4.141677e-02;1.055523e-01;3.287245e-02;3.439143e-02;4.692548e-02;9.013957e-02;5.551876e-02
6.795688e-02;7.060169e-02;4.028722e-01;4.756560e-02;5.929612e-02;3.197060e-02;9.850112e-02;3.958881e-02;3.168013e-02;3.746222e-02;7.496623e-02;3.753846e-02
7.887722e-02;6.243487e-02;3.056922e-01;3.464566e-02;5.335335e-02;3.400255e-02;1.462289e-01;2.621512e-02;4.292311e-02;8.807334e-02;8.194761e-02;4.560604e-02
5.795354e-02;5.547082e-02;2.925779e-01;3.959488e-02;4.371482e-02;4.152721e-02;1.081793e-01;4.075855e-02;4.173593e-02;1.215254e-01;9.790541e-02;5.905631e-02
7.670855e-02;8.486119e-02;2.285746e-01;3.072505e-02;2.918146e-02;4.619765e-02;9.200957e-02;3.112045e-02;9.843431e-02;1.032216e-01;9.617148e-02;8.279418e-02
5.730019e-02;9.885386e-02;2.269897e-01;2.011434e-02;2.129762e-02;5.855054e-02;8.737031e-02;2.785238e-02;1.605752e-01;5.509062e-02;6.365249e-02;1.223527e-01
2.639790e-02;6.716876e-02;2.994682e-01;2.235361e-02;1.762804e-02;7.324479e-02;8.687855e-02;3.785082e-02;1.454778e-01;8.194720e-02;1.986708e-02;1.217173e-01
2.615104e-02;7.787687e-02;3.562212e-01;2.227767e-02;1.783964e-02;8.363435e-02;6.445806e-02;3.219454e-02;1.372445e-01;7.104760e-02;1.117911e-02;9.987548e-02
2.498144e-02;8.753965e-02;3.389871e-01;1.523172e-02;1.568511e-02;9.000515e-02;7.129852e-02;2.914859e-02;1.650005e-01;7.837179e-02;1.937503e-02;6.437545e-02
3.740194e-02;7.848173e-02;2.979280e-01;1.981461e-02;2.252801e-02;9.505043e-02;9.721804e-02;3.749551e-02;1.709673e-01;7.795909e-02;2.325115e-02;4.190417e-02
4.383039e-02;6.451537e-02;3.331406e-01;4.462730e-02;3.140611e-02;9.129295e-02;9.541421e-02;4.416013e-02;1.361910e-01;5.796325e-02;2.521682e-02;3.224192e-02
4.404328e-02;7.550833e-02;4.651435e-01;6.644177e-02;3.289707e-02;7.683537e-02;2.598114e-02;2.749723e-02;1.028543e-01;3.297057e-02;1.219571e-02;3.763167e-02
3.544611e-02;7.837645e-02;4.612700e-01;5.676427e-02;2.343199e-02;5.572566e-02;6.241347e-02;2.952790e-02;8.282790e-02;3.107859e-02;3.672393e-02;4.641368e-02
5.553495e-02;7.859430e-02;3.788070e-01;4.612423e-02;3.467399e-02;4.361385e-02;1.142625e-01;3.329879e-02;6.587694e-02;2.148418e-02;8.327068e-02;4.445859e-02
1.131270e-01;1.112687e-01;2.599811e-01;2.356469e-02;5.448694e-02;2.777019e-02;1.387384e-01;4.554698e-02;3.026692e-02;3.747033e-02;1.262026e-01;3.157623e-02
1.132962e-01;1.057693e-01;2.885479e-01;1.710660e-02;6.406152e-02;3.851724e-02;1.106788e-01;3.141885e-02;6.424951e-02;3.123376e-02;1.015355e-01;3.358496e-02
5.999806e-02;7.757133e-02;3.479275e-01;3.773434e-02;6.312021e-02;5.342542e-02;1.292215e-01;2.510991e-02;5.145995e-02;5.391497e-02;6.889889e-02;3.161793e-02
6.138248e-02;5.380623e-02;3.548379e-01;4.685789e-02;6.198262e-02;4.995210e-02;1.327426e-01;2.837568e-02;2.993329e-02;7.751575e-02;7.012308e-02;3.249032e-02
6.634411e-02;8.662187e-02;3.075632e-01;3.752460e-02;3.860464e-02;5.521366e-02;1.149402e-01;1.955241e-02;6.385210e-02;9.793551e-02;6.578258e-02;4.606518e-02
5.326826e-02;1.334671e-01;2.756795e-01;3.252188e-02;1.751226e-02;7.674754e-02;6.618031e-02;3.156055e-02;1.033750e-01;1.027012e-01;4.771486e-02;5.927161e-02
6.556913e-02;1.469993e-01;2.716291e-01;3.100502e-02;1.940947e-02;9.033906e-02;5.684922e-02;3.276499e-02;1.175869e-01;8.503655e-02;2.494849e-02;5.786278e-02
6.657767e-02;1.365245e-01;3.028250e-01;2.936648e-02;2.100466e-02;8.878148e-02;6.574285e-02;3.240342e-02;1.089741e-01;7.839319e-02;1.514812e-02;5.425854e-02
5.361523e-02;8.582377e-02;3.772978e-01;2.993635e-02;2.816282e-02;6.885456e-02;8.110394e-02;3.127952e-02;7.600749e-02;9.965424e-02;2.532869e-02;4.293552e-02
3.827037e-02;3.310682e-02;4.508181e-01;4.332884e-02;3.494567e-02;3.798867e-02;8.933707e-02;3.013011e-02;4.884473e-02;1.179036e-01;5.242695e-02;2.289905e-02
4.367087e-02;1.378474e-02;4.421256e-01;7.334865e-02;4.899703e-02;2.969138e-02;6.524030e-02;4.069908e-02;2.308798e-02;9.653480e-02;9.980424e-02;2.301535e-02
2.606982e-02;2.215873e-02;3.890134e-01;1.067851e-01;6.772809e-02;3.716822e-02;5.059157e-02;5.941005e-02;1.249308e-02;5.901895e-02;1.388847e-01;3.067822e-02
2.214462e-02;3.211711e-02;3.214318e-01;1.262585e-01;8.779008e-02;4.241692e-02;3.472698e-02;7.210075e-02;1.219318e-02;4.772561e-02;1.586495e-01;4.244493e-02
5.212839e-02;4.025659e-02;2.646211e-01;1.156901e-01;1.134411e-01;4.335973e-02;3.199407e-02;6.192556e-02;3.156677e-02;4.250655e-02;1.386377e-01;6.387239e-02
7.005340e-02;3.808678e-02;2.584064e-01;9.809759e-02;1.208026e-01;4.467885e-02;4.924950e-02;4.574639e-02;3.991714e-02;3.458208e-02;1.221866e-01;7.819261e-02
7.050902e-02;3.695673e-02;2.903477e-01;9.425152e-02;9.070167e-02;4.307016e-02;6.330877e-02;4.303628e-02;4.162026e-02;4.237185e-02;1.212788e-01;6.254721e-02
6.025667e-02;2.626925e-02;3.228729e-01;1.053110e-01;7.030688e-02;4.029825e-02;7.893056e-02;4.955390e-02;3.724716e-02;3.739242e-02;1.357643e-01;3.579676e-02
4.980051e-02;2.435628e-02;3.313630e-01;1.056786e-01;9.653290e-02;5.489964e-02;6.285209e-02;4.619802e-02;1.860276e-02;3.301572e-02;1.425749e-01;3.412559e-02
3.206957e-02;2.048502e-02;4.046046e-01;9.710038e-02;8.997684e-02;4.180188e-02;4.480730e-02;3.497813e-02;1.448581e-02;4.431641e-02;1.406215e-01;3.475259e-02
3.414132e-02;1.805249e-02;4.604318e-01;7.756494e-02;7.019352e-02;2.205996e-02;4.755097e-02;3.210418e-02;2.156699e-02;6.707337e-02;1.229998e-01;2.626062e-02
4.275703e-02;3.889133e-02;4.767316e-01;5.592870e-02;5.575284e-02;1.902006e-02;4.730766e-02;3.021555e-02;2.013609e-02;8.770277e-02;1.034041e-01;2.215227e-02
5.875675e-02;4.219832e-02;4.634277e-01;4.623554e-02;4.766266e-02;1.695159e-02;6.855374e-02;2.861307e-02;2.743692e-02;9.180287e-02;8.613349e-02;2.222733e-02
6.840572e-02;2.986160e-02;4.220694e-01;7.881910e-02;5.524575e-02;2.554929e-02;7.837590e-02;2.573183e-02;4.076272e-02;7.814593e-02;7.292649e-02;2.410623e-02
5.874592e-02;4.357860e-02;3.726108e-01;8.984371e-02;5.807664e-02;2.569194e-02;6.055187e-02;4.338491e-02;5.317066e-02;7.878490e-02;7.471241e-02;4.084763e-02
3.782002e-02;4.546431e-02;4.950078e-01;4.868953e-02;5.176851e-02;1.192449e-02;7.678861e-02;2.313058e-02;3.058975e-02;8.455584e-02;7.065620e-02;2.360432e-02
3.144516e-02;5.695172e-02;5.270637e-01;3.336631e-02;4.483027e-02;2.874962e-02;6.633068e-02;2.216610e-02;5.182160e-02;7.729048e-02;3.995728e-02;2.002700e-02
3.198803e-02;8.577705e-02;4.942484e-01;3.582556e-02;2.882116e-02;5.040967e-02;3.713893e-02;3.333243e-02;6.312912e-02;7.128794e-02;2.713280e-02;4.090893e-02
5.832614e-02;1.155051e-01;3.917650e-01;3.669225e-02;2.606380e-02;6.672720e-02;5.036423e-02;3.127281e-02;8.059894e-02;6.150604e-02;2.601596e-02;5.516249e-02
9.408036e-02;1.322311e-01;3.318615e-01;3.932874e-02;2.180390e-02;5.738654e-02;7.175489e-02;3.540293e-02;9.599789e-02;5.188393e-02;2.376119e-02;4.450705e-02
1.071285e-01;1.217957e-01;2.883814e-01;3.623829e-02;3.099632e-02;4.519257e-02;1.120291e-01;5.122945e-02;9.312280e-02;5.221134e-02;3.754665e-02;2.412786e-02
1.114139e-01;1.016377e-01;2.433000e-01;2.027572e-02;3.698112e-02;3.359811e-02;1.864846e-01;6.517165e-02;7.273911e-02;4.767879e-02;5.863205e-02;2.208729e-02
9.047434e-02;9.774633e-02;2.569245e-01;2.731925e-02;3.588408e-02;3.752289e-02;1.820981e-01;5.904317e-02;9.088250e-02;5.234215e-02;5.332663e-02;1.643609e-02
9.103983e-02;1.121018e-01;2.956218e-01;3.449765e-02;3.045090e-02;4.575345e-02;1.105101e-01;4.491824e-02;1.097012e-01;5.600991e-02;4.792493e-02;2.147013e-02
1.237787e-01;1.045973e-01;2.732117e-01;3.264790e-02;3.773139e-02;5.317095e-02;8.967206e-02;4.190093e-02;9.344592e-02;6.205459e-02;4.872089e-02;3.906774e-02
1.383583e-01;7.963952e-02;1.911943e-01;2.978921e-02;3.455204e-02;5.152367e-02;1.783919e-01;4.353522e-02;7.841653e-02;7.059595e-02;5.573314e-02;4.827018e-02
1.074294e-01;4.916054e-02;1.893443e-01;4.104572e-02;2.173692e-02;4.984390e-02;2.077407e-01;5.058368e-02;9.549769e-02;7.377190e-02;5.547591e-02;5.836929e-02
7.798466e-02;4.909665e-02;2.044987e-01;4.957948e-02;3.811786e-02;6.162032e-02;1.934180e-01;4.782213e-02;9.273528e-02;6.292378e-02;3.536062e-02;8.684251e-02
7.638850e-02;6.871970e-02;2.140593e-01;5.345087e-02;5.599402e-02;6.649605e-02;1.387036e-01;4.748430e-02;1.080489e-01;6.851931e-02;4.443528e-02;5.770007e-02
4.481493e-02;6.491409e-02;1.939627e-01;6.081690e-02;4.517394e-02;5.921074e-02;6.775166e-02;1.009634e-01;1.703096e-01;6.202397e-02;6.709594e-02;6.296214e-02
5.014247e-02;7.040754e-02;1.526094e-01;5.867523e-02;4.498566e-02;5.624126e-02;7.535242e-02;1.000612e-01;1.599119e-01;9.257543e-02;6.257049e-02;7.646696e-02
7.010242e-02;6.629843e-02;1.257630e-01;7.694432e-02;6.591958e-02;7.071785e-02;1.199245e-01;5.797456e-02;1.230225e-01;1.107766e-01;4.228823e-02;7.026804e-02
1.001645e-01;7.685804e-02;1.581587e-01;5.010031e-02;5.942586e-02;8.158915e-02;9.901431e-02;5.018032e-02;7.116468e-02;1.029056e-01;7.282125e-02;7.761724e-02
1.041141e-01;8.625607e-02;1.670327e-01;4.326842e-02;5.507478e-02;5.978674e-02;8.153906e-02;8.190059e-02;4.290056e-02;1.006418e-01;1.071819e-01;7.030335e-02
4.969432e-02;8.534539e-02;1.323669e-01;5.003397e-02;6.075066e-02;6.051338e-02;1.850728e-01;8.253830e-02;3.759146e-02;8.651690e-02;9.257457e-02;7.700140e-02
3.445738e-02;8.686475e-02;1.496089e-01;6.018434e-02;4.922419e-02;7.359246e-02;2.136000e-01;9.226024e-02;4.374419e-02;7.125437e-02;5.503538e-02;7.017384e-02
5.261132e-02;7.236167e-02;1.981973e-01;6.049702e-02;5.925214e-02;8.482122e-02;1.761959e-01;6.329315e-02;3.656740e-02;6.948695e-02;5.741667e-02;6.929933e-02
7.391033e-02;5.320982e-02;1.425877e-01;3.002071e-02;6.537988e-02;8.011210e-02;2.709084e-01;6.631675e-02;3.791307e-02;6.649712e-02;7.430298e-02;3.884103e-02
4.127651e-02;5.896130e-02;1.365813e-01;4.587230e-02;8.345710e-02;9.198830e-02;2.360481e-01;7.915515e-02;3.775292e-02;5.312295e-02;9.429122e-02;4.149281e-02
2.654472e-02;4.541956e-02;2.252659e-01;7.955994e-02;8.155110e-02;8.087143e-02;1.650610e-01;8.116984e-02;3.636687e-02;3.906146e-02;1.022360e-01;3.689222e-02
4.673658e-02;2.816580e-02;3.404739e-01;8.069728e-02;5.130030e-02;4.594678e-02;1.604737e-01;5.614584e-02;1.590633e-02;7.601359e-02;8.150000e-02;1.663985e-02
4.512748e-02;1.624118e-02;4.409930e-01;6.108162e-02;3.443807e-02;1.089111e-02;1.595231e-01;4.078603e-02;1.174771e-02;1.087523e-01;6.000499e-02;1.041355e-02
3.373057e-02;3.371859e-02;4.812694e-01;4.094535e-02;3.564587e-02;1.559550e-02;1.391137e-01;3.090989e-02;1.752153e-02;1.206063e-01;4.237173e-02;8.571478e-03
3.069536e-02;6.086079e-02;4.961353e-01;3.601875e-02;3.328695e-02;2.101901e-02;1.118264e-01;2.090787e-02;2.135168e-02;1.172489e-01;3.780873e-02;1.284017e-02
3.867443e-02;8.730916e-02;5.085494e-01;3.068219e-02;3.432895e-02;2.534100e-02;7.179879e-02;2.310023e-02;2.462382e-02;9.871975e-02;4.503440e-02;1.183790e-02
4.837229e-02;8.461011e-02;4.711306e-01;4.517493e-02;4.380656e-02;1.992584e-02;7.607600e-02;4.027772e-02;2.402226e-02;5.863465e-02;7.093834e-02;1.703067e-02
5.656830e-02;4.310574e-02;4.154348e-01;4.786805e-02;6.219281e-02;2.100391e-02;1.084482e-01;4.059588e-02;3.628034e-02;6.908166e-02;8.099457e-02;1.842571e-02
6.037686e-02;6.600161e-02;3.505535e-01;3.395902e-02;7.159456e-02;3.210043e-02;1.168465e-01;3.501288e-02;6.394339e-02;6.170292e-02;7.836378e-02;2.954462e-02
4.765647e-02;5.932624e-02;3.183831e-01;4.416434e-02;6.144597e-02;4.590907e-02;1.441244e-01;6.439559e-02;7.622740e-02;4.476797e-02;5.561771e-02;3.798164e-02
7.317026e-02;6.500569e-02;3.547924e-01;4.236368e-02;4.534759e-02;3.778247e-02;1.493453e-01;4.016437e-02;5.926295e-02;5.372520e-02;5.415004e-02;2.489012e-02
8.476620e-02;5.521253e-02;2.851855e-01;4.915468e-02;2.772372e-02;2.761380e-02;1.379227e-01;4.709296e-02;6.669252e-02;9.739437e-02;6.102421e-02;6.021669e-02
1.012358e-01;4.150860e-02;2.159566e-01;3.830784e-02;2.989007e-02;2.642185e-02;1.828736e-01;7.545701e-02;1.041020e-01;7.971596e-02;5.749493e-02;4.703582e-02
5.755417e-02;6.591204e-02;1.087766e-01;4.873797e-02;7.335727e-02;8.339810e-02;1.228333e-01;4.745419e-02;1.164045e-01;1.429030e-01;8.458177e-02;4.808717e-02
5.609643e-02;5.355828e-02;9.609292e-02;6.050839e-02;7.603952e-02;8.105566e-02;1.250676e-01;6.227202e-02;1.197702e-01;1.389064e-01;9.074217e-02;3.989034e-02
5.170562e-02;4.974068e-02;1.107400e-01;6.957509e-02;6.841864e-02;7.443536e-02;1.159687e-01;7.811590e-02;1.236762e-01;1.242715e-01;9.123953e-02;4.211278e-02
5.051112e-02;5.423651e-02;1.410654e-01;8.124434e-02;5.787600e-02;7.193746e-02;9.467828e-02;8.337139e-02;1.279027e-01;1.087175e-01;9.053448e-02;3.792480e-02
3.407539e-02;6.905952e-02;1.632560e-01;8.469152e-02;5.047027e-02;8.974300e-02;1.348405e-01;7.147185e-02;1.135335e-01;9.154555e-02;5.035261e-02;4.696031e-02
8.726561e-02;7.017771e-02;1.468743e-01;5.597259e-02;4.749159e-02;1.012964e-01;1.879074e-01;8.143236e-02;5.949647e-02;6.799843e-02;5.285953e-02;4.122760e-02
7.564228e-02;6.983668e-02;1.324715e-01;4.213556e-02;4.307628e-02;1.066116e-01;1.742099e-01;5.967259e-02;6.573573e-02;9.266040e-02;8.601538e-02;5.193201e-02
5.396571e-02;8.313259e-02;1.797446e-01;6.773496e-02;6.276233e-02;1.030003e-01;8.970180e-02;3.553678e-02;7.069611e-02;1.128072e-01;7.821225e-02;6.270532e-02
8.116923e-02;7.646210e-02;2.078564e-01;6.223841e-02;6.698404e-02;9.628938e-02;5.039789e-02;3.509268e-02;8.847298e-02;1.288794e-01;4.090513e-02;6.525225e-02
7.659767e-02;6.664897e-02;2.317438e-01;6.016512e-02;5.093447e-02;7.305938e-02;9.079644e-02;6.374381e-02;7.834662e-02;9.381021e-02;3.295127e-02;8.120222e-02
1.002426e-01;4.913841e-02;2.221873e-01;6.499372e-02;6.234255e-02;6.789258e-02;1.196599e-01;8.038028e-02;6.103485e-02;3.976531e-02;6.325912e-02;6.910334e-02
1.403432e-01;7.242545e-02;2.203027e-01;5.733219e-02;6.967404e-02;6.719830e-02;8.592140e-02;7.883040e-02;5.420531e-02;5.156290e-02;4.692555e-02;5.527860e-02
1.700443e-01;9.238611e-02;1.950426e-01;5.424917e-02;7.102804e-02;8.423291e-02;5.177652e-02;5.818597e-02;8.952463e-02;5.138982e-02;3.089853e-02;5.124141e-02
1.508673e-01;8.890685e-02;2.004417e-01;6.131078e-02;6.377643e-02;9.426223e-02;5.662856e-02;2.980351e-02;9.961959e-02;4.699367e-02;3.171368e-02;7.567568e-02
1.251138e-01;8.045342e-02;1.492064e-01;3.262586e-02;4.329843e-02;6.527919e-02;1.351521e-01;5.395123e-02;6.730606e-02;5.955764e-02;8.740506e-02;1.006508e-01
1.086904e-01;1.098053e-01;1.197077e-01;5.277792e-02;4.818671e-02;7.213113e-02;1.235406e-01;6.538573e-02;5.692938e-02;4.968113e-02;1.166215e-01;7.654255e-02
9.051910e-02;5.021273e-02;1.657698e-01;8.852205e-02;9.481492e-02;5.873729e-02;1.085262e-01;6.550877e-02;7.616603e-02;8.730336e-02;6.495576e-02;4.896407e-02
6.521940e-02;5.428609e-02;2.022710e-01;9.183986e-02;9.802233e-02;8.160456e-02;1.208969e-01;5.864812e-02;5.374051e-02;8.609837e-02;5.122996e-02;3.614290e-02
4.526340e-02;7.341663e-02;2.080484e-01;8.624405e-02;9.205627e-02;1.145209e-01;1.231345e-01;3.789844e-02;6.815297e-02;6.666450e-02;4.751669e-02;3.708322e-02
4.817417e-02;1.135430e-01;1.491665e-01;8.149238e-02;8.195145e-02;1.737591e-01;9.345637e-02;1.259418e-02;1.208677e-01;3.650086e-02;4.333062e-02;4.516366e-02
5.548085e-02;1.430464e-01;6.403613e-02;8.826336e-02;6.567445e-02;2.345259e-01;4.852730e-02;3.136378e-02;1.668425e-01;2.041992e-02;3.244350e-02;4.937591e-02
5.049526e-02;1.494466e-01;7.742172e-02;7.323511e-02;4.511237e-02;2.562932e-01;4.881716e-02;1.589628e-02;1.845951e-01;1.801520e-02;1.283654e-02;6.783535e-02
4.828169e-02;1.468245e-01;7.503378e-02;6.390247e-02;3.979011e-02;2.573923e-01;2.453204e-02;2.586929e-02;2.031695e-01;1.506422e-02;2.046808e-02;7.967198e-02
3.225237e-02;1.341015e-01;7.252435e-02;5.522775e-02;3.325647e-02;2.465679e-01;4.459470e-02;3.212551e-02;2.151345e-01;2.325400e-02;1.939523e-02;9.156575e-02
2.444646e-02;1.314002e-01;8.535162e-02;4.360118e-02;4.099791e-02;2.522294e-01;3.954107e-02;3.328539e-02;2.068088e-01;3.255358e-02;9.860618e-03;9.992372e-02
4.523814e-02;1.222365e-01;1.283567e-01;4.189190e-02;5.598274e-02;2.232586e-01;4.954026e-02;3.896508e-02;1.443646e-01;4.423429e-02;2.181948e-02;8.411171e-02
6.919527e-02;1.147001e-01;1.568935e-01;4.274570e-02;6.027747e-02;1.871685e-01;9.149920e-02;4.438898e-02;9.579591e-02;5.193381e-02;2.535550e-02;6.004612e-02
8.370892e-02;1.142645e-01;1.492101e-01;5.115883e-02;4.935593e-02;1.579558e-01;1.537226e-01;3.678618e-02;1.041670e-01;3.895150e-02;1.391158e-02;4.680714e-02
5.452296e-02;1.137569e-01;2.079788e-01;4.378389e-02;5.488326e-02;8.867686e-02;1.807336e-01;4.410815e-02;1.101153e-01;3.678455e-02;2.991501e-02;3.474074e-02
5.800275e-02;8.291162e-02;2.000773e-01;5.861861e-02;7.551663e-02;1.099491e-01;1.342080e-01;3.857303e-02;1.061081e-01;4.978088e-02;3.449907e-02;5.175499e-02
4.814464e-02;6.398691e-02;1.159587e-01;6.733403e-02;1.016485e-01;1.537011e-01;1.042099e-01;4.294388e-02;1.420559e-01;5.342314e-02;3.518543e-02;7.140789e-02
4.667476e-02;7.133490e-02;9.487527e-02;6.643598e-02;9.486287e-02;1.678583e-01;9.993938e-02;4.920558e-02;1.245724e-01;4.479208e-02;4.037770e-02;9.907079e-02
1.032801e-01;8.918180e-02;9.153746e-02;6.155161e-02;7.229031e-02;1.654479e-01;4.617965e-02;4.708489e-02;1.037039e-01;5.368416e-02;6.525875e-02;1.007995e-01
7.645758e-02;6.942085e-02;8.388633e-02;5.089880e-02;7.389442e-02;1.449061e-01;6.125235e-02;8.615941e-02;1.263642e-01;7.302513e-02;6.930308e-02;8.443177e-02
6.127731e-02;6.186906e-02;1.175264e-01;4.779540e-02;6.628287e-02;1.134389e-01;6.163358e-02;9.109999e-02;1.554564e-01;1.096996e-01;5.821192e-02;5.570852e-02
7.080992e-02;6.671513e-02;1.252581e-01;4.278819e-02;5.850142e-02;1.138637e-01;7.590016e-02;8.216651e-02;1.187981e-01;1.195306e-01;8.213254e-02;4.353564e-02
6.948514e-02;8.956534e-02;1.343186e-01;4.975057e-02;4.398516e-02;1.340409e-01;8.457255e-02;9.664894e-02;6.929389e-02;8.878337e-02;8.966822e-02;4.988726e-02
1.294334e-01;8.588944e-02;1.602909e-01;6.094923e-02;4.619388e-02;9.783645e-02;6.029025e-02;1.023500e-01;6.752208e-02;6.114523e-02;5.651128e-02;7.158779e-02
1.341823e-01;8.237280e-02;1.665943e-01;7.226887e-02;7.353812e-02;5.299645e-02;7.568542e-02;9.560329e-02;4.794749e-02;7.848833e-02;5.365263e-02;6.667005e-02
7.846833e-02;6.579269e-02;1.566534e-01;9.681066e-02;1.070198e-01;5.682940e-02;1.088636e-01;5.953208e-02;7.763172e-02;8.071829e-02;3.592210e-02;7.575790e-02
1.320129e-01;5.413982e-02;1.911516e-01;8.483359e-02;8.584781e-02;5.799998e-02;7.000500e-02;4.469385e-02;8.120399e-02;4.812904e-02;6.028517e-02;8.969720e-02
1.192834e-01;9.460109e-02;2.376410e-01;6.607427e-02;7.578524e-02;6.109487e-02;5.148859e-02;4.953707e-02;3.040384e-02;4.703035e-02;8.102340e-02;8.603682e-02
7.206946e-02;9.637826e-02;1.997603e-01;4.740987e-02;7.858272e-02;6.068470e-02;7.387765e-02;4.966952e-02;1.003609e-01;9.299432e-02;3.771371e-02;9.049862e-02
1.234686e-01;7.316104e-02;1.353223e-01;3.982039e-02;7.669434e-02;6.220646e-02;7.519893e-02;5.199059e-02;1.175622e-01;8.092631e-02;4.964302e-02;1.140058e-01
1.752638e-01;7.602452e-02;1.150087e-01;3.490192e-02;8.212563e-02;6.540154e-02;7.861651e-02;2.311807e-02;5.968990e-02;7.490964e-02;3.928730e-02;1.756525e-01
1.459154e-01;9.564447e-02;1.183157e-01;3.208532e-02;9.019113e-02;4.583376e-02;5.755277e-02;2.325765e-02;5.470015e-02;7.020638e-02;8.539146e-02;1.809058e-01
1.247349e-01;8.459609e-02;1.421318e-01;2.818412e-02;6.982541e-02;5.384346e-02;1.205582e-01;7.212942e-02;2.664987e-02;1.006815e-01;7.902563e-02;9.763956e-02
1.007924e-01;5.134285e-02;1.493792e-01;4.869117e-02;6.902735e-02;5.493268e-02;1.278201e-01;1.012921e-01;9.694107e-02;8.058090e-02;6.224334e-02;5.695681e-02
7.938811e-02;5.646107e-02;1.671837e-01;6.029533e-02;6.487644e-02;5.877031e-02;1.335532e-01;1.081351e-01;1.244926e-01;4.910988e-02;5.545942e-02;4.227484e-02
3.360292e-02;6.349649e-02;2.784800e-01;6.366083e-02;4.386615e-02;6.089760e-02;1.608404e-01;8.436342e-02;9.786266e-02;4.986187e-02;4.224309e-02;2.082450e-02
2.767688e-02;7.921164e-02;4.082765e-01;4.541153e-02;3.490204e-02;6.856820e-02;1.454827e-01;2.707436e-02;5.115997e-02;7.294502e-02;2.593206e-02;1.335918e-02
3.714100e-02;8.490004e-02;4.597063e-01;3.383115e-02;3.285490e-02;6.207337e-02;9.812524e-02;3.704676e-02;3.161523e-02;8.232692e-02;2.197454e-02;1.840456e-02
3.238467e-02;6.026280e-02;4.839773e-01;4.460356e-02;3.944393e-02;3.232954e-02;8.354691e-02;4.300284e-02;5.966247e-02;7.446861e-02;1.410883e-02;3.220851e-02
2.347461e-02;5.085457e-02;5.131530e-01;4.489861e-02;2.591494e-02;3.499399e-02;8.208452e-02;3.793865e-02;6.007928e-02;7.230408e-02;1.877921e-02;3.552459e-02
1.274564e-02;4.700929e-02;5.246853e-01;3.164485e-02;2.902726e-02;3.364290e-02;6.648228e-02;3.831704e-02;6.113273e-02;8.798065e-02;2.335744e-02;4.397462e-02
2.159911e-02;3.427750e-02;5.455567e-01;3.852489e-02;3.498404e-02;2.140647e-02;6.314222e-02;2.797678e-02;4.277543e-02;1.017224e-01;2.966680e-02;3.836775e-02
3.185175e-02;2.704381e-02;4.384873e-01;4.052326e-02;4.704975e-02;1.792712e-02;1.213250e-01;4.795158e-02;5.269158e-02;1.036047e-01;5.740169e-02;1.414251e-02
8.309051e-02;4.445737e-02;2.356756e-01;4.945431e-02;5.181388e-02;4.043139e-02;1.848267e-01;5.737046e-02;6.469193e-02;1.020989e-01;6.006826e-02;2.602061e-02
1.090130e-01;5.843113e-02;1.942354e-01;7.416737e-02;4.648037e-02;3.360639e-02;2.038028e-01;3.689384e-02;4.681491e-02;1.323609e-01;4.116120e-02;2.303264e-02
8.624467e-02;3.273610e-02;2.165748e-01;9.558909e-02;5.281859e-02;3.328571e-02;1.898646e-01;4.312121e-02;3.921253e-02;1.463925e-01;2.514574e-02;3.901451e-02
2.732504e-02;4.417906e-02;1.750695e-01;7.067873e-02;8.082671e-02;7.728386e-02;1.687211e-01;2.951522e-02;9.819558e-02;1.321482e-01;2.578412e-02;7.027285e-02
3.728209e-02;3.653361e-02;1.514598e-01;4.811844e-02;8.148573e-02;8.284068e-02;1.868239e-01;3.062309e-02;8.386613e-02;1.551738e-01;5.581718e-02;4.997552e-02
4.322080e-02;1.841484e-02;1.844849e-01;3.021098e-02;5.727330e-02;5.138186e-02;2.093618e-01;5.839743e-02;5.525497e-02;2.033086e-01;6.751639e-02;2.117419e-02
3.281165e-02;4.853374e-02;1.606911e-01;1.573244e-02;3.626948e-02;7.607084e-02;1.677853e-01;6.292094e-02;1.308574e-01;1.779984e-01;4.158782e-02;4.874083e-02
1.431931e-02;8.571240e-02;1.116704e-01;2.341152e-02;2.215979e-02;1.164214e-01;9.333785e-02;6.323259e-02;2.427993e-01;9.853029e-02;3.416863e-02;9.423655e-02
1.870121e-02;1.026789e-01;8.383612e-02;3.267225e-02;2.163792e-02;1.376965e-01;3.334234e-02;5.768156e-02;3.247467e-01;5.414908e-02;8.591166e-03;1.242662e-01
1.849666e-02;9.502871e-02;8.003494e-02;4.663936e-02;2.218142e-02;1.239459e-01;4.349395e-02;4.419724e-02;3.405410e-01;4.745271e-02;2.016479e-02;1.178233e-01
2.025477e-02;8.964811e-02;7.168280e-02;5.667954e-02;2.842451e-02;1.003741e-01;3.518248e-02;3.840262e-02;3.690825e-01;2.660835e-02;6.119199e-02;1.024682e-01
4.239733e-02;6.672271e-02;6.168560e-02;4.602558e-02;4.054247e-02;6.040176e-02;6.935651e-02;8.116315e-02;3.134961e-01;2.904830e-02;1.236079e-01;6.555266e-02
6.765903e-02;4.086486e-02;7.562099e-02;3.419784e-02;5.852261e-02;3.003701e-02;9.061521e-02;1.291272e-01;1.890576e-01;3.876196e-02;1.989123e-01;4.662335e-02
9.636403e-02;2.359275e-02;9.736563e-02;2.123923e-02;6.955632e-02;1.771840e-02;9.721810e-02;1.889831e-01;8.410305e-02;4.840285e-02;2.203914e-01;3.506520e-02
9.990609e-02;3.169209e-02;1.038700e-01;2.007495e-02;5.888586e-02;1.768726e-02;9.343030e-02;2.064521e-01;1.130206e-01;3.263541e-02;1.867245e-01;3.562088e-02
9.008072e-02;2.316663e-02;9.919069e-02;3.022159e-02;4.779702e-02;2.702941e-02;1.104707e-01;2.077114e-01;7.561012e-02;7.963584e-02;1.689749e-01;4.011092e-02
8.721778e-02;1.000705e-02;1.030801e-01;3.042840e-02;4.987620e-02;2.606377e-02;1.182500e-01;1.993108e-01;6.928451e-02;9.969953e-02;1.636152e-01;4.316672e-02
7.524246e-02;2.131189e-02;8.559112e-02;2.987789e-02;3.828313e-02;2.836541e-02;1.664159e-01;1.705597e-01;8.756920e-02;1.474436e-01;9.978302e-02;4.955666e-02
6.568001e-02;3.301719e-02;9.017389e-02;3.537030e-02;4.271005e-02;3.121532e-02;1.308407e-01;1.433987e-01;1.144829e-01;1.315638e-01;1.171538e-01;6.439332e-02
5.699651e-02;3.067396e-02;8.504794e-02;4.385861e-02;3.886901e-02;3.633926e-02;1.425880e-01;1.360404e-01;1.192619e-01;1.173722e-01;1.109146e-01;8.203766e-02
5.908323e-02;3.191923e-02;9.422508e-02;3.772177e-02;4.562742e-02;3.276802e-02;1.247579e-01;1.370377e-01;1.067779e-01;1.010180e-01;1.533543e-01;7.570946e-02
6.664111e-02;2.896252e-02;1.040034e-01;1.519905e-02;6.222361e-02;2.587126e-02;1.630000e-01;1.239767e-01;5.353203e-02;8.391502e-02;2.209358e-01;5.173953e-02
3.439485e-02;3.590874e-02;9.112103e-02;2.705612e-02;4.982946e-02;5.483190e-02;1.838220e-01;7.364843e-02;1.316317e-01;1.015996e-01;1.518606e-01;6.429551e-02
4.891017e-02;3.334743e-02;1.138711e-01;2.559079e-02;5.235040e-02;4.113328e-02;2.207680e-01;1.130150e-01;1.186341e-01;1.033172e-01;9.131348e-02;3.774909e-02
4.545846e-02;7.577188e-02;1.301484e-01;3.714433e-02;5.429880e-02;9.542521e-02;1.490502e-01;3.716879e-02;2.010417e-01;8.798354e-02;4.654068e-02;3.996794e-02
4.312870e-02;7.874111e-02;1.443534e-01;4.750619e-02;5.713475e-02;1.219258e-01;9.490384e-02;8.691195e-02;1.962755e-01;3.864809e-02;3.528301e-02;5.518775e-02
3.247443e-02;5.306397e-02;2.017504e-01;3.362926e-02;4.715897e-02;1.323514e-01;1.510221e-01;5.391355e-02;1.012104e-01;8.652368e-02;4.737371e-02;5.952816e-02
2.353625e-02;3.836645e-02;1.863589e-01;4.914409e-02;5.757694e-02;1.213035e-01;1.382260e-01;9.099776e-02;5.612389e-02;8.013403e-02;1.284353e-01;2.979692e-02
5.243190e-02;5.713931e-02;1.323936e-01;7.912911e-02;7.212916e-02;1.065528e-01;9.781684e-02;1.173400e-01;1.273404e-02;7.514824e-02;1.446411e-01;5.254390e-02
7.099983e-02;6.455711e-02;1.260737e-01;6.655840e-02;5.934900e-02;9.261920e-02;1.011125e-01;6.568342e-02;8.321569e-02;8.833013e-02;1.105178e-01;7.098330e-02
6.369814e-02;5.702059e-02;1.423813e-01;4.831370e-02;5.780228e-02;9.290104e-02;1.361287e-01;4.622894e-02;1.095516e-01;1.108643e-01;6.910180e-02;6.600759e-02
6.616489e-02;4.375968e-02;1.350991e-01;3.898002e-02;7.101918e-02;7.766583e-02;1.077495e-01;1.009844e-01;1.361783e-01;1.114552e-01;6.157888e-02;4.936507e-02
