6.429905e-02;5.792329e-02;1.291241e-01;5.242233e-02;9.200263e-02;1.169773e-01;1.594752e-01;5.601208e-02;9.356612e-02;5.460090e-02;2.613491e-02;9.746210e-02
4.862972e-02;5.943326e-02;1.259544e-01;6.580818e-02;1.050963e-01;1.354617e-01;1.103905e-01;5.172940e-02;1.030690e-01;3.639661e-02;5.170469e-02;1.063262e-01
3.767884e-02;8.305291e-02;1.633511e-01;4.656702e-02;1.263774e-01;8.850084e-02;8.281151e-02;6.195929e-02;1.084884e-01;4.035414e-02;5.883831e-02;1.020203e-01
9.048182e-02;5.547846e-02;2.753320e-01;4.179133e-02;9.785434e-02;4.607185e-02;1.112251e-01;4.838445e-02;9.685384e-02;4.468711e-02;3.600849e-02;5.583116e-02
8.399241e-02;9.401716e-02;3.999748e-01;3.869962e-02;5.069164e-02;5.187256e-02;7.639885e-02;2.442422e-02;8.763739e-02;4.843283e-02;2.048847e-02;2.336998e-02
1.070191e-01;1.099465e-01;4.283426e-01;3.568958e-02;5.099097e-02;4.377069e-02;5.243950e-02;3.780426e-02;4.607974e-02;2.944634e-02;3.031484e-02;2.815587e-02
1.311793e-01;9.919199e-02;3.319437e-01;5.578989e-02;6.468069e-02;4.922953e-02;1.013289e-01;4.263306e-02;3.694599e-02;3.321139e-02;2.149606e-02;3.236945e-02
1.497744e-01;8.128121e-02;2.784311e-01;5.988088e-02;7.617387e-02;5.113021e-02;1.180671e-01;4.759901e-02;2.894679e-02;5.121673e-02;2.442440e-02;3.307426e-02
1.185480e-01;1.052721e-01;2.921709e-01;5.715408e-02;8.666099e-02;4.246257e-02;9.790813e-02;3.823310e-02;4.533395e-02;5.275116e-02;3.545674e-02;2.804823e-02
5.397739e-02;1.166052e-01;3.516904e-01;6.636724e-02;1.020840e-01;3.938170e-02;8.058374e-02;1.651506e-02;4.936226e-02;4.971293e-02;3.818658e-02;3.553348e-02
7.486718e-02;1.227037e-01;3.671536e-01;5.231979e-02;8.373871e-02;3.670606e-02;8.647738e-02;2.394608e-02;3.074428e-02;3.866884e-02;4.328776e-02;3.938656e-02
7.023043e-02;1.366850e-01;2.833478e-01;4.441312e-02;8.974613e-02;4.843029e-02;7.209533e-02;3.418769e-02;3.643068e-02;4.212657e-02;7.790247e-02;6.440442e-02
1.054307e-01;7.321218e-02;2.578154e-01;3.230669e-02;5.911819e-02;3.624830e-02;6.121369e-02;7.093356e-02;5.290965e-02;7.631877e-02;1.072953e-01;6.719750e-02
8.127510e-02;7.087148e-02;1.968905e-01;3.021597e-02;4.095754e-02;3.215239e-02;1.500783e-01;9.328894e-02;4.409007e-02;8.657884e-02;1.069971e-01;6.660376e-02
6.616403e-02;5.836220e-02;1.712531e-01;2.298147e-02;3.412989e-02;4.501005e-02;1.957067e-01;7.078501e-02;2.785123e-02;9.709150e-02;1.401592e-01;7.050564e-02
2.885208e-02;3.513255e-02;1.744112e-01;1.985811e-02;5.092603e-02;6.729703e-02;1.584810e-01;4.475076e-02;5.555294e-02;1.350027e-01;1.768784e-01;5.285713e-02
3.809809e-02;4.890703e-02;1.405160e-01;2.836054e-02;9.000184e-02;6.927283e-02;1.071045e-01;3.325519e-02;4.735611e-02;1.889659e-01;1.644817e-01;4.368032e-02
4.902229e-02;4.543578e-02;8.363131e-02;3.364364e-02;1.044181e-01;6.768285e-02;1.219200e-01;6.590452e-02;5.897095e-02;1.824781e-01;1.269313e-01;5.996118e-02
3.428395e-02;1.988795e-02;6.639586e-02;4.157468e-02;9.384669e-02;7.159077e-02;1.174744e-01;9.479633e-02;1.007456e-01;1.364178e-01;1.423075e-01;8.067840e-02
1.077432e-01;6.304330e-02;1.530755e-01;2.915192e-02;6.264798e-02;6.700565e-02;6.987084e-02;7.461921e-02;8.955336e-02;1.014993e-01;1.132217e-01;6.856810e-02
1.950457e-01;6.662894e-02;1.181749e-01;1.529536e-02;3.803267e-02;4.500114e-02;1.421336e-01;5.456427e-02;5.716350e-02;9.216571e-02;8.762872e-02;8.816554e-02
2.445266e-01;4.345281e-02;7.045569e-02;3.346251e-02;2.893624e-02;1.666406e-02;1.821343e-01;7.191375e-02;3.628208e-02;7.472479e-02;7.116921e-02;1.262780e-01
2.033008e-01;6.610917e-02;6.565414e-02;4.877219e-02;2.532263e-02;1.355910e-02;2.069789e-01;9.832672e-02;3.409504e-02;6.298067e-02;4.003558e-02;1.348650e-01
1.288875e-01;5.017349e-02;4.283207e-02;5.868715e-02;2.134034e-02;1.551346e-02;2.923329e-01;1.249142e-01;1.680155e-02;5.204573e-02;2.991136e-02;1.665602e-01
4.976848e-02;3.784556e-02;2.594103e-02;5.131374e-02;1.202683e-02;2.428894e-02;3.763532e-01;1.460232e-01;1.423125e-02;2.996305e-02;3.415629e-02;1.980883e-01
2.840272e-02;3.432992e-02;2.360187e-02;3.761634e-02;8.633721e-03;2.863569e-02;3.953372e-01;1.391000e-01;1.535784e-02;2.129537e-02;5.520329e-02;2.124861e-01
2.170910e-02;2.586779e-02;4.629967e-02;3.209601e-02;1.159918e-02;4.847817e-02;3.525005e-01;9.782895e-02;2.228727e-02;2.439990e-02;8.878248e-02;2.281509e-01
2.124307e-02;3.310361e-02;1.039005e-01;3.096985e-02;1.948310e-02;7.813665e-02;2.117963e-01;4.982277e-02;4.998678e-02;3.377427e-02;1.697387e-01;1.980444e-01
2.485834e-02;2.407722e-02;1.741944e-01;1.562950e-02;2.458262e-02;1.003685e-01;7.280125e-02;3.020245e-02;6.820425e-02;4.987688e-02;2.873332e-01;1.278713e-01
2.899541e-02;1.552931e-02;1.934683e-01;1.608582e-02;2.471361e-02;1.047253e-01;6.433258e-02;2.554626e-02;7.683381e-02;5.219938e-02;3.180019e-01;7.956826e-02
4.435812e-02;3.317594e-02;1.643382e-01;2.159845e-02;3.403039e-02;1.041075e-01;4.513365e-02;3.103704e-02;1.155382e-01;5.840432e-02;2.690091e-01;7.926910e-02
4.521971e-02;4.100181e-02;1.137329e-01;2.480205e-02;3.754237e-02;1.009298e-01;1.030315e-01;5.221588e-02;1.526266e-01;6.065796e-02;1.814903e-01;8.674922e-02
3.359489e-02;4.075164e-02;8.139399e-02;2.402024e-02;4.772172e-02;1.180635e-01;1.529720e-01;4.421141e-02;1.796189e-01;5.581672e-02;1.341533e-01;8.768172e-02
3.496807e-02;3.969616e-02;7.666617e-02;3.078612e-02;5.053231e-02;1.299643e-01;1.713480e-01;3.889130e-02;1.567089e-01;6.647823e-02;1.144081e-01;8.955234e-02
2.786769e-02;4.122649e-02;9.490095e-02;4.231827e-02;4.780512e-02;1.180982e-01;1.550221e-01;4.543350e-02;1.084536e-01;9.580777e-02;1.290826e-01;9.398372e-02
2.215152e-02;5.699952e-02;1.195901e-01;4.859671e-02;4.972334e-02;1.021778e-01;7.834769e-02;5.352489e-02;7.738646e-02;1.370481e-01;1.694082e-01;8.504566e-02
3.875183e-02;5.643644e-02;1.515402e-01;5.504488e-02;2.927430e-02;7.005271e-02;1.077498e-01;7.663928e-02;9.232816e-02;1.296346e-01;1.271478e-01;6.540003e-02
5.249459e-02;5.637407e-02;1.380486e-01;7.406981e-02;3.629997e-02;5.561371e-02;8.416207e-02;5.920662e-02;1.160272e-01;1.109958e-01;1.325083e-01;8.419934e-02
7.257544e-02;5.446100e-02;1.436887e-01;6.446398e-02;6.445975e-02;4.621873e-02;7.770891e-02;5.872962e-02;1.184263e-01;1.281292e-01;1.066360e-01;6.450235e-02
6.545339e-02;4.798801e-02;1.033931e-01;9.250071e-02;6.532158e-02;6.036285e-02;8.755569e-02;6.667285e-02;1.181318e-01;1.510862e-01;9.475058e-02;4.678326e-02
4.409219e-02;6.365582e-02;7.068829e-02;1.283293e-01;6.685121e-02;7.923199e-02;1.081930e-01;7.315321e-02;8.648067e-02;1.553645e-01;7.795306e-02;4.600669e-02
6.400861e-02;6.748807e-02;8.402631e-02;1.091530e-01;6.098409e-02;9.374417e-02;1.159759e-01;8.347352e-02;8.035801e-02;1.316532e-01;5.936850e-02;4.976662e-02
5.956355e-02;3.629299e-02;8.693594e-02;9.840538e-02;7.957455e-02;1.196863e-01;1.095508e-01;7.715979e-02;1.276493e-01;1.224328e-01;4.853496e-02;3.421362e-02
4.692320e-02;4.956945e-02;9.055968e-02;1.225018e-01;7.517657e-02;1.184354e-01;1.096877e-01;5.616760e-02;1.403255e-01;1.026369e-01;5.514603e-02;3.287022e-02
5.877182e-02;5.526410e-02;1.033401e-01;1.670818e-01;6.928574e-02;8.475578e-02;8.059730e-02;5.320978e-02;1.624936e-01;8.309682e-02;3.352542e-02;4.857779e-02
4.191291e-02;5.716809e-02;8.502195e-02;1.708483e-01;9.003828e-02;6.491616e-02;9.274367e-02;9.444029e-02;1.492900e-01;7.951313e-02;4.149860e-02;3.260867e-02
3.282307e-02;5.815405e-02;1.044506e-01;1.486303e-01;7.562132e-02;7.580588e-02;1.168251e-01;1.084283e-01;8.265754e-02;9.493474e-02;6.927455e-02;3.239470e-02
4.137876e-02;6.669686e-02;9.970024e-02;7.728248e-02;1.040716e-01;7.296813e-02;8.358821e-02;1.138165e-01;9.327030e-02;9.456167e-02;8.724717e-02;6.541809e-02
6.072204e-02;6.112130e-02;1.116811e-01;6.811608e-02;1.349138e-01;4.975572e-02;8.513158e-02;9.464830e-02;1.112989e-01;9.848532e-02;5.480793e-02;6.931785e-02
5.707803e-02;6.086867e-02;1.748530e-01;7.674024e-02;8.811865e-02;6.953184e-02;1.102650e-01;7.709958e-02;7.209019e-02;1.039724e-01;5.789016e-02;5.149226e-02
4.671864e-02;6.137134e-02;2.207104e-01;6.971048e-02;3.956027e-02;8.534553e-02;1.052895e-01;9.540880e-02;6.154696e-02;1.036798e-01;7.071964e-02;3.993858e-02
5.340455e-02;6.353580e-02;1.805365e-01;8.094618e-02;6.171503e-02;9.714959e-02;7.114874e-02;8.663916e-02;6.742381e-02;9.305312e-02;5.109636e-02;9.335112e-02
8.583063e-02;7.507482e-02;1.674556e-01;7.260650e-02;6.171794e-02;6.951687e-02;1.031476e-01;6.960104e-02;7.853940e-02;7.952108e-02;5.904812e-02;7.794039e-02
9.010023e-02;8.418297e-02;1.660698e-01;8.949759e-02;6.984574e-02;6.261853e-02;8.359294e-02;7.594453e-02;8.010095e-02;6.563486e-02;6.570534e-02;6.670653e-02
9.065304e-02;7.938229e-02;1.495840e-01;7.880408e-02;5.649677e-02;5.041912e-02;1.150270e-01;1.097024e-01;1.055337e-01;7.445517e-02;5.017141e-02;3.977101e-02
1.108906e-01;7.164273e-02;1.456989e-01;4.986983e-02;3.588328e-02;2.733810e-02;1.497302e-01;1.248749e-01;8.976191e-02;7.954825e-02;4.727340e-02;6.748802e-02
1.097452e-01;6.492238e-02;8.934706e-02;4.857092e-02;1.897798e-02;2.512186e-02;2.005895e-01;1.363598e-01;4.246241e-02;8.865026e-02;3.609180e-02;1.391608e-01
6.306015e-02;5.423828e-02;3.533727e-02;6.180664e-02;1.212543e-02;3.097097e-02;2.441657e-01;1.068548e-01;4.339107e-02;8.372574e-02;4.848146e-02;2.158426e-01
3.153120e-02;5.752814e-02;3.985445e-02;8.249639e-02;9.436158e-03;3.060520e-02;2.521563e-01;4.592187e-02;4.969677e-02;7.059000e-02;4.986428e-02;2.803193e-01
3.578333e-02;5.723261e-02;6.008869e-02;9.974781e-02;1.927491e-02;4.199289e-02;2.053833e-01;3.046614e-02;3.943589e-02;4.730869e-02;7.477391e-02;2.885119e-01
3.286690e-02;4.206076e-02;1.194096e-01;8.987099e-02;2.704743e-02;6.715923e-02;1.406805e-01;4.890722e-02;3.148161e-02;4.367140e-02;1.328148e-01;2.240296e-01
3.479454e-02;3.157476e-02;1.923423e-01;6.102443e-02;2.298936e-02;7.666592e-02;1.013687e-01;4.146522e-02;4.170905e-02;8.385503e-02;1.847145e-01;1.274962e-01
3.090809e-02;3.043322e-02;1.747881e-01;3.203748e-02;2.896513e-02;6.943198e-02;7.879857e-02;5.046790e-02;5.951744e-02;1.477360e-01;2.055088e-01;9.140729e-02
5.182979e-02;4.716393e-02;1.023404e-01;4.968226e-02;4.752853e-02;5.252088e-02;6.838335e-02;4.362827e-02;1.034755e-01;1.408515e-01;2.118925e-01;8.070304e-02
4.172030e-02;3.047623e-02;5.523568e-02;4.410630e-02;3.062838e-02;6.030145e-02;8.833835e-02;7.046012e-02;1.072437e-01;1.829011e-01;2.225929e-01;6.599540e-02
2.452160e-02;5.164433e-02;1.091558e-01;2.928050e-02;2.602171e-02;1.126169e-01;1.193283e-01;6.565867e-02;6.446462e-02;1.463412e-01;1.922569e-01;5.870941e-02
2.612487e-02;5.834305e-02;1.455867e-01;2.259647e-02;3.006407e-02;1.067074e-01;1.237606e-01;6.934619e-02;4.873806e-02;1.253823e-01;1.857023e-01;5.764803e-02
3.070126e-02;5.495361e-02;1.625829e-01;4.234973e-02;4.811781e-02;1.047295e-01;1.295550e-01;6.272223e-02;4.920315e-02;9.677539e-02;1.458023e-01;7.250710e-02
3.719380e-02;6.234846e-02;1.042913e-01;6.711928e-02;7.260606e-02;1.162660e-01;1.554772e-01;4.193102e-02;2.530275e-02;6.992798e-02;1.279222e-01;1.196139e-01
4.208317e-02;4.802500e-02;5.567377e-02;7.604939e-02;5.935851e-02;8.517731e-02;2.008214e-01;5.209348e-02;3.592070e-02;5.295840e-02;1.197508e-01;1.720880e-01
9.366339e-02;2.893312e-02;6.037606e-02;9.579691e-02;3.128800e-02;6.649131e-02;2.257605e-01;8.429296e-02;1.644633e-02;3.488418e-02;6.894471e-02;1.931225e-01
1.826204e-01;3.670670e-02;8.013741e-02;7.553577e-02;2.602339e-02;4.885333e-02;1.934126e-01;1.332312e-01;1.603283e-02;3.335206e-02;3.777960e-02;1.363147e-01
2.805232e-01;3.810180e-02;7.937901e-02;6.385777e-02;4.844513e-02;3.535162e-02;1.243353e-01;2.037895e-01;1.662936e-02;2.315276e-02;2.045410e-02;6.598034e-02
3.308371e-01;4.847585e-02;8.222307e-02;3.643847e-02;6.661365e-02;1.843527e-02;9.244368e-02;2.459594e-01;7.198068e-03;1.053859e-02;1.532185e-02;4.551491e-02
3.566101e-01;5.872779e-02;7.550921e-02;1.474972e-02;8.374665e-02;8.258948e-03;6.716163e-02;2.586095e-01;1.288326e-02;1.231128e-02;1.836174e-02;3.307015e-02
3.632993e-01;6.129338e-02;7.605445e-02;1.599771e-02;1.055131e-01;7.708940e-03;4.956166e-02;2.512859e-01;9.235277e-03;9.556806e-03;1.812335e-02;3.237011e-02
3.621164e-01;6.995074e-02;8.064970e-02;1.405411e-02;1.238733e-01;8.985039e-03;3.385996e-02;2.317979e-01;2.585854e-02;7.000984e-03;1.762104e-02;2.423224e-02
3.612505e-01;8.906467e-02;9.982331e-02;8.967221e-03;1.342770e-01;6.427151e-03;1.123388e-02;2.070245e-01;3.763190e-02;6.801020e-03;1.544514e-02;2.205369e-02
3.470220e-01;1.160420e-01;1.142824e-01;4.226136e-03;1.180500e-01;7.444356e-03;1.749572e-02;1.818622e-01;5.953544e-02;4.213551e-03;1.166215e-02;1.816397e-02
3.252911e-01;1.436030e-01;1.223687e-01;8.495382e-03;8.867044e-02;1.114513e-02;1.411066e-02;1.485263e-01;1.056818e-01;7.500658e-03;1.125617e-02;1.335062e-02
2.964151e-01;1.740487e-01;1.339633e-01;5.657478e-03;6.602468e-02;1.230858e-02;6.081001e-03;1.099038e-01;1.567578e-01;8.527996e-03;1.303899e-02;1.727250e-02
2.584061e-01;1.970622e-01;1.520930e-01;6.499678e-03;4.637942e-02;1.315969e-02;1.005018e-02;8.530826e-02;1.981614e-01;9.278761e-03;1.028716e-02;1.331424e-02
2.307205e-01;2.108926e-01;1.639051e-01;6.881136e-03;2.893933e-02;1.133819e-02;1.423399e-02;8.295252e-02;2.186534e-01;9.102710e-03;1.008038e-02;1.230020e-02
2.338862e-01;2.047698e-01;1.700896e-01;7.027572e-03;2.567689e-02;8.901148e-03;1.482082e-02;9.866335e-02;1.970320e-01;1.237761e-02;1.211235e-02;1.464256e-02
2.848145e-01;1.865569e-01;1.769973e-01;1.062779e-02;4.429695e-02;6.980208e-03;1.057662e-02;1.140479e-01;1.279203e-01;9.494668e-03;1.346753e-02;1.421929e-02
3.470978e-01;1.765082e-01;1.746382e-01;1.276117e-02;5.872367e-02;4.956009e-03;7.004335e-03;1.232125e-01;4.958164e-02;1.089285e-02;1.582465e-02;1.879906e-02
3.686977e-01;1.625694e-01;1.576809e-01;1.000240e-02;6.735474e-02;6.098797e-03;9.966273e-03;1.333492e-01;4.165223e-02;8.860143e-03;1.449255e-02;1.927558e-02
3.857781e-01;1.492112e-01;1.333069e-01;7.657824e-03;6.964102e-02;9.713955e-03;1.202872e-02;1.426207e-01;4.632304e-02;4.567705e-03;1.518033e-02;2.397051e-02
4.031709e-01;1.323998e-01;1.327560e-01;6.365297e-03;7.154678e-02;8.828605e-03;1.328361e-02;1.497630e-01;3.711924e-02;4.388172e-03;1.433124e-02;2.604730e-02
4.170031e-01;1.217473e-01;1.364936e-01;6.120590e-03;6.488091e-02;5.378240e-03;1.964908e-02;1.590647e-01;1.875107e-02;5.462699e-03;1.354613e-02;3.190261e-02
4.290718e-01;1.077961e-01;1.233478e-01;7.285109e-03;5.214351e-02;6.195206e-03;2.744327e-02;1.724197e-01;1.271588e-02;5.739337e-03;1.737246e-02;3.846974e-02
4.407650e-01;9.370289e-02;1.008404e-01;5.521551e-03;4.057908e-02;6.918741e-03;4.191820e-02;1.915132e-01;4.305990e-03;6.933736e-03;1.795250e-02;4.904864e-02
4.028024e-01;7.244644e-02;9.907038e-02;1.418272e-02;3.458672e-02;6.934348e-03;6.937108e-02;2.017006e-01;7.914987e-03;9.542198e-03;1.831562e-02;6.313246e-02
3.406535e-01;5.199966e-02;9.938710e-02;2.472755e-02;2.425293e-02;8.329507e-03;1.082618e-01;2.070467e-01;1.327587e-02;1.473480e-02;2.198164e-02;8.534890e-02
2.636746e-01;3.001762e-02;6.089238e-02;5.334814e-02;1.239470e-02;1.063887e-02;1.961979e-01;1.729354e-01;1.587436e-02;2.182858e-02;3.136192e-02;1.308355e-01
2.335318e-01;1.731790e-02;2.499830e-02;7.986560e-02;2.259066e-02;1.352040e-02;2.624086e-01;1.029632e-01;7.970395e-03;2.243514e-02;3.813532e-02;1.742627e-01
2.021425e-01;1.909555e-02;3.836938e-02;8.783372e-02;2.027539e-02;1.465290e-02;2.951128e-01;7.290966e-02;5.708968e-03;2.296013e-02;3.772451e-02;1.832145e-01
1.622752e-01;2.938839e-02;4.844386e-02;9.007866e-02;1.234323e-02;1.740996e-02;3.324292e-01;4.401400e-02;6.593356e-03;2.279546e-02;4.211630e-02;1.921124e-01
8.650582e-02;2.427883e-02;5.633755e-02;9.209750e-02;7.382636e-03;1.119830e-02;3.947559e-01;3.330112e-02;1.506495e-02;2.307211e-02;4.565358e-02;2.103517e-01
4.201083e-02;1.794003e-02;3.847582e-02;8.249048e-02;9.762771e-03;2.969299e-02;4.332058e-01;3.993143e-02;2.036763e-02;2.833787e-02;5.078533e-02;2.069990e-01
6.286804e-02;1.992189e-02;3.615066e-02;6.932521e-02;1.085368e-02;3.746892e-02;4.266569e-01;5.676524e-02;1.834722e-02;3.079664e-02;4.460802e-02;1.862376e-01
4.589463e-02;1.347049e-02;2.235833e-02;7.095830e-02;1.098137e-02;5.156352e-02;4.472417e-01;4.723782e-02;1.644191e-02;3.386385e-02;5.315812e-02;1.868300e-01
1.902196e-02;1.383163e-02;1.778428e-02;7.451540e-02;1.255188e-02;6.119432e-02;4.574147e-01;2.409088e-02;2.393756e-02;3.535494e-02;6.030777e-02;1.999947e-01
2.432531e-02;1.511998e-02;2.676041e-02;5.974477e-02;1.103240e-02;5.440816e-02;4.296857e-01;2.735513e-02;2.355701e-02;4.152763e-02;7.825549e-02;2.082280e-01
2.781816e-02;1.433398e-02;3.881416e-02;5.098557e-02;1.172698e-02;5.868281e-02;4.217280e-01;1.845178e-02;1.650830e-02;4.882789e-02;7.488412e-02;2.172383e-01
4.985199e-02;2.755386e-02;2.333347e-02;5.631111e-02;1.543835e-02;4.908478e-02;4.025036e-01;2.834009e-02;2.428473e-02;3.895076e-02;7.196389e-02;2.123834e-01
4.453835e-02;2.633344e-02;2.868618e-02;6.747787e-02;1.518958e-02;4.919173e-02;3.879588e-01;2.521266e-02;3.078411e-02;4.653082e-02;6.715027e-02;2.109462e-01
6.297315e-02;2.370302e-02;4.833629e-02;7.529137e-02;1.934576e-02;5.190877e-02;3.391418e-01;1.705983e-02;3.959012e-02;4.815670e-02;7.214528e-02;2.023479e-01
8.200430e-02;2.822129e-02;5.865841e-02;7.746298e-02;1.823315e-02;4.274666e-02;3.059514e-01;2.461659e-02;3.310231e-02;5.044256e-02;7.193661e-02;2.066238e-01
7.554437e-02;2.932137e-02;4.380913e-02;7.699911e-02;2.266310e-02;4.091727e-02;2.962824e-01;2.165181e-02;2.425450e-02;5.833961e-02;8.589251e-02;2.243248e-01
5.170843e-02;3.565249e-02;8.809478e-02;7.161880e-02;2.119594e-02;4.626913e-02;2.420103e-01;3.056286e-02;2.010706e-02;6.539776e-02;1.179867e-01;2.093958e-01
3.587987e-02;4.239047e-02;6.855199e-02;6.081104e-02;2.255287e-02;6.031471e-02;1.725432e-01;3.851560e-02;2.742290e-02;8.482734e-02;1.808285e-01;2.053615e-01
1.198303e-01;3.913962e-02;1.049391e-01;2.965611e-02;2.799173e-02;5.025420e-02;8.946377e-02;3.575537e-02;2.014062e-02;9.639549e-02;2.040850e-01;1.823487e-01
1.144848e-01;1.680117e-02;4.135291e-02;2.445592e-02;2.888167e-02;3.151580e-02;1.038469e-01;3.422771e-02;2.290346e-02;1.163507e-01;2.474753e-01;2.177037e-01
1.178807e-01;1.807120e-02;8.742007e-02;2.393213e-02;1.729256e-02;2.968324e-02;1.022082e-01;2.600244e-02;3.868123e-02;1.065382e-01;2.133642e-01;2.189259e-01
1.429049e-01;2.768567e-02;5.778551e-02;9.021737e-03;2.220477e-02;3.248604e-02;8.695257e-02;2.596650e-02;4.785308e-02;1.037621e-01;2.224913e-01;2.208858e-01
5.749922e-02;4.198059e-02;6.486367e-02;2.125741e-02;2.596102e-02;3.721637e-02;7.139345e-02;3.082345e-02;4.950337e-02;1.174647e-01;2.632531e-01;2.187837e-01
1.443616e-01;6.557494e-02;9.398724e-02;2.775037e-02;1.881505e-02;2.771852e-02;4.164461e-02;4.666695e-02;5.767518e-02;9.731042e-02;2.095160e-01;1.689791e-01
1.467485e-01;6.211295e-02;9.047968e-02;1.734952e-02;1.648708e-02;3.710556e-02;1.006530e-01;4.283124e-02;7.057454e-02;8.324358e-02;1.928024e-01;1.396120e-01
4.094527e-02;2.911084e-02;1.106752e-01;1.933558e-02;2.113021e-02;6.121047e-02;1.589577e-01;2.532129e-02;6.953537e-02;8.648600e-02;2.210445e-01;1.562476e-01
4.174938e-02;1.531774e-02;8.425861e-02;2.338244e-02;2.391927e-02;7.061202e-02;1.521521e-01;1.230944e-02;7.207800e-02;9.636223e-02;2.561131e-01;1.517457e-01
5.226110e-02;1.296226e-02;6.748699e-02;9.927939e-03;2.464169e-02;9.460698e-02;1.102393e-01;1.278580e-02;8.903972e-02;1.019883e-01;2.813573e-01;1.427026e-01
3.433132e-02;1.293107e-02;8.870262e-02;1.154524e-02;1.844739e-02;1.148241e-01;8.262546e-02;8.476824e-03;8.247909e-02;1.131076e-01;3.070288e-01;1.255005e-01
2.122586e-02;1.499767e-02;1.069931e-01;1.690385e-02;1.845582e-02;1.069139e-01;7.156228e-02;2.372467e-02;7.133155e-02;1.304489e-01;3.222599e-01;9.518238e-02
4.761275e-02;3.068374e-02;1.226871e-01;2.206843e-02;2.929884e-02;7.077581e-02;5.743278e-02;3.342712e-02;5.774837e-02;1.815050e-01;2.739662e-01;7.279398e-02
5.282909e-02;4.449798e-02;9.288231e-02;2.492167e-02;3.546947e-02;4.074347e-02;4.292788e-02;3.080283e-02;6.867183e-02;2.537189e-01;2.471933e-01;6.534123e-02
1.404021e-02;3.964374e-02;8.025167e-02;2.940699e-02;2.890560e-02;2.552416e-02;3.571353e-02;1.710008e-02;7.409789e-02;2.788431e-01;3.039331e-01;7.253983e-02
1.185948e-02;2.807196e-02;4.253357e-02;3.442002e-02;2.740782e-02;3.078460e-02;5.609627e-02;2.376220e-02;5.221131e-02;2.897658e-01;3.348523e-01;6.823468e-02
2.570867e-02;2.014875e-02;4.829666e-02;2.582987e-02;3.505781e-02;2.585241e-02;4.124788e-02;3.294662e-02;4.152814e-02;3.031968e-01;3.363461e-01;6.384035e-02
2.297522e-02;2.439576e-02;8.642931e-02;2.419126e-02;4.097760e-02;2.710033e-02;2.744788e-02;3.444448e-02;5.313575e-02;3.126878e-01;2.930541e-01;5.316053e-02
3.480280e-02;2.726238e-02;3.397268e-02;2.641040e-02;4.875063e-02;2.548767e-02;6.148328e-02;4.747960e-02;6.654283e-02;3.358351e-01;2.507718e-01;4.120090e-02
6.838515e-02;4.786179e-02;7.774506e-02;4.499217e-02;5.059107e-02;2.724353e-02;7.874697e-02;5.341438e-02;6.581915e-02;2.593205e-01;1.875741e-01;3.830613e-02
8.261209e-02;6.070588e-02;1.119290e-01;5.789563e-02;5.649159e-02;2.263733e-02;8.642275e-02;6.274429e-02;7.174155e-02;1.772054e-01;1.559978e-01;5.361667e-02
8.066984e-02;7.476739e-02;8.935513e-02;5.269789e-02;8.214588e-02;5.146740e-02;8.280642e-02;5.078112e-02;5.316016e-02;1.611669e-01;1.569953e-01;6.398654e-02
5.990888e-02;9.147295e-02;4.874492e-02;3.593758e-02;9.736973e-02;8.626998e-02;4.438786e-02;2.584017e-02;4.625630e-02;2.139935e-01;1.890060e-01;6.081206e-02
3.683868e-02;9.766598e-02;6.548575e-02;1.939927e-02;8.906249e-02;7.468885e-02;4.550410e-02;5.043060e-02;5.816235e-02;2.362369e-01;1.811696e-01;4.535533e-02
3.743296e-02;9.742299e-02;6.707576e-02;1.652591e-02;1.071431e-01;6.052981e-02;4.732688e-02;5.228298e-02;4.533492e-02;2.404272e-01;1.918255e-01;3.667188e-02
3.757120e-02;9.409355e-02;5.347666e-02;2.890630e-02;1.097936e-01;5.991464e-02;4.431073e-02;4.834391e-02;4.461267e-02;2.599596e-01;1.822541e-01;3.676304e-02
5.227215e-02;8.658789e-02;7.157714e-02;2.693841e-02;1.001649e-01;6.200135e-02;4.646935e-02;5.377115e-02;5.152577e-02;2.470434e-01;1.649959e-01;3.665274e-02
5.955930e-02;7.601544e-02;4.787526e-02;2.426323e-02;1.033131e-01;6.350102e-02;4.641730e-02;4.293896e-02;5.981349e-02;2.410453e-01;1.883846e-01;4.687294e-02
5.923770e-02;5.790765e-02;1.035962e-01;3.873740e-02;9.643403e-02;4.727946e-02;4.373042e-02;3.356675e-02;6.416645e-02;2.310655e-01;1.707284e-01;5.354997e-02
3.735746e-02;4.980925e-02;1.225238e-01;3.852881e-02;7.263558e-02;3.825576e-02;4.782335e-02;3.489634e-02;6.069278e-02;2.316278e-01;1.922105e-01;7.363859e-02
5.978980e-02;3.306703e-02;9.598634e-02;1.974013e-02;5.860801e-02;4.225240e-02;5.821712e-02;3.200103e-02;6.255507e-02;2.273377e-01;2.329839e-01;7.746151e-02
6.781045e-02;2.435974e-02;1.118756e-01;2.432605e-02;4.000656e-02;3.673957e-02;5.361937e-02;4.824757e-02;8.612596e-02;2.068034e-01;2.297331e-01;7.035268e-02
7.122927e-02;5.513032e-02;8.078181e-02;4.190211e-02;4.172389e-02;3.507287e-02;7.144532e-02;7.988798e-02;1.065343e-01;1.755968e-01;1.860336e-01;5.466169e-02
5.230565e-02;4.968748e-02;9.717736e-02;4.178030e-02;4.733707e-02;3.661020e-02;1.014355e-01;1.053627e-01;1.129263e-01;1.565229e-01;1.215676e-01;7.728694e-02
6.857867e-02;2.893862e-02;1.466669e-01;3.259606e-02;6.891810e-02;3.907135e-02;9.863459e-02;1.121417e-01;1.248780e-01;1.306955e-01;6.707709e-02;8.180344e-02
8.157800e-02;4.761871e-02;1.662389e-01;3.293154e-02;9.232335e-02;3.161777e-02;7.815641e-02;1.113216e-01;1.200489e-01;1.278083e-01;6.062172e-02;4.973484e-02
6.255729e-02;6.452287e-02;1.397409e-01;4.569770e-02;1.123071e-01;5.527808e-02;7.956813e-02;8.980355e-02;8.595005e-02;1.091628e-01;1.068211e-01;4.859048e-02
5.908943e-02;6.611638e-02;1.428508e-01;7.355417e-02;8.869915e-02;9.077267e-02;9.551856e-02;8.597890e-02;6.351211e-02;7.012505e-02;9.773374e-02;6.604906e-02
5.420373e-02;7.816574e-02;1.162344e-01;1.081242e-01;6.413772e-02;1.139044e-01;1.028391e-01;8.723085e-02;9.650812e-02;6.422172e-02;5.314069e-02;6.128928e-02
9.765833e-02;8.564639e-02;1.247091e-01;9.763087e-02;8.541207e-02;8.644240e-02;9.513977e-02;7.036114e-02;9.963916e-02;7.240990e-02;4.467028e-02;4.028058e-02
1.628431e-01;1.189969e-01;1.578273e-01;5.469497e-02;6.487946e-02;6.023763e-02;9.404790e-02;3.757586e-02;4.413205e-02;7.467848e-02;5.809513e-02;7.199128e-02
1.664794e-01;1.244753e-01;1.562355e-01;5.635013e-02;5.429857e-02;5.712539e-02;1.024254e-01;3.722749e-02;3.840925e-02;6.891055e-02;6.485606e-02;7.320699e-02
1.734722e-01;1.171419e-01;1.301488e-01;6.737705e-02;5.171113e-02;5.337185e-02;1.065765e-01;4.755333e-02;3.514514e-02;8.789700e-02;6.191124e-02;6.769378e-02
1.528569e-01;6.513514e-02;1.191632e-01;7.204540e-02;7.659342e-02;5.834800e-02;1.167868e-01;4.766762e-02;3.753038e-02;1.574500e-01;5.229046e-02;4.413269e-02
1.076942e-01;5.598195e-02;2.121031e-01;4.246798e-02;7.163936e-02;6.550655e-02;5.430745e-02;2.598691e-02;4.467101e-02;1.746325e-01;9.472090e-02;5.028816e-02
1.197284e-01;7.069298e-02;2.253228e-01;3.921815e-02;4.759152e-02;5.047066e-02;1.127776e-01;2.860896e-02;4.132002e-02;1.225867e-01;9.294289e-02;4.873923e-02
1.218458e-01;8.274874e-02;1.824022e-01;3.809717e-02;4.738011e-02;5.838089e-02;1.278149e-01;3.650219e-02;4.331969e-02;1.126865e-01;1.022403e-01;4.658153e-02
9.391972e-02;1.008790e-01;1.625304e-01;3.038735e-02;6.115830e-02;8.122013e-02;1.314169e-01;3.262481e-02;4.353432e-02;1.098561e-01;1.194951e-01;3.297798e-02
5.168644e-02;9.006948e-02;1.828518e-01;3.235155e-02;6.380662e-02;7.767654e-02;1.480283e-01;3.731865e-02;4.019931e-02;1.206329e-01;1.303126e-01;2.506575e-02
4.498768e-02;7.482725e-02;1.972421e-01;3.151770e-02;7.372066e-02;7.488158e-02;1.313882e-01;4.074600e-02;4.687059e-02;1.263693e-01;1.292407e-01;2.820829e-02
5.367827e-02;9.423709e-02;2.139742e-01;2.446594e-02;5.903708e-02;7.385758e-02;1.434298e-01;3.084637e-02;3.854555e-02;1.361359e-01;1.123341e-01;1.945813e-02
4.179759e-02;9.275272e-02;2.458882e-01;2.254938e-02;5.431353e-02;7.493172e-02;1.370514e-01;2.445092e-02;4.755600e-02;1.220398e-01;1.131611e-01;2.350772e-02
3.973344e-02;1.105933e-01;2.219009e-01;2.165525e-02;6.964275e-02;7.335236e-02;1.341109e-01;3.327335e-02;3.896672e-02;1.190691e-01;1.164891e-01;2.121286e-02
4.604332e-02;1.032408e-01;2.296168e-01;1.664756e-02;7.248076e-02;9.249061e-02;1.461878e-01;2.774987e-02;2.555578e-02;1.166323e-01;1.033433e-01;2.001109e-02
3.815338e-02;8.179101e-02;2.538031e-01;2.089416e-02;7.770311e-02;1.028217e-01;1.545705e-01;1.407597e-02;3.123939e-02;9.874337e-02;1.024082e-01;2.379606e-02
4.592631e-02;1.031108e-01;2.472452e-01;3.719280e-02;7.523152e-02;9.729655e-02;1.440738e-01;1.846318e-02;2.125043e-02;7.395551e-02;1.011364e-01;3.511748e-02
4.011214e-02;1.324383e-01;1.680327e-01;5.274458e-02;8.188922e-02;9.116320e-02;1.070348e-01;3.239606e-02;2.692782e-02;1.014071e-01;1.203602e-01;4.549392e-02
7.062393e-02;1.243531e-01;2.149228e-01;4.592020e-02;7.979223e-02;6.939606e-02;9.320347e-02;3.028723e-02;3.498616e-02;9.287489e-02;1.042456e-01;3.939429e-02
9.434896e-02;1.158326e-01;2.850396e-01;3.572867e-02;8.107744e-02;4.334124e-02;7.302232e-02;2.740079e-02;3.931198e-02;7.261717e-02;9.191208e-02;4.036709e-02
1.365382e-01;8.785285e-02;2.691473e-01;2.946373e-02;7.936624e-02;4.176894e-02;7.353131e-02;2.067791e-02;3.624902e-02;9.613218e-02;8.217035e-02;4.710194e-02
1.393122e-01;8.302610e-02;1.426544e-01;4.365645e-02;9.217352e-02;6.002475e-02;1.061835e-01;2.042698e-02;4.538384e-02;1.256435e-01;1.026448e-01;3.886997e-02
1.281881e-01;5.476014e-02;1.377776e-01;5.124377e-02;7.873221e-02;5.930963e-02;1.503587e-01;1.870898e-02;6.032638e-02;1.046454e-01;9.861642e-02;5.733271e-02
1.252164e-01;4.657097e-02;1.306441e-01;4.977767e-02;5.115045e-02;4.059973e-02;1.296188e-01;6.876918e-02;8.438995e-02;9.653721e-02;9.985278e-02;7.687272e-02
1.160543e-01;3.402219e-02;1.356404e-01;4.063861e-02;5.783680e-02;4.822564e-02;1.421928e-01;7.219072e-02;6.575246e-02;1.023127e-01;1.190823e-01;6.605113e-02
1.007789e-01;7.468674e-02;1.294143e-01;5.575307e-02;7.615139e-02;5.867096e-02;1.058606e-01;6.698757e-02;8.969271e-02;9.295271e-02;9.773107e-02;5.131989e-02
9.126960e-02;8.670925e-02;1.349093e-01;8.060996e-02;8.550777e-02;5.584149e-02;7.691082e-02;7.671407e-02;8.314292e-02;9.602290e-02;7.558456e-02;5.677732e-02
5.238261e-02;1.031158e-01;2.536945e-01;1.027418e-01;7.530273e-02;5.252144e-02;5.128490e-02;7.060655e-02;6.252365e-02;7.142002e-02;5.475992e-02;4.964604e-02
1.086367e-01;1.027817e-01;3.535057e-01;6.487296e-02;6.542451e-02;3.398295e-02;6.398657e-02;5.411895e-02;5.912462e-02;2.513956e-02;4.203852e-02;2.638730e-02
9.379201e-02;9.562410e-02;3.421541e-01;5.669224e-02;7.513664e-02;4.216608e-02;8.459049e-02;4.077473e-02;6.531917e-02;3.683081e-02;3.704685e-02;2.987275e-02
6.016332e-02;8.859882e-02;3.459871e-01;6.049765e-02;9.208681e-02;5.821410e-02;7.571900e-02;2.571288e-02;6.901081e-02;4.180562e-02;3.598859e-02;4.621538e-02
8.831260e-02;5.693613e-02;3.480613e-01;4.228534e-02;5.757951e-02;6.177006e-02;4.928808e-02;7.458222e-02;5.325045e-02;6.912886e-02;4.014157e-02;5.866392e-02
1.838445e-01;1.039622e-01;2.842645e-01;2.923177e-02;2.654181e-02;4.052078e-02;7.198044e-02;5.834237e-02;3.713942e-02;5.348000e-02;5.704609e-02;5.364618e-02
2.578517e-01;9.669817e-02;2.606616e-01;2.834935e-02;4.384236e-02;3.194225e-02;5.202862e-02;4.415650e-02;2.354919e-02;4.438855e-02;6.953813e-02;4.699352e-02
2.804835e-01;6.178066e-02;2.670689e-01;4.288099e-02;5.602158e-02;3.204083e-02;3.986730e-02;3.182869e-02;3.768530e-02;3.415055e-02;5.604573e-02;6.014601e-02
2.433608e-01;7.970881e-02;2.859965e-01;3.719952e-02;5.198956e-02;3.771789e-02;4.715151e-02;2.891616e-02;3.408949e-02;2.983297e-02;4.373506e-02;8.030181e-02
1.950767e-01;6.656121e-02;3.163912e-01;3.430320e-02;6.475312e-02;4.030979e-02;6.007162e-02;2.981329e-02;2.059461e-02;3.906621e-02;5.777618e-02;7.528286e-02
1.529951e-01;8.354377e-02;2.729102e-01;4.570794e-02;7.328456e-02;3.482398e-02;1.118868e-01;3.236266e-02;2.374777e-02;5.560075e-02;5.710833e-02;5.602810e-02
1.311585e-01;9.448840e-02;1.619131e-01;5.259300e-02;6.395891e-02;6.240842e-02;1.333758e-01;4.930194e-02;5.885072e-02;5.945204e-02;7.942032e-02;5.307887e-02
1.340996e-01;8.217762e-02;1.257644e-01;7.496244e-02;4.977699e-02;8.482939e-02;5.778673e-02;8.953571e-02;6.504007e-02;7.634762e-02;1.011255e-01;5.855389e-02
1.345168e-01;6.160841e-02;1.289567e-01;8.314081e-02;5.950960e-02;6.037625e-02;7.831662e-02;9.437456e-02;8.521088e-02;6.592388e-02;7.329329e-02;7.477217e-02
1.269838e-01;7.707175e-02;1.649726e-01;7.701000e-02;5.671148e-02;6.341400e-02;9.876496e-02;4.784450e-02;8.659605e-02;5.812279e-02;6.994689e-02;7.256126e-02
1.192908e-01;7.891716e-02;2.117962e-01;6.057051e-02;6.485926e-02;7.377943e-02;1.111727e-01;4.589399e-02;7.211872e-02;5.904007e-02;5.396926e-02;4.859190e-02
