2.330527e-02;3.858935e-02;6.269881e-02;2.842812e-02;4.743704e-02;2.774232e-01;1.349135e-01;9.710209e-02;1.118366e-01;3.314103e-02;1.043133e-01;4.081163e-02
1.217698e-02;2.274816e-02;5.963593e-02;1.474395e-02;3.989621e-02;3.263583e-01;1.800397e-01;4.316412e-02;1.111441e-01;4.089865e-02;1.146571e-01;3.453688e-02
1.707182e-02;3.255521e-02;7.292317e-02;2.185685e-02;1.545180e-02;3.295150e-01;2.113458e-01;4.240049e-02;9.279162e-02;3.157111e-02;7.894105e-02;5.357617e-02
1.959214e-02;3.565804e-02;7.714221e-02;2.955045e-02;4.794689e-02;3.163057e-01;1.941951e-01;6.357080e-02;9.791604e-02;2.982029e-02;3.190678e-02;5.639561e-02
1.921542e-02;3.204559e-02;9.236432e-02;3.904742e-02;7.626284e-02;2.497964e-01;1.291920e-01;1.141762e-01;1.262152e-01;3.206507e-02;3.910139e-02;5.051814e-02
3.337032e-02;1.865791e-02;9.801304e-02;3.281518e-02;6.356548e-02;2.282444e-01;3.527774e-02;1.263181e-01;1.801996e-01;4.173959e-02;7.745983e-02;6.433879e-02
3.434936e-02;3.880907e-02;1.048701e-01;1.967428e-02;3.258573e-02;3.459759e-01;5.990601e-02;5.746004e-02;1.449519e-01;4.623654e-02;5.817062e-02;5.701039e-02
3.693686e-02;5.542552e-02;8.971322e-02;1.624545e-02;2.062174e-02;2.843460e-01;1.124942e-01;9.498888e-02;1.209193e-01;4.247710e-02;8.153945e-02;4.429225e-02
3.664976e-02;8.588614e-02;1.335626e-01;2.007607e-02;2.166838e-02;1.983035e-01;1.465403e-01;1.013166e-01;1.181523e-01;4.167154e-02;6.763059e-02;2.854215e-02
2.069458e-02;8.019032e-02;1.411113e-01;1.156260e-02;3.419101e-02;1.859798e-01;1.557986e-01;1.211563e-01;1.384045e-01;2.927380e-02;5.593710e-02;2.570004e-02
2.558554e-02;9.577440e-02;9.697080e-02;1.238146e-02;2.904895e-02;2.033134e-01;1.322996e-01;1.284948e-01;1.231534e-01;4.321965e-02;8.093026e-02;2.882782e-02
3.555390e-02;1.105200e-01;1.337191e-01;3.014644e-02;2.916049e-02;1.861667e-01;9.329659e-02;8.465726e-02;1.384125e-01;6.091253e-02;5.911726e-02;3.833716e-02
6.349076e-02;1.454962e-01;1.403379e-01;2.500577e-02;4.152671e-02;1.280293e-01;6.727654e-02;1.927869e-01;1.044887e-01;4.025109e-02;2.684221e-02;2.446796e-02
9.183715e-02;1.529211e-01;1.163889e-01;1.852250e-02;6.851891e-02;7.524390e-02;8.652622e-02;2.416466e-01;6.631685e-02;2.920098e-02;3.239769e-02;2.047924e-02
1.124792e-01;1.367695e-01;1.043617e-01;1.257979e-02;8.490872e-02;4.525690e-02;7.027776e-02;2.669964e-01;6.645900e-02;3.822127e-02;4.429782e-02;1.739191e-02
1.292907e-01;9.389389e-02;8.946037e-02;9.113287e-03;9.868578e-02;4.812850e-02;4.781669e-02;2.828979e-01;9.423349e-02;4.062770e-02;4.880606e-02;1.704556e-02
1.148483e-01;1.421005e-01;8.056935e-02;1.591846e-02;8.924115e-02;3.813441e-02;5.715954e-02;2.148273e-01;1.362273e-01;4.227216e-02;5.465661e-02;1.404494e-02
1.028070e-01;1.442157e-01;5.725003e-02;1.110294e-02;8.038171e-02;2.471886e-02;7.298713e-02;1.783486e-01;1.939232e-01;5.207177e-02;7.040295e-02;1.179013e-02
9.319487e-02;1.244968e-01;3.928611e-02;7.147045e-03;1.011252e-01;1.880915e-02;7.500940e-02;2.134888e-01;2.046411e-01;3.184599e-02;8.354707e-02;7.408605e-03
1.001246e-01;1.200718e-01;3.853245e-02;5.547908e-03;1.154145e-01;1.815750e-02;6.337640e-02;2.514135e-01;1.660125e-01;2.238166e-02;9.038770e-02;8.579539e-03
1.183048e-01;1.289292e-01;4.761469e-02;1.122084e-02;1.146372e-01;1.555753e-02;4.430277e-02;2.789549e-01;1.234627e-01;2.232630e-02;8.770470e-02;6.984336e-03
1.296948e-01;1.445072e-01;4.948564e-02;1.230709e-02;1.019238e-01;2.504183e-02;3.916754e-02;3.037139e-01;8.431673e-02;1.590245e-02;7.995040e-02;1.398872e-02
1.330001e-01;1.457785e-01;6.703629e-02;1.306057e-02;8.802772e-02;3.404314e-02;2.113579e-02;2.938933e-01;8.057615e-02;2.937432e-02;6.356411e-02;3.051002e-02
1.348508e-01;1.437325e-01;7.460913e-02;2.397203e-02;7.520735e-02;4.706741e-02;3.844234e-02;2.272286e-01;1.023917e-01;3.384064e-02;6.571914e-02;3.293837e-02
1.440168e-01;1.592076e-01;1.046401e-01;2.880679e-02;6.218069e-02;6.072924e-02;3.575844e-02;1.771532e-01;9.970009e-02;4.263277e-02;6.402244e-02;2.115195e-02
1.183548e-01;1.760231e-01;1.118693e-01;3.497870e-02;4.931601e-02;5.431606e-02;4.517049e-02;1.925240e-01;7.597208e-02;4.434808e-02;6.611022e-02;3.101710e-02
6.703009e-02;1.620754e-01;8.795397e-02;2.834443e-02;4.488131e-02;4.772677e-02;4.940206e-02;3.013060e-01;8.182654e-02;3.235385e-02;6.286584e-02;3.423375e-02
4.351982e-02;1.339314e-01;7.432324e-02;1.634476e-02;4.529539e-02;5.163011e-02;6.617399e-02;3.639203e-01;1.190754e-01;2.318862e-02;5.008927e-02;1.250758e-02
6.057797e-02;1.336126e-01;6.509532e-02;1.614640e-02;5.306483e-02;5.229486e-02;7.528239e-02;3.482521e-01;1.264015e-01;2.826241e-02;3.427676e-02;6.732815e-03
7.376583e-02;1.493595e-01;7.204027e-02;1.365286e-02;7.472160e-02;5.619704e-02;6.748149e-02;2.996567e-01;1.308002e-01;2.268276e-02;2.797600e-02;1.166568e-02
6.928471e-02;1.435280e-01;4.997885e-02;1.445876e-02;8.751418e-02;4.940946e-02;5.351361e-02;2.847836e-01;1.783801e-01;1.933795e-02;2.982390e-02;1.998688e-02
6.417202e-02;1.076020e-01;3.614214e-02;1.662598e-02;8.595755e-02;6.348743e-02;4.144602e-02;3.070169e-01;1.968354e-01;3.369451e-02;3.363838e-02;1.338168e-02
7.241729e-02;1.243782e-01;5.370522e-02;2.120594e-02;7.685860e-02;6.514552e-02;5.940526e-02;3.156543e-01;1.351915e-01;3.718669e-02;2.955783e-02;9.293701e-03
9.690324e-02;1.615820e-01;7.694408e-02;2.193412e-02;7.321776e-02;3.320509e-02;6.407017e-02;3.583146e-01;6.519119e-02;1.828807e-02;2.070993e-02;9.639692e-03
1.008259e-01;1.420277e-01;8.042589e-02;2.233850e-02;9.203488e-02;3.868999e-02;6.512012e-02;3.583900e-01;5.608878e-02;1.681190e-02;1.214586e-02;1.510051e-02
8.036526e-02;9.431950e-02;1.168419e-01;3.254579e-02;9.611343e-02;8.593003e-02;3.483239e-02;3.067822e-01;1.005404e-01;2.025205e-02;1.453481e-02;1.694237e-02
7.713926e-02;1.310858e-01;1.664948e-01;3.794655e-02;7.196889e-02;1.095622e-01;5.182057e-02;2.008934e-01;9.169188e-02;2.086910e-02;2.387406e-02;1.665336e-02
7.325698e-02;1.744087e-01;1.324847e-01;6.013754e-02;6.946957e-02;8.943443e-02;8.296970e-02;1.485725e-01;7.635693e-02;2.082027e-02;2.572501e-02;4.636365e-02
6.150208e-02;1.197762e-01;9.251207e-02;7.496715e-02;7.355720e-02;7.347636e-02;1.139901e-01;1.497704e-01;9.037839e-02;2.539718e-02;3.823135e-02;8.644160e-02
5.223902e-02;5.359323e-02;1.302777e-01;4.190497e-02;6.788287e-02;9.763688e-02;7.521366e-02;1.268751e-01;1.171435e-01;3.539331e-02;1.206142e-01;8.122563e-02
5.322852e-02;8.849724e-02;1.694429e-01;1.203584e-02;6.076102e-02;1.228395e-01;2.848551e-02;6.997299e-02;1.105752e-01;4.654969e-02;1.887927e-01;4.881882e-02
4.803400e-02;1.151093e-01;1.519086e-01;1.642044e-02;4.827799e-02;1.068710e-01;3.606673e-02;8.844980e-02;1.030935e-01;5.772489e-02;1.898807e-01;3.816291e-02
3.254665e-02;1.402790e-01;8.832598e-02;3.310600e-02;7.441497e-02;9.147985e-02;8.060709e-02;1.009346e-01;8.825115e-02;9.982624e-02;1.492746e-01;2.095394e-02
3.096274e-02;1.804810e-01;5.504456e-02;3.538683e-02;1.192984e-01;1.514241e-01;8.370725e-02;7.852741e-02;5.582980e-02;1.231868e-01;6.931805e-02;1.683291e-02
2.533944e-02;1.888499e-01;4.724749e-02;3.020398e-02;1.486747e-01;1.859209e-01;3.968891e-02;8.449259e-02;7.237138e-02;1.468445e-01;2.061250e-02;9.753693e-03
1.725286e-02;2.052406e-01;4.118092e-02;2.019719e-02;1.738071e-01;1.680102e-01;1.638142e-02;6.710207e-02;8.480476e-02;1.719677e-01;2.770886e-02;6.346428e-03
1.225874e-02;2.252417e-01;4.239250e-02;2.279226e-02;1.842670e-01;1.078790e-01;2.004493e-02;7.171099e-02;8.452044e-02;1.783049e-01;3.985766e-02;1.072991e-02
2.059132e-02;2.252583e-01;4.267551e-02;3.257220e-02;1.940591e-01;7.703156e-02;1.838733e-02;7.249480e-02;9.612251e-02;1.852984e-01;2.489797e-02;1.061104e-02
2.281867e-02;2.204923e-01;4.366608e-02;4.451030e-02;2.008443e-01;5.869484e-02;1.860128e-02;5.118075e-02;1.072639e-01;1.943438e-01;2.543312e-02;1.215067e-02
1.474181e-02;1.993748e-01;2.886610e-02;5.269964e-02;2.154368e-01;5.928982e-02;1.532121e-02;5.902813e-02;1.049036e-01;1.991256e-01;3.790064e-02;1.331194e-02
1.432372e-02;1.535633e-01;2.733588e-02;5.377241e-02;2.378866e-01;6.539877e-02;1.344027e-02;7.822501e-02;1.256199e-01;1.960971e-01;2.287782e-02;1.145914e-02
6.295661e-03;1.142855e-01;3.133009e-02;7.613016e-02;2.269740e-01;6.056132e-02;8.579654e-03;1.110967e-01;1.627845e-01;1.565888e-01;3.317756e-02;1.219605e-02
1.675748e-02;6.822180e-02;5.612153e-02;9.747223e-02;2.075201e-01;7.053298e-02;2.377050e-02;1.683791e-01;1.419407e-01;9.760144e-02;2.999347e-02;2.168877e-02
2.512002e-02;6.450879e-02;8.159862e-02;6.921668e-02;1.960898e-01;1.062022e-01;2.485956e-02;2.144149e-01;1.025232e-01;5.773438e-02;3.264552e-02;2.508644e-02
3.279661e-02;1.158496e-01;9.449720e-02;1.834715e-02;1.878255e-01;1.555979e-01;2.562572e-02;1.743183e-01;7.079510e-02;5.669494e-02;4.304842e-02;2.460359e-02
2.598697e-02;1.303178e-01;8.129472e-02;3.383965e-02;1.965264e-01;1.590121e-01;3.511431e-02;1.328761e-01;8.354670e-02;7.902955e-02;3.216011e-02;1.029559e-02
1.459263e-02;1.173954e-01;7.656123e-02;5.868899e-02;2.061777e-01;1.072759e-01;4.527708e-02;1.399319e-01;8.897264e-02;1.004608e-01;2.995075e-02;1.471497e-02
3.226577e-02;1.355134e-01;8.150105e-02;6.640708e-02;2.044202e-01;6.057613e-02;4.143815e-02;1.277573e-01;8.004630e-02;1.389008e-01;2.140709e-02;9.766748e-03
4.413605e-02;1.311591e-01;6.009362e-02;5.018763e-02;1.857605e-01;1.047461e-01;4.583988e-02;1.264358e-01;4.991576e-02;1.593627e-01;3.634336e-02;6.019447e-03
5.803912e-02;1.419057e-01;3.368365e-02;4.766817e-02;1.798336e-01;1.516139e-01;2.432466e-02;1.151283e-01;6.743251e-02;1.594703e-01;1.177529e-02;9.124907e-03
6.740391e-02;1.571509e-01;4.800254e-02;4.791189e-02;1.247468e-01;1.343887e-01;3.465460e-02;1.014730e-01;9.810394e-02;1.489395e-01;2.462269e-02;1.260162e-02
6.555584e-02;9.974077e-02;7.509279e-02;4.695415e-02;8.035848e-02;1.206313e-01;6.374410e-02;1.243206e-01;1.300650e-01;1.407926e-01;1.958310e-02;3.316125e-02
4.882020e-02;6.429121e-02;7.297827e-02;3.872401e-02;9.912013e-02;1.483450e-01;6.323124e-02;1.234287e-01;1.401443e-01;1.312149e-01;2.830096e-02;4.140111e-02
2.902367e-02;8.234518e-02;9.173607e-02;5.081244e-02;1.088884e-01;1.731849e-01;5.177934e-02;1.128784e-01;1.289300e-01;1.024527e-01;3.850441e-02;2.946446e-02
2.893324e-02;1.069071e-01;1.260452e-01;3.311317e-02;1.001818e-01;2.112260e-01;4.554031e-02;9.885845e-02;1.118923e-01;4.829162e-02;5.956214e-02;2.944877e-02
2.246808e-02;1.008872e-01;1.035002e-01;1.354927e-02;1.184748e-01;2.969108e-01;3.224907e-02;5.604170e-02;8.890456e-02;5.545674e-02;9.264966e-02;1.890791e-02
1.591345e-02;8.848586e-02;6.821755e-02;1.386700e-02;1.424658e-01;3.473433e-01;3.664313e-02;5.775648e-02;5.915789e-02;5.169392e-02;9.791357e-02;2.054208e-02
1.679108e-02;7.660617e-02;5.906384e-02;2.591106e-02;1.390070e-01;3.813311e-01;3.172039e-02;5.625485e-02;5.238209e-02;3.732715e-02;1.045450e-01;1.906030e-02
1.329125e-02;8.610949e-02;3.422808e-02;2.718715e-02;1.403036e-01;4.203483e-01;3.440606e-02;4.942029e-02;5.657212e-02;4.175746e-02;8.868516e-02;7.691057e-03
1.973307e-02;8.798195e-02;5.130193e-02;1.502661e-02;1.318121e-01;4.290619e-01;2.362546e-02;4.081422e-02;4.746247e-02;5.510332e-02;8.094963e-02;1.712743e-02
1.890220e-02;1.098472e-01;3.075522e-02;2.997208e-02;1.283205e-01;3.983690e-01;3.079566e-02;5.761602e-02;4.279190e-02;6.816647e-02;6.502116e-02;1.944264e-02
1.705916e-02;1.099766e-01;7.798140e-02;3.784643e-02;9.202507e-02;3.969648e-01;4.604672e-02;5.259395e-02;2.784441e-02;5.378585e-02;6.871562e-02;1.916005e-02
1.530733e-02;8.548359e-02;1.115358e-01;2.446143e-02;2.627320e-02;4.407601e-01;6.366735e-02;3.487130e-02;3.527786e-02;3.677914e-02;1.070860e-01;1.849700e-02
1.501354e-02;5.144963e-02;1.743629e-01;1.463270e-02;3.593028e-02;4.366229e-01;4.034428e-02;1.981615e-02;3.758829e-02;2.162642e-02;1.313173e-01;2.129558e-02
8.985680e-03;2.723044e-02;2.250592e-01;1.298050e-02;4.344262e-02;3.771724e-01;7.020418e-02;1.869904e-02;3.421505e-02;1.742965e-02;1.354698e-01;2.911151e-02
7.144338e-03;3.855419e-02;2.359526e-01;2.161004e-02;3.722924e-02;2.743014e-01;1.581919e-01;2.137307e-02;3.700927e-02;1.717412e-02;1.127321e-01;3.872766e-02
8.051573e-03;3.580536e-02;1.625227e-01;5.785717e-02;3.357787e-02;2.206769e-01;2.705095e-01;3.312796e-02;2.665333e-02;1.784552e-02;6.009717e-02;7.327490e-02
1.584472e-02;1.846917e-02;8.419040e-02;8.452239e-02;2.428076e-02;1.993554e-01;3.395833e-01;2.826967e-02;2.160976e-02;1.070200e-02;7.352980e-02;9.964267e-02
1.670970e-02;1.239312e-02;3.769899e-02;9.666608e-02;2.601350e-02;1.666811e-01;3.966543e-01;2.849028e-02;1.464364e-02;9.339169e-03;8.003195e-02;1.146782e-01
1.436653e-02;1.105284e-02;4.228707e-02;1.139304e-01;2.521406e-02;9.893406e-02;4.551127e-01;2.076563e-02;2.350387e-02;1.193653e-02;3.309917e-02;1.497971e-01
1.148996e-02;2.254095e-02;5.313922e-02;9.527177e-02;1.982963e-02;1.005062e-01;4.530516e-01;2.645981e-02;2.054913e-02;7.337790e-03;4.210680e-02;1.477171e-01
8.090194e-03;2.282051e-02;4.247907e-02;8.809934e-02;9.529991e-03;6.899627e-02;5.244443e-01;1.864953e-02;2.191401e-02;8.326353e-03;3.183448e-02;1.548160e-01
1.364521e-02;1.569585e-02;3.602004e-02;6.056659e-02;2.103078e-02;1.433514e-01;4.553121e-01;3.941663e-02;2.436958e-02;1.121321e-02;5.469611e-02;1.246825e-01
1.991161e-02;3.316474e-02;3.613170e-02;4.770462e-02;4.338422e-02;2.448069e-01;3.255874e-01;3.051150e-02;2.791341e-02;1.565605e-02;7.120526e-02;1.040225e-01
1.893303e-02;4.179427e-02;4.083142e-02;4.998624e-02;7.210439e-02;2.593286e-01;2.078235e-01;6.701704e-02;6.887965e-02;3.382669e-02;4.444840e-02;9.502678e-02
2.048290e-02;4.768061e-02;7.209758e-02;4.700875e-02;5.503582e-02;2.354572e-01;1.428227e-01;6.180530e-02;9.401101e-02;4.457619e-02;7.992171e-02;9.910028e-02
2.731049e-02;6.145100e-02;1.014649e-01;4.110136e-02;2.853534e-02;2.328323e-01;1.759580e-01;5.387620e-02;7.617731e-02;4.925064e-02;6.423401e-02;8.780845e-02
1.882790e-02;3.211853e-02;5.048591e-02;2.598740e-02;5.559799e-02;2.861530e-01;2.119500e-01;6.985297e-02;7.235578e-02;4.552576e-02;7.916027e-02;5.198441e-02
1.601911e-02;5.310250e-02;4.235872e-02;2.861661e-02;7.991692e-02;2.293133e-01;2.173565e-01;8.756786e-02;7.911307e-02;4.414924e-02;9.250081e-02;2.998534e-02
1.380535e-02;8.632410e-02;7.912580e-02;3.084291e-02;1.309784e-01;9.128508e-02;1.719819e-01;1.146276e-01;8.598837e-02;8.922055e-02;7.172983e-02;3.408999e-02
2.247722e-02;5.838310e-02;7.613198e-02;6.926986e-02;1.743319e-01;7.255782e-02;1.242085e-01;9.958646e-02;9.142514e-02;1.280660e-01;5.197707e-02;3.158486e-02
2.538333e-02;4.452260e-02;6.507023e-02;1.083580e-01;1.925567e-01;1.093754e-01;9.727470e-02;6.433440e-02;1.106318e-01;1.296194e-01;3.555047e-02;1.732295e-02
5.441377e-02;3.604919e-02;5.603794e-02;1.527729e-01;2.093342e-01;7.538700e-02;9.334254e-02;4.530907e-02;1.193825e-01;1.016806e-01;4.513925e-02;1.115108e-02
8.692182e-02;2.035719e-02;4.684750e-02;2.137708e-01;1.909187e-01;2.368156e-02;1.359724e-01;4.797528e-02;1.304892e-01;5.607748e-02;3.646982e-02;1.051822e-02
9.737867e-02;2.794340e-02;4.479511e-02;2.134199e-01;1.438706e-01;5.811275e-02;1.443428e-01;7.252352e-02;1.428432e-01;1.437907e-02;2.391548e-02;1.647551e-02
8.487984e-02;1.933519e-02;5.158596e-02;2.406942e-01;8.093002e-02;4.837146e-02;1.314629e-01;9.864989e-02;1.816925e-01;1.962884e-02;2.180575e-02;2.096344e-02
8.663926e-02;1.538642e-02;5.012927e-02;2.477272e-01;2.958633e-02;5.808980e-02;1.288499e-01;1.124346e-01;2.131685e-01;2.522800e-02;1.558706e-02;1.717365e-02
9.548116e-02;1.113389e-02;4.163127e-02;2.044017e-01;6.194895e-02;6.802279e-02;1.356544e-01;1.026101e-01;2.117731e-01;2.714150e-02;2.423397e-02;1.596720e-02
9.509508e-02;1.886982e-02;6.704464e-02;1.471915e-01;4.304486e-02;5.373552e-02;1.490581e-01;1.233860e-01;2.239718e-01;3.328993e-02;2.986890e-02;1.544382e-02
8.534299e-02;2.726401e-02;8.737236e-02;1.395192e-01;4.913351e-02;6.598432e-02;1.445302e-01;1.261099e-01;2.016826e-01;3.476696e-02;1.555066e-02;2.274339e-02
7.439839e-02;3.958682e-02;8.451886e-02;1.305223e-01;7.847634e-02;6.458715e-02;1.287244e-01;1.381652e-01;1.817490e-01;2.250023e-02;3.135391e-02;2.541748e-02
5.363939e-02;4.542243e-02;1.048348e-01;7.716544e-02;8.380754e-02;6.068115e-02;1.132880e-01;1.546263e-01;1.993386e-01;2.527859e-02;4.746637e-02;3.445137e-02
3.234902e-02;3.879000e-02;9.622825e-02;7.197213e-02;7.590879e-02;1.104025e-01;8.486914e-02;1.502359e-01;1.968871e-01;4.533575e-02;4.686553e-02;5.015593e-02
3.411358e-02;4.897282e-02;8.845178e-02;6.959996e-02;9.006984e-02;1.281458e-01;7.216830e-02;1.677318e-01;1.924096e-01;4.885742e-02;1.447107e-02;4.500805e-02
3.708487e-02;3.509066e-02;4.673489e-02;5.760037e-02;9.293246e-02;1.658207e-01;6.739429e-02;1.611164e-01;1.845108e-01;5.253809e-02;4.667449e-02;5.250198e-02
4.421968e-02;2.890154e-02;5.472016e-02;5.365297e-02;7.331664e-02;1.558182e-01;1.192700e-01;1.503638e-01;1.801808e-01;4.175324e-02;4.229865e-02;5.550430e-02
4.080488e-02;5.048007e-02;7.701083e-02;4.748228e-02;8.127088e-02;1.723801e-01;1.566758e-01;6.821569e-02;1.876194e-01;3.277729e-02;4.272509e-02;4.255769e-02
2.983590e-02;3.063237e-02;9.072831e-02;4.576746e-02;8.140344e-02;2.282782e-01;1.412765e-01;9.278020e-02;1.570514e-01;4.300787e-02;2.647292e-02;3.276550e-02
3.813179e-02;4.212109e-02;9.307940e-02;6.279019e-02;6.285858e-02;2.097077e-01;1.404436e-01;9.721656e-02;1.238889e-01;3.316432e-02;5.545722e-02;4.114060e-02
4.138482e-02;6.200087e-02;8.505177e-02;4.951987e-02;5.995672e-02;1.894417e-01;1.505345e-01;7.992395e-02;1.166373e-01;3.145531e-02;7.479073e-02;5.930238e-02
2.682417e-02;6.323379e-02;7.274368e-02;5.008388e-02;3.288180e-02;1.287863e-01;1.837860e-01;1.330124e-01;1.440970e-01;3.805169e-02;5.732909e-02;6.917023e-02
3.720636e-02;4.772265e-02;7.122397e-02;5.042553e-02;4.698057e-02;1.899111e-01;1.706943e-01;1.240334e-01;1.441585e-01;2.780648e-02;3.749394e-02;5.234320e-02
5.404061e-02;6.430528e-02;7.305884e-02;6.204401e-02;6.220162e-02;1.936557e-01;1.119164e-01;1.020532e-01;1.131946e-01;6.909528e-02;6.010104e-02;3.433339e-02
6.175698e-02;6.471755e-02;7.659889e-02;7.453977e-02;1.089888e-01;1.460488e-01;8.344530e-02;1.205159e-01;9.865928e-02;8.811800e-02;3.609335e-02;4.051735e-02
7.483277e-02;5.706300e-02;9.202101e-02;7.738382e-02;1.258136e-01;1.528429e-01;6.223957e-02;1.090008e-01;8.718345e-02;6.118622e-02;4.297666e-02;5.745613e-02
6.487063e-02;7.175905e-02;9.977041e-02;5.684133e-02;5.318990e-02;2.262797e-01;7.424028e-02;7.914633e-02;9.049471e-02;3.248804e-02;8.364449e-02;6.727517e-02
4.400516e-02;4.953814e-02;9.368413e-02;3.797885e-02;2.375622e-02;2.898958e-01;9.559534e-02;6.267999e-02;8.421832e-02;2.772662e-02;1.325727e-01;5.834876e-02
2.528753e-02;3.153594e-02;9.646901e-02;1.943332e-02;2.579468e-02;3.479615e-01;8.687422e-02;3.908369e-02;8.458848e-02;2.396729e-02;1.779301e-01;4.107419e-02
1.297363e-02;2.739345e-02;1.137851e-01;1.291398e-02;1.240802e-02;3.729937e-01;8.037595e-02;3.060450e-02;6.731939e-02;1.828998e-02;2.220689e-01;2.887338e-02
1.305628e-02;1.612567e-02;1.188866e-01;1.081398e-02;2.547483e-02;3.760220e-01;4.915632e-02;3.368614e-02;5.165338e-02;2.896201e-02;2.569857e-01;1.917722e-02
1.779310e-02;1.860938e-02;1.268910e-01;8.495389e-03;3.035257e-02;3.547063e-01;3.881065e-02;3.621069e-02;5.614717e-02;2.911185e-02;2.646761e-01;1.819573e-02
1.849088e-02;1.119200e-02;1.363136e-01;1.192946e-02;1.716113e-02;3.414625e-01;5.998197e-02;3.328724e-02;6.378644e-02;1.934143e-02;2.654473e-01;2.160610e-02
1.127463e-02;1.705599e-02;1.260446e-01;1.925252e-02;1.475902e-02;2.983469e-01;1.326316e-01;2.954339e-02;7.639382e-02;3.135049e-02;2.108759e-01;3.247112e-02
9.167496e-03;2.025960e-02;9.285596e-02;2.179855e-02;1.689034e-02;2.639947e-01;2.116992e-01;4.200315e-02;8.709650e-02;2.698006e-02;1.458868e-01;6.136767e-02
1.480839e-02;1.089529e-02;7.036313e-02;7.591132e-03;1.846922e-02;2.996590e-01;1.933055e-01;3.550241e-02;1.031808e-01;2.780499e-02;1.507450e-01;6.767503e-02
1.607133e-02;1.016759e-02;6.973187e-02;1.235085e-02;1.803284e-02;3.437569e-01;1.758772e-01;3.745433e-02;9.064735e-02;3.387100e-02;1.255103e-01;6.652856e-02
1.349964e-02;1.508455e-02;5.378041e-02;9.793214e-03;2.210267e-02;3.745048e-01;1.877177e-01;3.285164e-02;7.822066e-02;3.233045e-02;1.187707e-01;6.134350e-02
1.879322e-02;2.497322e-02;3.437906e-02;2.534955e-02;4.883499e-02;3.532411e-01;1.898733e-01;2.760850e-02;6.525773e-02;2.479660e-02;1.036965e-01;8.319622e-02
2.929816e-02;3.996874e-02;3.342983e-02;4.265904e-02;6.645367e-02;3.120435e-01;1.598666e-01;6.993490e-02;7.499851e-02;1.598114e-02;8.658798e-02;6.877796e-02
4.359336e-02;5.593457e-02;3.862621e-02;3.412151e-02;7.333346e-02;2.130265e-01;1.054865e-01;1.248589e-01;1.176194e-01;3.796618e-02;6.918354e-02;8.624976e-02
2.901398e-02;6.901933e-02;7.824227e-02;3.472055e-02;2.597455e-02;1.395428e-01;1.752767e-01;6.894105e-02;1.045640e-01;3.319825e-02;1.076778e-01;1.338287e-01
3.136986e-02;6.152935e-02;8.086798e-02;3.043169e-02;2.991747e-02;1.393281e-01;1.629921e-01;6.103212e-02;7.499397e-02;2.019384e-02;1.705327e-01;1.368107e-01
2.186889e-02;3.540429e-02;7.291904e-02;3.037933e-02;3.537809e-02;1.216324e-01;2.115890e-01;5.606142e-02;7.422149e-02;1.701017e-02;1.941646e-01;1.293712e-01
1.846386e-02;3.742346e-02;6.218876e-02;1.911566e-02;4.356772e-02;1.276717e-01;2.511016e-01;5.946578e-02;6.730905e-02;1.887670e-02;1.620576e-01;1.327581e-01
2.110128e-02;3.064292e-02;5.017192e-02;2.190583e-02;4.165934e-02;1.387577e-01;2.956516e-01;6.553552e-02;5.939690e-02;2.657208e-02;1.167119e-01;1.318930e-01
1.820583e-02;3.161145e-02;5.023668e-02;1.625147e-02;2.995621e-02;1.992465e-01;3.063961e-01;6.721091e-02;4.754899e-02;2.258749e-02;8.258042e-02;1.281680e-01
1.530983e-02;3.800213e-02;4.455373e-02;1.326869e-02;1.440515e-02;2.297290e-01;2.884439e-01;8.208128e-02;7.504930e-02;2.197820e-02;4.991747e-02;1.272614e-01
2.285518e-02;4.018033e-02;2.313169e-02;1.645455e-02;2.337100e-02;2.313267e-01;2.310921e-01;8.578793e-02;9.030295e-02;3.552736e-02;8.475026e-02;1.152200e-01
3.103938e-02;4.363561e-02;4.694106e-02;1.851471e-02;3.118747e-02;2.045830e-01;1.612950e-01;7.767121e-02;9.679804e-02;5.483937e-02;1.597904e-01;7.370479e-02
3.406474e-02;4.371611e-02;5.509982e-02;1.551294e-02;2.952221e-02;1.640276e-01;1.329961e-01;9.043232e-02;1.049932e-01;4.845842e-02;2.002330e-01;8.094369e-02
3.136382e-02;3.295239e-02;5.098540e-02;2.582911e-02;2.478485e-02;1.425622e-01;1.788128e-01;9.499119e-02;9.714190e-02;3.806260e-02;1.966985e-01;8.581532e-02
2.231467e-02;4.742846e-02;6.528969e-02;2.703474e-02;3.399454e-02;1.775515e-01;2.028018e-01;8.383119e-02;8.664686e-02;4.163686e-02;1.720853e-01;3.938439e-02
4.145141e-02;4.597645e-02;6.876804e-02;2.190025e-02;3.130116e-02;1.992960e-01;1.603172e-01;9.764290e-02;9.003393e-02;5.877009e-02;1.629250e-01;2.161758e-02
6.219159e-02;5.101457e-02;5.581756e-02;3.832990e-02;4.220815e-02;1.809380e-01;1.360462e-01;8.848912e-02;8.508454e-02;7.322521e-02;1.593202e-01;2.733492e-02
7.626551e-02;6.293024e-02;5.358071e-02;6.082895e-02;4.894798e-02;1.227153e-01;1.256760e-01;8.400878e-02;1.066196e-01;8.040395e-02;1.477468e-01;3.027609e-02
6.443948e-02;4.929804e-02;7.237744e-02;4.994966e-02;5.096827e-02;1.513892e-01;1.209493e-01;1.422861e-01;1.197777e-01;6.942381e-02;7.467210e-02;3.446890e-02
1.984686e-02;4.629816e-02;7.619827e-02;4.073060e-02;2.703928e-02;1.119748e-01;2.507102e-01;1.063982e-01;8.621387e-02;3.630524e-02;1.049518e-01;9.333259e-02
1.913658e-02;3.787645e-02;5.383899e-02;5.233489e-02;1.666059e-02;8.495133e-02;3.323283e-01;8.626632e-02;4.503940e-02;2.031210e-02;1.003305e-01;1.509246e-01
1.909342e-02;2.112067e-02;4.285989e-02;5.299458e-02;1.906013e-02;8.667256e-02;3.563179e-01;8.401367e-02;2.896501e-02;2.044454e-02;7.616708e-02;1.922905e-01
1.599628e-02;1.408622e-02;5.293040e-02;4.241539e-02;2.003369e-02;1.129496e-01;2.758536e-01;5.937884e-02;3.505206e-02;2.582245e-02;1.671463e-01;1.783351e-01
1.518295e-02;1.108098e-02;8.514937e-02;2.349600e-02;1.769420e-02;1.855251e-01;1.373057e-01;3.399122e-02;6.219156e-02;1.777829e-02;2.874658e-01;1.231387e-01
2.118894e-02;8.348247e-03;1.018313e-01;1.419393e-02;1.712969e-02;2.470962e-01;7.684249e-02;2.699251e-02;6.955363e-02;1.982127e-02;3.252306e-01;7.177120e-02
1.913950e-02;1.343345e-02;1.214389e-01;1.339512e-02;2.258132e-02;2.923918e-01;7.559044e-02;1.784769e-02;7.740209e-02;3.107815e-02;2.722040e-01;4.349758e-02
8.939727e-03;2.161278e-02;1.389863e-01;1.034855e-02;3.971129e-02;3.255491e-01;9.555351e-02;1.539981e-02;8.928777e-02;2.576896e-02;2.025760e-01;2.626624e-02
1.410847e-02;1.684157e-02;1.235996e-01;1.137530e-02;4.138101e-02;3.269565e-01;1.272922e-01;1.484897e-02;9.189017e-02;2.495340e-02;1.697918e-01;3.696100e-02
2.022845e-02;1.254012e-02;1.235562e-01;1.343224e-02;3.517795e-02;3.380076e-01;1.192269e-01;1.951094e-02;6.898746e-02;3.021127e-02;1.841429e-01;3.497802e-02
3.071277e-02;1.096067e-02;1.220045e-01;9.284530e-03;1.695396e-02;3.761380e-01;8.150697e-02;2.046189e-02;4.331129e-02;3.025274e-02;2.347991e-01;2.361359e-02
3.655758e-02;1.531999e-02;9.538708e-02;1.914370e-02;1.535319e-02;3.734936e-01;6.444941e-02;2.156424e-02;3.395475e-02;2.781882e-02;2.825540e-01;1.440370e-02
2.932850e-02;1.496331e-02;6.139416e-02;3.630561e-02;1.886590e-02;3.472669e-01;5.798111e-02;3.167403e-02;3.312984e-02;3.651360e-02;3.270295e-01;5.547585e-03
2.032112e-02;5.435284e-02;3.594112e-02;4.216190e-02;3.400425e-02;2.822781e-01;7.804125e-02;4.818048e-02;2.968343e-02;4.684098e-02;3.128314e-01;1.536314e-02
1.871149e-02;1.015561e-01;4.357182e-02;6.187496e-02;6.175542e-02;1.662587e-01;7.579627e-02;6.873875e-02;3.324963e-02;1.081760e-01;2.402262e-01;2.008459e-02
2.003765e-02;1.357108e-01;3.153948e-02;5.380904e-02;8.004283e-02;1.014646e-01;4.104754e-02;8.830439e-02;3.719189e-02;1.748342e-01;2.073316e-01;2.868595e-02
1.784350e-02;1.380424e-01;2.908453e-02;4.784320e-02;9.208165e-02;1.275861e-01;2.654522e-02;9.377578e-02;4.883154e-02;2.036807e-01;1.470785e-01;2.760687e-02
1.271557e-02;1.402912e-01;3.878919e-02;4.691577e-02;1.154946e-01;1.296961e-01;2.938963e-02;9.721432e-02;5.124369e-02;2.153925e-01;8.142637e-02;4.143102e-02
1.051893e-02;1.242037e-01;3.025258e-02;6.293581e-02;1.247255e-01;9.045148e-02;2.348155e-02;9.938843e-02;6.828111e-02;2.092462e-01;1.081254e-01;4.838926e-02
1.156883e-02;9.176240e-02;7.059537e-02;8.260360e-02;1.206728e-01;7.001238e-02;2.888723e-02;1.208339e-01;1.042791e-01;1.967414e-01;5.934867e-02;4.269425e-02
2.403720e-02;6.030114e-02;6.358074e-02;8.388651e-02;1.015721e-01;1.207368e-01;5.133063e-02;1.358666e-01;1.209859e-01;1.194937e-01;7.749328e-02;4.071542e-02
3.402104e-02;5.050811e-02;5.212225e-02;5.818516e-02;9.027842e-02;1.840562e-01;5.817327e-02;1.228502e-01;9.766749e-02;5.731551e-02;1.581753e-01;3.664699e-02
3.026389e-02;4.414503e-02;7.568375e-02;3.268247e-02;7.283060e-02;1.538772e-01;3.820470e-02;1.287554e-01;1.224812e-01;7.273301e-02;2.077405e-01;2.060223e-02
2.162220e-02;5.159170e-02;8.599043e-02;2.890373e-02;8.321155e-02;6.826155e-02;5.760833e-02;1.481691e-01;1.696999e-01;1.262826e-01;1.294312e-01;2.922765e-02
1.673606e-02;6.584945e-02;6.889719e-02;3.840432e-02;8.459356e-02;6.287505e-02;6.482600e-02;9.632813e-02;1.764545e-01;1.679165e-01;1.295614e-01;2.755793e-02
1.487582e-02;7.588360e-02;3.470723e-02;2.882070e-02;6.165486e-02;5.812881e-02;7.931574e-02;8.766774e-02;1.472563e-01;1.820580e-01;1.877654e-01;4.186582e-02
2.568799e-02;9.186197e-02;2.253941e-02;1.872862e-02;2.893338e-02;6.835098e-02;5.624913e-02;8.274732e-02;1.417835e-01;2.157392e-01;2.007194e-01;4.665915e-02
2.057543e-02;9.886310e-02;3.221988e-02;1.525687e-02;1.149004e-02;8.517216e-02;3.201320e-02;7.836160e-02;1.516724e-01;2.352155e-01;1.864054e-01;5.275440e-02
1.941629e-02;9.961564e-02;4.675009e-02;1.919105e-02;3.214157e-02;1.079556e-01;3.213663e-02;7.362330e-02;1.659597e-01;2.250227e-01;1.334632e-01;4.472425e-02
1.657609e-02;9.203033e-02;3.718142e-02;3.043612e-02;4.981783e-02;1.167807e-01;2.803277e-02;1.009905e-01;1.765563e-01;2.093768e-01;1.254421e-01;1.677890e-02
1.549538e-02;1.019539e-01;2.708471e-02;2.517348e-02;4.859346e-02;1.178967e-01;2.691662e-02;1.138122e-01;1.604760e-01;2.057207e-01;1.266832e-01;3.019367e-02
1.505978e-02;9.935939e-02;3.729505e-02;2.509526e-02;3.075059e-02;1.080213e-01;5.319042e-02;1.251629e-01;1.565524e-01;1.721216e-01;1.295116e-01;4.787973e-02
2.101227e-02;8.642543e-02;3.721710e-02;1.780830e-02;2.163994e-02;1.394240e-01;8.462263e-02;9.906435e-02;1.507711e-01;1.344061e-01;1.654686e-01;4.214029e-02
1.542675e-02;6.132080e-02;6.027265e-02;1.896106e-02;4.157104e-02;2.286820e-01;6.268965e-02;8.908920e-02;1.442241e-01;9.882940e-02;1.446459e-01;3.428745e-02
1.442722e-02;6.088085e-02;8.635847e-02;2.346759e-02;6.831087e-02;2.478904e-01;3.906204e-02;8.305597e-02;1.255240e-01;9.006075e-02;1.284262e-01;3.253572e-02
1.471170e-02;4.666114e-02;7.220557e-02;2.589613e-02;6.874756e-02;1.979894e-01;3.454164e-02;8.008193e-02;1.200651e-01;1.097291e-01;1.713740e-01;5.799670e-02
2.180544e-02;3.881161e-02;7.762296e-02;2.076660e-02;4.979037e-02;1.464887e-01;7.751723e-02;6.300113e-02;1.112739e-01;1.283654e-01;2.019212e-01;6.263541e-02
2.931696e-02;4.246755e-02;8.132229e-02;2.332813e-02;5.806225e-02;1.535866e-01;7.658779e-02;5.716205e-02;9.438499e-02;1.634985e-01;1.583606e-01;6.192224e-02
4.006110e-02;1.054459e-01;1.078150e-01;1.515978e-02;6.699670e-02;1.206823e-01;3.252340e-02;6.816316e-02;1.168025e-01;1.818632e-01;8.804968e-02;5.643732e-02
4.374161e-02;9.529522e-02;1.085286e-01;2.326588e-02;7.332652e-02;4.805761e-02;2.856852e-02;5.690396e-02;1.025725e-01;1.677585e-01;1.715823e-01;8.039872e-02
3.525967e-02;7.015473e-02;1.201270e-01;2.470092e-02;7.828755e-02;1.055180e-01;3.412250e-02;5.669003e-02;6.549571e-02;1.568726e-01;1.702019e-01;8.256936e-02
4.313722e-02;8.277182e-02;9.937502e-02;3.857598e-02;5.064773e-02;1.010751e-01;9.363057e-02;6.652731e-02;3.284887e-02;1.292104e-01;1.739336e-01;8.826626e-02
2.701902e-02;6.313758e-02;4.369339e-02;3.372699e-02;4.193318e-02;1.581182e-01;2.123732e-01;8.960941e-02;5.510624e-02;8.670390e-02;7.889607e-02;1.096828e-01
2.039238e-02;4.426521e-02;3.721988e-02;2.663116e-02;3.424064e-02;1.972538e-01;3.095496e-01;7.040220e-02;5.018346e-02;5.592694e-02;4.574688e-02;1.081879e-01
1.330155e-02;3.455079e-02;3.591494e-02;1.474984e-02;2.438326e-02;2.422270e-01;3.225106e-01;4.163236e-02;4.092373e-02;3.057358e-02;1.057195e-01;9.351286e-02
1.972782e-02;2.370002e-02;3.926441e-02;8.082411e-03;3.093115e-02;3.041090e-01;2.904968e-01;3.227246e-02;4.766947e-02;1.870997e-02;1.099549e-01;7.508156e-02
2.517558e-02;2.041223e-02;3.633824e-02;1.317914e-02;2.951257e-02;3.439640e-01;2.420975e-01;2.668638e-02;5.162909e-02;2.668547e-02;1.212703e-01;6.304946e-02
2.502788e-02;2.128359e-02;3.562706e-02;1.162621e-02;3.588255e-02;3.844958e-01;1.768604e-01;3.128335e-02;4.543974e-02;3.780003e-02;1.337751e-01;6.089833e-02
3.985799e-02;2.322161e-02;3.740890e-02;1.428725e-02;4.091502e-02;4.477226e-01;9.269024e-02;2.154114e-02;3.600203e-02;4.638107e-02;1.410116e-01;5.896050e-02
4.982788e-02;3.652113e-02;3.891707e-02;2.598274e-02;2.003736e-02;4.193558e-01;8.686914e-02;3.053432e-02;4.207721e-02;7.148355e-02;1.190439e-01;5.934989e-02
4.945783e-02;4.105176e-02;5.059130e-02;3.508718e-02;6.260554e-02;2.347107e-01;1.536577e-01;5.780743e-02;5.857501e-02;8.256409e-02;1.233089e-01;5.058259e-02
4.690031e-02;6.355248e-02;5.030338e-02;3.021345e-02;8.424852e-02;1.327160e-01;1.771719e-01;6.788613e-02;7.536277e-02;9.081458e-02;1.399928e-01;4.083776e-02
2.827422e-02;6.882492e-02;3.490779e-02;2.055604e-02;7.920487e-02;2.225171e-01;1.240386e-01;6.973554e-02;8.321301e-02;7.867046e-02;1.300428e-01;6.001467e-02
2.133263e-02;6.449386e-02;3.445287e-02;3.208619e-02;9.636165e-02;1.821432e-01;1.133482e-01;8.248547e-02;1.156023e-01;6.374564e-02;1.150304e-01;7.891761e-02
2.433054e-02;5.521815e-02;3.916131e-02;3.604419e-02;8.965403e-02;1.672540e-01;1.162655e-01;8.466311e-02;1.226398e-01;6.901526e-02;1.268061e-01;6.894796e-02
1.814190e-02;4.817517e-02;2.877201e-02;2.261623e-02;9.749404e-02;2.155945e-01;1.042677e-01;7.779477e-02;1.203301e-01;9.260760e-02;1.213750e-01;5.283103e-02
1.193848e-02;5.752865e-02;3.506656e-02;3.009737e-02;1.045662e-01;1.982671e-01;7.805487e-02;7.244116e-02;1.318265e-01;1.117378e-01;1.206079e-01;4.786740e-02
1.067445e-02;4.377062e-02;3.198192e-02;4.956507e-02;1.052241e-01;1.874493e-01;7.821179e-02;9.662487e-02;1.257853e-01;9.481297e-02;1.251066e-01;5.079297e-02
1.626763e-02;6.471399e-02;3.527272e-02;4.786552e-02;1.006713e-01;2.136079e-01;8.077620e-02;8.702292e-02;1.342992e-01;7.345978e-02;1.042426e-01;4.180035e-02
2.086142e-02;8.110328e-02;2.154256e-02;2.342657e-02;9.200527e-02;2.689876e-01;7.617474e-02;6.621931e-02;1.368446e-01;1.019952e-01;8.373208e-02;2.710743e-02
1.443912e-02;1.034342e-01;2.538402e-02;1.844613e-02;8.877840e-02;2.323574e-01;8.859431e-02;8.448738e-02;1.435339e-01;1.314176e-01;4.243039e-02;2.669715e-02
9.893994e-03;1.288387e-01;3.092661e-02;1.675468e-02;8.916433e-02;8.748782e-02;9.876121e-02;1.024408e-01;1.582370e-01;1.589377e-01;8.999085e-02;2.856625e-02
1.198448e-02;1.442586e-01;1.575628e-02;1.693604e-02;7.222421e-02;1.236338e-01;7.689143e-02;1.170929e-01;1.795860e-01;1.619422e-01;5.331874e-02;2.637527e-02
2.296559e-02;1.450584e-01;1.890756e-02;1.602718e-02;4.190588e-02;1.492987e-01;4.673270e-02;1.057451e-01;1.929467e-01;1.633722e-01;6.869233e-02;2.834769e-02
2.533045e-02;1.521089e-01;3.248168e-02;2.131492e-02;2.503641e-02;9.484201e-02;3.153877e-02;1.141749e-01;2.057123e-01;1.592035e-01;1.105254e-01;2.773089e-02
1.874109e-02;1.407118e-01;3.313368e-02;2.467972e-02;4.112209e-02;9.952027e-02;4.639588e-02;1.254112e-01;2.168788e-01;1.469862e-01;8.385445e-02;2.256488e-02
1.526837e-02;1.094015e-01;2.927429e-02;1.899289e-02;5.585052e-02;1.102741e-01;6.095240e-02;1.356911e-01;2.040868e-01;1.393600e-01;8.543086e-02;3.541729e-02
2.497217e-02;8.041709e-02;2.903285e-02;2.196283e-02;5.855105e-02;1.266773e-01;5.720717e-02;1.577202e-01;2.204484e-01;1.298679e-01;5.220307e-02;4.093993e-02
2.770871e-02;5.262524e-02;1.369629e-02;2.513226e-02;6.702959e-02;2.102757e-01;4.290909e-02;1.455179e-01;1.853207e-01;8.769960e-02;9.980675e-02;4.227818e-02
2.851211e-02;4.791422e-02;3.392037e-02;3.354437e-02;9.300208e-02;1.941205e-01;1.039636e-01;1.022921e-01;1.667733e-01;8.227278e-02;7.280286e-02;4.088174e-02
3.547953e-02;3.930360e-02;5.982446e-02;5.616247e-02;1.068436e-01;1.080767e-01;1.351132e-01;1.048377e-01;1.734598e-01;9.758364e-02;5.913805e-02;2.417720e-02
3.416831e-02;4.905965e-02;7.556226e-02;5.305168e-02;7.508485e-02;1.430972e-01;1.218648e-01;8.266476e-02;1.553772e-01;9.556593e-02;9.412185e-02;2.038152e-02
2.685406e-02;4.744889e-02;5.396667e-02;2.546811e-02;3.564310e-02;2.162391e-01;1.416957e-01;8.323545e-02;1.534384e-01;1.041032e-01;6.473471e-02;4.717258e-02
2.108315e-02;7.063751e-02;5.680331e-02;1.832537e-02;4.664188e-02;2.370450e-01;1.420695e-01;6.892970e-02;1.350477e-01;1.001957e-01;5.255360e-02;5.066760e-02
2.356966e-02;6.429233e-02;5.835608e-02;3.042555e-02;7.839087e-02;1.536908e-01;1.636028e-01;7.279381e-02;1.264129e-01;1.236748e-01;6.689201e-02;3.789840e-02
2.086816e-02;4.767967e-02;5.465717e-02;1.979139e-02;8.197717e-02;1.949325e-01;1.665455e-01;7.374614e-02;1.185048e-01;1.022029e-01;6.864773e-02;5.044691e-02
2.308213e-02;5.220697e-02;2.530956e-02;1.679742e-02;6.585432e-02;2.697015e-01;1.555456e-01;7.703683e-02;1.294250e-01;8.731142e-02;4.697920e-02;5.075018e-02
2.497179e-02;6.717028e-02;2.156940e-02;2.506840e-02;5.250403e-02;1.947881e-01;1.512349e-01;1.014647e-01;1.485875e-01;9.009259e-02;7.736446e-02;4.518382e-02
1.782776e-02;8.316679e-02;4.150936e-02;2.786948e-02;3.559114e-02;1.579632e-01;1.049457e-01;1.274084e-01;1.824426e-01;1.136637e-01;5.752660e-02;5.008542e-02
3.193917e-02;1.539245e-01;1.466906e-01;2.285183e-02;1.816922e-02;2.054560e-01;2.921305e-02;1.247468e-01;1.078937e-01;1.008937e-01;2.609264e-02;3.212881e-02
5.563327e-02;1.988304e-01;1.751848e-01;2.205225e-02;1.496746e-02;1.776510e-01;2.050852e-02;1.147206e-01;8.576152e-02;6.787109e-02;2.986003e-02;3.695917e-02
8.633425e-02;2.085728e-01;1.418722e-01;1.834605e-02;1.333252e-02;1.316888e-01;3.592212e-02;1.191408e-01;1.006516e-01;5.670460e-02;3.546585e-02;5.196830e-02
1.595249e-01;2.318981e-01;1.010305e-01;1.175577e-02;1.491094e-02;7.060599e-02;5.567097e-02;1.582373e-01;1.031135e-01;3.955444e-02;1.375681e-02;3.994083e-02
1.810150e-01;2.715670e-01;1.195508e-01;7.067124e-03;1.607091e-02;4.490491e-02;1.713386e-02;1.896877e-01;7.428810e-02;2.532849e-02;2.376343e-02;2.962268e-02
1.549001e-01;3.214716e-01;1.459607e-01;8.523872e-03;1.633796e-02;1.875949e-02;1.864327e-02;1.742473e-01;6.998554e-02;2.971820e-02;2.225966e-02;1.919241e-02
1.255716e-01;3.742064e-01;1.565859e-01;9.772423e-03;1.506082e-02;2.643779e-02;2.204795e-02;1.190681e-01;8.046545e-02;4.276130e-02;1.747894e-02;1.054332e-02
9.701782e-02;3.963109e-01;1.940466e-01;9.399718e-03;1.157553e-02;3.692931e-02;3.127349e-02;6.726070e-02;8.740366e-02;4.190194e-02;2.100936e-02;5.870992e-03
7.983910e-02;4.262981e-01;2.308976e-01;1.142198e-02;8.972172e-03;3.413240e-02;2.416056e-02;3.865752e-02;9.242043e-02;2.742421e-02;1.891745e-02;6.858456e-03
6.265715e-02;4.317310e-01;2.548469e-01;1.306626e-02;1.245319e-02;2.816292e-02;1.595685e-02;3.841888e-02;9.295874e-02;2.477391e-02;1.689547e-02;8.078689e-03
5.797544e-02;3.955831e-01;2.613049e-01;1.953468e-02;1.782964e-02;2.715220e-02;1.213707e-02;7.313966e-02;8.724517e-02;1.913799e-02;1.953019e-02;9.430050e-03
8.830108e-02;3.053768e-01;2.388332e-01;2.451983e-02;3.068203e-02;4.965319e-02;3.204815e-02;1.010813e-01;7.944873e-02;2.357057e-02;1.774618e-02;8.738849e-03
1.114190e-01;2.342513e-01;1.671834e-01;4.745206e-02;4.544794e-02;9.835370e-02;4.618472e-02;1.095721e-01;7.521297e-02;3.267577e-02;1.049957e-02;2.174743e-02
8.960300e-02;1.978564e-01;1.189696e-01;6.809738e-02;5.338554e-02;1.311104e-01;7.121696e-02;8.205894e-02;9.304427e-02;4.338098e-02;2.190875e-02;2.936777e-02
8.606383e-02;1.791246e-01;1.492049e-01;6.974352e-02;3.829388e-02;8.392222e-02;8.078681e-02;9.808648e-02;1.065120e-01;5.137162e-02;3.071317e-02;2.617694e-02
9.440346e-02;1.434551e-01;1.704985e-01;5.240233e-02;4.509740e-02;9.660201e-02;3.560512e-02;1.325566e-01;9.497726e-02;4.145942e-02;5.218160e-02;4.076122e-02
8.735836e-02;1.881208e-01;2.233946e-01;2.233757e-02;5.808407e-02;8.713143e-02;2.755731e-02;9.926063e-02;5.369168e-02;4.660609e-02;7.286986e-02;3.358755e-02
7.383652e-02;2.283320e-01;2.359508e-01;2.713982e-02;5.966499e-02;6.020158e-02;5.156133e-02;7.410660e-02;5.240794e-02;5.377280e-02;5.072626e-02;3.229935e-02
7.283396e-02;2.670849e-01;2.580469e-01;3.257712e-02;4.806963e-02;5.715615e-02;5.405872e-02;7.069331e-02;4.401625e-02;3.972279e-02;3.110266e-02;2.463766e-02
8.487792e-02;2.777748e-01;2.765200e-01;3.934387e-02;4.815861e-02;5.788869e-02;2.507468e-02;7.688983e-02;3.943026e-02;3.266545e-02;2.448427e-02;1.689173e-02
8.613591e-02;2.635030e-01;2.566325e-01;4.112291e-02;4.085406e-02;5.344424e-02;2.492603e-02;9.014030e-02;4.797479e-02;4.795915e-02;1.443856e-02;3.286854e-02
6.724362e-02;2.464029e-01;1.903380e-01;6.263135e-02;3.229907e-02;6.577024e-02;3.515007e-02;1.044567e-01;7.141931e-02;5.638772e-02;2.212790e-02;4.577314e-02
7.052746e-02;2.487260e-01;1.327583e-01;6.450596e-02;3.106177e-02;9.805802e-02;3.809319e-02;1.143610e-01;9.165769e-02;4.789565e-02;3.553911e-02;2.681592e-02
8.109369e-02;2.636860e-01;1.796525e-01;2.157761e-02;2.629189e-02;1.073558e-01;1.337315e-02;1.059131e-01;1.021299e-01;4.789990e-02;2.675080e-02;2.427563e-02
6.078863e-02;2.689310e-01;2.216047e-01;2.655581e-02;1.782132e-02;8.149495e-02;1.754430e-02;8.797216e-02;1.039640e-01;6.683962e-02;2.250247e-02;2.398097e-02
5.131500e-02;2.569243e-01;2.348725e-01;2.671903e-02;2.716801e-02;7.444116e-02;3.231573e-02;7.019069e-02;1.030047e-01;8.285853e-02;2.499341e-02;1.519702e-02
5.472555e-02;2.512701e-01;2.587059e-01;2.528577e-02;2.706365e-02;5.214647e-02;4.276346e-02;6.827860e-02;8.837841e-02;9.600139e-02;2.239288e-02;1.298781e-02
5.887399e-02;2.526203e-01;2.556659e-01;2.930378e-02;2.807482e-02;4.858079e-02;3.456804e-02;8.524355e-02;7.639825e-02;9.213033e-02;1.798942e-02;2.055085e-02
1.119062e-01;2.333805e-01;1.988022e-01;1.900587e-02;3.284414e-02;5.338052e-02;1.955299e-02;1.402650e-01;9.591778e-02;4.567274e-02;2.059606e-02;2.867607e-02
1.647074e-01;2.309749e-01;1.169994e-01;1.292739e-02;5.293981e-02;3.556258e-02;9.400507e-03;2.189840e-01;7.951461e-02;2.319105e-02;2.855097e-02;2.624749e-02
1.873403e-01;2.252656e-01;8.074395e-02;8.909479e-03;7.548057e-02;2.589625e-02;1.522202e-02;2.619433e-01;3.637859e-02;2.441227e-02;3.934510e-02;1.906255e-02
